1.00603567e-2 8.70091563e-9
2.71251292e-1 1.02507675e-8
2.69590573e-1 1.56961635e-8
2.69548124e-1 2.26143553e-8
2.70568061e-1 3.55406058e-8
2.70521401e-1 5.30175187e-8
2.71540948e-1 8.62708127e-8
2.70442301e-1 1.04458786e-7
2.81405932e-1 9.91268865e-8
3.02262623e-1 9.73786331e-8
3.29207323e-1 9.73315471e-8
3.54308442e-1 9.64488201e-8
3.83601980e-1 9.55708739e-8
4.07143600e-1 9.89197223e-8
4.23614108e-1 1.13658179e-7
4.32074884e-1 1.37601499e-7
4.23550584e-1 1.60930905e-7
4.07024552e-1 1.94898486e-7
3.86510478e-1 2.36051513e-7
3.60516625e-1 3.09195236e-7
3.36278492e-1 3.84417356e-7
3.13048820e-1 4.73807679e-7
2.87974247e-1 5.73955966e-7
2.63855080e-1 7.13662259e-7
2.39841450e-1 9.02980483e-7
2.25057508e-1 1.07486534e-6
2.06210227e-1 1.30208791e-6
1.88941298e-1 1.57734450e-6
1.71743691e-1 2.04851946e-6
1.56114937e-1 2.52521186e-6
1.41346967e-1 3.05923880e-6
1.28485293e-1 3.70611736e-6
1.19613287e-1 4.26099009e-6
1.15407134e-1 4.81351153e-6
1.21039753e-1 4.89662357e-6
1.30013664e-1 4.56576036e-6
1.40760304e-1 4.72521524e-6
1.52392952e-1 5.06330344e-6
1.58557827e-1 5.81770588e-6
1.56974190e-1 7.48650786e-6
1.50247512e-1 9.63584600e-6
1.42671280e-1 1.24028061e-5
1.32025349e-1 1.56913975e-5
1.20964444e-1 2.07351682e-5
1.13054821e-1 2.64606664e-5
1.03176525e-1 3.20550750e-5
9.41585319e-2 4.16294398e-5
8.73080495e-2 4.95570640e-5
7.84212077e-2 6.43647991e-5
6.98811009e-2 8.50673187e-5
6.15339153e-2 1.10498006e-4
5.66043251e-2 1.38590926e-4
5.18632583e-2 1.73830076e-4
4.77091168e-2 2.10572378e-4
4.56665630e-2 2.46306747e-4
4.84687524e-2 2.59409321e-4
5.14409610e-2 2.98026262e-4
5.30984820e-2 3.42445829e-4
5.30937044e-2 4.21905450e-4
5.18395410e-2 5.02103366e-4
4.86424855e-2 6.46327369e-4
4.54620211e-2 8.17654426e-4
4.21528617e-2 1.06177986e-3
3.71174916e-2 1.40338916e-3
3.37382651e-2 1.92020445e-3
2.97071695e-2 2.72081403e-3
2.63663234e-2 3.85505613e-3
2.38712593e-2 5.09455146e-3
2.18718496e-2 6.38992967e-3
1.98023977e-2 8.15581658e-3
1.79998306e-2 1.07778697e-2
2.79172840e-2 1.04743112e-2
2.98119763e-2 7.72334371e-3
3.17715049e-2 5.94798658e-3
3.42651745e-2 4.74251992e-3
3.76968936e-2 3.52688865e-3
4.24670539e-2 3.52450928e-3
4.80319370e-2 3.40166799e-3
5.58563429e-2 3.45837924e-3
6.54743476e-2 3.39570451e-3
7.55377084e-2 3.45247166e-3
8.74965818e-2 3.33169141e-3
1.02970162e-1 3.32861996e-3
1.09289432e-1 3.44525637e-3
1.09308282e-1 2.30954790e-3
1.12405909e-1 1.65947902e-3
1.12423611e-1 1.15181060e-3
1.15606054e-1 8.87224680e-4
1.17911498e-1 1.15149971e-3
1.19310512e-1 1.52077699e-3
1.20729747e-1 1.87352493e-3
1.23646874e-1 1.68767661e-3
1.24617075e-1 2.26805006e-3
1.24593716e-1 3.50308830e-3
1.32242996e-1 3.44153826e-3
1.44893300e-1 3.38046125e-3
1.45545202e-1 1.01831579e-3
1.47273192e-1 1.32169801e-3
1.49614745e-1 1.71542694e-3
1.53847672e-1 1.36813403e-3
1.57582734e-1 9.49465816e-4
1.59488319e-1 7.44256941e-4
1.60016193e-1 3.49812719e-3
1.71195956e-1 3.37726887e-3
1.84614721e-1 3.37582569e-3
1.99874563e-1 3.49372322e-3
1.98397281e-1 1.03436159e-3
2.06426302e-1 1.14785311e-3
2.19961625e-1 1.25166956e-3
2.34409063e-1 1.06995604e-3
2.43926552e-1 8.83480402e-4
2.58907951e-1 8.23839525e-4
2.74780624e-1 9.79976042e-4
2.85922273e-1 9.13923848e-4
2.94002820e-1 7.81401394e-4
3.07148242e-1 6.91676706e-4
3.20845331e-1 7.94714592e-4
3.37838755e-1 8.37028018e-4
3.50135943e-1 8.22432248e-4
3.65761012e-1 8.81455549e-4
3.80560291e-1 9.95328145e-4
3.94418440e-1 9.44544763e-4
4.10417251e-1 8.50772063e-4
4.22009864e-1 7.53149631e-4
4.32158050e-1 8.80623136e-4
4.40786166e-1 1.08483702e-3
4.58603890e-1 1.33625719e-3
4.77163319e-1 1.48287310e-3
4.88714746e-1 1.20343355e-3
5.00545816e-1 9.76652894e-4
5.16751801e-1 7.92572190e-4
5.35577412e-1 7.26425721e-4
5.50610320e-1 9.59298647e-4
5.75142888e-1 1.20232412e-3
6.03200031e-1 1.28858204e-3
6.20228670e-1 1.18109273e-3
6.42824012e-1 1.08252113e-3
6.55736782e-1 1.00967076e-3
6.71505463e-1 1.18056147e-3
6.93126994e-1 1.42916300e-3
7.29870979e-1 1.35612257e-3
7.53484790e-1 1.15945353e-3
7.74790900e-1 9.57444574e-4
8.02968877e-1 1.00851307e-3
8.12520432e-1 1.24244014e-3
8.45370960e-1 1.50400436e-3
8.76168384e-1 1.37848320e-3
9.18965552e-1 1.28551305e-3
9.52479787e-1 1.08011298e-3
9.67776004e-1 9.73012635e-4
9.83185158e-1 1.19867833e-3
1.03117872e+0 1.19835480e-3
1.08569692e+0 1.55502538e-3
1.12529177e+0 1.30656246e-3
1.18503449e+0 1.04190466e-3
1.22804032e+0 1.30591601e-3
1.26757199e+0 1.60864548e-3
1.32950752e+0 1.44887687e-3
1.38332228e+0 1.58013238e-3
1.40555864e+0 1.37479800e-3
1.44524910e+0 1.23839410e-3
1.48589321e+0 1.44796455e-3
1.54614236e+0 1.35036907e-3
1.59609352e+0 1.28149970e-3
1.64095515e+0 1.55139161e-3
1.66046235e+0 1.94476587e-3
1.70718441e+0 2.19615254e-3
1.76237799e+0 1.97821147e-3
1.84117724e+0 1.75106265e-3
1.93108211e+0 1.69075458e-3
1.99985752e+0 9.62025172e-3
