-34.335229898468484 0.00013087505584452136
-33.89105846179179 0.00013279865552462227
-33.44688702511511 0.00013465749428068872
-33.00271558843842 0.00013682555615997547
-32.55854415176174 0.00013854924950324504
-32.114372715085054 0.00014058564437087598
-31.670201278408364 0.00014245505964181773
-31.226029841731677 0.00014424967202937943
-30.78185840505499 0.0001464709775788326
-30.337686968378303 0.0001486238058912764
-29.893515531701617 0.0001504961305655255
-29.44934409502493 0.00015291920345428093
-29.005172658348243 0.00015484564044784962
-28.561001221671557 0.00015668809144476283
-28.116829784994874 0.0001586620079247889
-27.672658348318187 0.00016043902221662574
-27.2284869116415 0.00016313481222636996
-26.784315474964814 0.0001646204805549619
-26.340144038288127 0.000166809495241607
-25.89597260161144 0.0001684449260258578
-25.451801164934754 0.0001703315089882847
-25.00762972825807 0.00017188271761636075
-24.563458291581384 0.000174288632463474
-24.119286854904697 0.00017514856951655333
-23.67511541822801 0.0001768657581093837
-23.230943981551324 0.00017810706008138772
-22.786772544874637 0.0001797290806339016
-22.34260110819795 0.0001797447657087016
-21.898429671521267 0.00018088130381554757
-21.45425823484458 0.00018089708944562068
-21.010086798167894 0.0001807879712502248
-20.565915361491207 0.00018067891887557083
-20.12174392481452 0.00018019618515537056
-19.677572488137834 0.0001790952073005773
-19.233401051461147 0.00017738733036369044
-18.789229614784464 0.0001748483742533296
-18.345058178107777 0.00017163304759237901
-17.90088674143109 0.0001674328622697112
-17.456715304754404 0.00016209927258069485
-17.012543868077717 0.00015542546113509967
-16.56837243140103 0.00014759240085372933
-16.124200994724344 0.00013785010106715518
-15.68002955804766 0.00012619777595917266
-15.235858121370974 0.00011230483749692314
-14.811876295452322 0.00009637178463137812
-14.468652912565794 0.00008166870307495059
-14.206187972711383 0.00006877460728449667
-14.004291865131073 0.0000583944281028436
-13.842774979066824 0.0000488359540064948
-13.701447703760607 0.00004017640782352201
-13.600499649970452 0.00003288718783306793
-13.499551596180297 0.000026531296885107648
-13.418793153148172 0.000021404354309065113
-13.284195748094625 0.000016176850479780665
-13.10921912152503 0.000012650549577295028
-13.128062758232517 0.000009628557749923651
-13.13613860253573 0.000007438406140916525
-13.095759381019676 0.00000599319183441959
-13.136138602535738 0.000005024992124196499
-13.136138602535738 0.000004251557694151616
-13.149598343041099 0.0000035618814368289104
-13.115948991777707 0.0000030020822515164886
-13.115948991777707 0.0000025400091342335745
-13.115948991777707 0.0000021490571748095752
-13.10383522532289 0.0000017935543968975303
-13.136138602535738 0.000001503789315254423
-13.136138602535738 0.000001272329762044199
-13.146233407914757 0.0000011097266757377776
-12.885787429136144 0.000017864519758709447
-12.853484051923296 0.00002293048959090363
-12.772725608891172 0.000028870093043745864
-12.691967165859047 0.000035641791876280016
-12.595057034220495 0.00004350229934836644
-12.510260669036768 0.00005279556897616917
-12.409312615246613 0.0000642351903448304
-12.288174950698426 0.00007648711485953137
-12.146847675392202 0.00009223392080833497
-11.985330789327953 0.00011150156378301108
-11.823813903263705 0.00013150677298945864
-11.642107406441426 0.0001554508850700562
-11.440211298861115 0.00018479956021169933
-11.218125580522766 0.00021929407151986062
-10.975850251426387 0.0002610782465917076
-10.733574922330014 0.0003073019732611365
-10.47110998247561 0.00036320759908631283
-10.168265821105138 0.000433316953551179
-9.84523204897664 0.000521736195614693
-9.522198276848144 0.0006216694791656565
-9.199164504719647 0.0007365352862193724
-8.876130732591143 0.0008676668446827814
-8.532907349704615 0.0010305638653394507
-8.189683966818087 0.0012201748223772911
-7.846460583931552 0.0014468075367078887
-7.503237201045025 0.0017110150614320914
-7.180203428916528 0.002007999338488778
-6.857169656788024 0.0023498276763968626
-6.534135884659527 0.002768187218826979
-6.21110211253103 0.0032579354527877175
-5.888068340402526 0.003841619507498141
-5.5852241790320605 0.0045042611712153464
-5.282380017661595 0.005301301349856253
-4.959346245533091 0.006328720661367194
-4.656502084162625 0.007516616258694352
-4.373847533550183 0.008880612692511464
-4.0911929829377485 0.010537773632829005
-3.8085384323253066 0.012572207235722232
-3.546073492470903 0.014956472798582891
-3.3037981633745304 0.01760450617403916
-3.0615228342781577 0.020879396033709155
-2.819247505181778 0.024983963899105597
-2.5971617868434365 0.029700049058398414
-2.395265679263126 0.03498691043400758
-2.1933695716828154 0.04159233740262674
-1.991473464102505 0.04989768183842579
-1.8097669672802184 0.059094941015173486
-1.64825008121597 0.06956529165655685
-1.4867331951517215 0.08251527286756198
-1.3252163090874731 0.09862238323749026
-1.1636994230232247 0.11945123290113445
-0.8608552616527518 0.1782610814122751
-0.7397175971045655 0.2094142157470053
-0.5060949583330583 0.25194904493230663
-0.2859320600669122 0.3255726400900947
-0.13979773458021327 0.41029510024816346
-0.05903929154808907 0.5074958939019608
0.0005681306899134597 0.6042345299473979
0.10247759451615934 0.7450643487622206
0.10824605473274573 1.3741356710743082
0.19708034206809089 1.8144127539113395
0.26976294079700125 2.255390161590773
0.3182180066162772 2.914396419676674
0.3989764496484014 3.9130788255326032
0.43127982686124966 5.022738617617508
0.4797348926805256 6.420862036990558
0.6825283162945226 8.49543749690195
0.6362820284043522 13.730839590339471
0.6251000901383534 10.843457265365474
0.5120382698933739 9.825213015553869
0.6129863236835362 78.76338129160749
0.6129863236835362 64.64565661835519
0.6129863236835362 54.69555613148317
0.6129863236835362 46.276950641766796
0.6129863236835362 39.15411620557275
0.6129863236835362 33.12761092896774
0.6129863236835362 28.028690523855236
0.6129863236835362 23.714583407978083
0.6129863236835362 20.064493049909217
0.6466356749469213 17.677382285378478
1.0055620884230194 7.843944771882371
1.0167785388441501 9.931007907043721
1.0369681496021883 13.925337990984097
1.0369681496021883 11.781984213298037
1.0672525657392313 5.627709505144794
1.1883902302874176 4.653445437701473
1.347888155275868 4.281065217826312
1.6426564723431198 5.328700195746043
1.7637941368913062 6.3290240047080015
1.9051214121975235 7.8525727897037445
2.2160414178712102 9.618073808352932
2.3371790824193965 10.462614755201166
2.5713785672125553 8.365637158240622
2.7328954532768037 7.137658600995404
2.773274674792866 5.977855455864804
2.833843507066959 4.741079860385012
2.874222728583021 3.64081402094437
2.966197622036276 2.81939097331004
3.0458344200262886 2.106390002737289
3.0862136415423507 1.7026724738903132
3.1366876684374247 1.40359237227843
3.177066889953487 1.1432277369621586
3.217446111469549 0.9478140888924931
3.257825332985618 0.8018848878848488
3.463759362717532 0.6178442048568633
3.6167517464617234 0.4614956925045369
3.736607530961784 0.3665608645226377
4.400557301890174 0.16865573819558505
4.6239889942790455 0.20498376616934127
4.751856529079923 0.3389813625937252
4.772046139837947 0.26968157384831526
4.883088999007121 0.22944205345091392
4.751856529079923 0.4086407095782008
5.047970820197705 0.20070624646069826
5.131421211330903 0.1671496761209752
5.413066281405435 0.1407253750342432
5.519061737885103 0.12041253698291479
5.680578623949351 0.10793125058562276
5.7209578454654135 0.08164922611103549
5.922853953045724 0.06843627199986671
6.144939671384066 0.058017343324743856
6.407404611238476 0.04846131585068181
6.710248772608942 0.04029623223630554
7.033282544737439 0.033724835895862434
7.385479087960874 0.02934455903309152
7.699539699752471 0.024340143456944595
8.08314230415506 0.02065439989940815
8.486934519315689 0.017558873235375673
8.910916345234341 0.01500646468575846
9.355087781911024 0.012883322555361683
9.799259218587714 0.0111603210479729
10.243430655264397 0.009754944754882065
10.687602091941088 0.008585634890024665
11.131773528617764 0.007624639870461243
11.575944965294454 0.006794632833776922
12.020116401971137 0.006105370469792748
12.46428783864782 0.005505005889084656
12.90845927532451 0.004980848036578868
13.352630712001194 0.00454410299504209
13.796802148677884 0.0041513842763166746
14.240973585354567 0.0037952260937181145
14.685145022031257 0.003496083475427463
15.12931645870794 0.003224971114841143
15.573487895384623 0.002989299968118335
16.017659332061314 0.002770850956856544
16.461830768737997 0.002579030745566935
16.906002205414687 0.002398832508576856
17.350173642091377 0.002245137065659773
17.79434507876806 0.002104193569713647
18.238516515444744 0.0019693759192423886
18.682687952121427 0.0018534084462124524
19.12685938879811 0.0017478875746880446
19.605641586774283 0.0016992057943658115
0.10830324909750288 1.1375835463116561
3.9891696750902668 0.20712407330998317
3.7184115523465877 0.29099326876702963
3.7184115523465877 0.2540305174694548
