m	Re[lower bound FF1]	Im[lower bound FF1]	Re[upper bound FF1]	Im[upper bound FF1]	Re[lower bound FF2]	Im[lower bound FF2]	Re[upper bound FF2]	Im[upper bound FF2] Re[central FF1] Im[central FF1] Re[central FF2] Im[central FF2]
0.	0.4999999999998723	1.6719845199566846e-14	0.5000000000001719	-5.351140316235894e-15	-0.09258499999971133	-3.728713339142181e-14	-0.0925850000001865	-6.181833273392754e-14	0.5000000000000493	3.250776689329902e-14	-0.09258500000005837	4.102926866253459e-15
0.025	0.5568892791708845	2.8732654182908946e-14	0.5602254605733652	-1.1502519132291872e-14	-0.07022496282791565	-7.057909829971939e-15	-0.09146232828692767	-6.840548179278249e-14	0.5586136047816932	1.6314616539030626e-14	-0.07614311242210821	2.069449784190052e-15
0.05	0.7284871891172213	-1.0266694500881011e-14	0.7418693501544895	4.404956255527324e-16	-0.002714078174611362	-1.1739294808194685e-14	-0.08806561857003219	4.6374889549679736e-15	0.7352654218992778	1.4119434555228426e-14	-0.026538802967813732	1.4984945197964836e-14
0.07500000000000001	1.0176152280917248	-1.1099325930054253e-14	1.0478663788312126	-1.1387635559912306e-14	-3.057554448099298e-7	-4.527493044438061e-15	0.1112550478354506	7.813413931917225e-15	1.0328727993862952	2.5413992232417794e-14	0.057231107832873884	-1.0068929548354203e-15
0.1	1.429082204573576	-3.3065266029699445e-15	1.4832171055748602	-3.5747603502461156e-15	0.00012921593017478639	5.170542655674342e-14	0.27391263283620604	1.1732987787327929e-14	1.4563031638421817	3.3342620142424516e-15	0.17684353163914568	5.601509336644963e-15
0.125	1.9698511008461508	9.659406592593754e-15	2.0551595618147736	-8.627207468938499e-15	0.02191143879891945	1.9262707370291463e-14	0.48849211033418805	1.0586976894236143e-14	2.0128073446415344	1.323808263490985e-14	0.3348034684185516	1.3283992681887135e-14
0.15000000000000002	2.6492884380456148	1.3884831724494429e-14	2.773425624325728	9.221714291312753e-15	-0.013805891027281525	-1.5980391429399872e-15	0.7593502471309135	1.4566450990919223e-15	2.7117944694362968	6.2499883825718955e-15	0.5343740010789165	4.1575342497257355e-15
0.17500000000000002	3.4795143893398115	-1.5127029147518348e-15	3.6506007684453152	-1.3259958425934498e-14	0.00013140522414629985	2.3012612903002282e-14	1.0921357692592828	-2.2352046365930175e-16	3.5656637908334137	1.3622785537008611e-14	0.7798744929061362	5.693101276947856e-15
0.2	4.4758814033008365	8.195687404057046e-15	4.702615523790221	-4.17111192982168e-15	-0.0005570931691301351	-3.351870959242085e-14	1.4940199037672852	5.139043291454976e-15	4.59001808219268	9.067049732687402e-15	1.0767705287844749	-1.1166403749175846e-14
0.225	5.657623565700952	9.106183538590671e-15	5.9494116632218255	5.084067390771934e-15	0.016775544965874134	1.0600254902920703e-13	1.9740093418459623	-9.872902950575789e-15	5.804630145098831	6.209504542136529e-15	1.4320331235354116	2.013587234886414e-14
0.25	7.048742615824166	4.322151308618177e-15	7.415850194658894	-8.97195379551032e-15	0.04923260007080382	2.2080137055373412e-14	2.543373908649567	-1.4350164585441675e-14	7.233774102384445	8.855720184415946e-16	1.854287560606095	8.021699416699532e-16
0.275	8.679238894516535	-2.827435261488535e-15	9.132971123420438	2.5996996944790576e-15	0.0891569536307803	3.196674507090204e-14	3.216242656806915	-9.236335389397634e-15	8.908033943512532	9.191076132188102e-17	2.354499610762231	1.4931018236457026e-14
0.30000000000000004	10.586880427540219	1.482489393928708e-14	11.139889836971005	3.0904791221659673e-14	0.13875772705584158	-6.609640094908364e-14	4.010465940251381	-2.3445784231962147e-14	10.865762923810076	9.035507798790628e-15	2.946579466585018	-4.266874046319102e-14
0.325	12.819902118116905	1.8325117757813178e-14	13.486777853500406	3.651267146553868e-16	0.20142600377527162	-4.3026171803514e-14	4.9489457931733885	-8.251685688468356e-15	13.156227397514144	-7.095894839357028e-15	3.648668023118755	-1.1133149980027317e-14
0.35000000000000003	15.441604119654661	1.8264009069347693e-14	16.23861584569027	2.3717330776081567e-14	0.282837533770133	-7.312862271713345e-14	6.061946785920583	-1.2960999292012473e-14	15.843466599972581	-6.5115975967596765e-15	4.48489198728302	-1.584985815065394e-15
0.375	18.540121721199874	3.25137863520423e-15	19.4859761964673	-8.633931061821875e-15	0.39407604525514217	2.1130844650064104e-14	7.392152868440103	-7.342839740853931e-15	19.01689306972715	6.186068880100312e-15	5.490264447142109	-6.6888579560139245e-15
0.4	22.262962497513247	1.0195758923220727e-14	23.37955244829441	1.1879502636572217e-14	0.5658296950074271	1.945101647076829e-14	9.013186829815607	1.8452680668028698e-14	22.825447556855806	-5.735441222036871e-14	6.728075818456764	3.8042219265305736e-14
0.42500000000000004	26.922681346092514	0.4488289841235432	28.23654431658808	0.4506834074187509	0.8936177286436641	0.2146115260075154	11.086798706430327	0.24698926142749544	27.584370153371562	0.44942525912116943	8.344844206613017	0.2401872564671026
0.45	31.727672383530972	0.9931136542037572	33.26609847977989	0.9978323255614068	0.9327425668192492	0.4629207125518815	13.16394501180458	0.5450096649521903	32.50218493523128	0.9953026208324928	9.890131254255769	0.5280693205746961
0.47500000000000003	37.46651255392046	1.4462872847409343	39.26477067939098	1.4541568151843263	0.981389666081571	0.6543117095800379	15.661451315876949	0.7906062040476112	38.37144517261191	1.449980724409634	11.753762054414107	0.7624009305457582
0.5	44.38769185574227	1.919306143690973	46.488687895982075	1.9312247366866029	1.043519790078197	0.8382299236176578	18.69131617649554	1.04352359620168	45.44423845526284	1.9249135554746297	14.022113313956808	1.0008761136585878
0.525	52.835378897375165	2.4577302036197093	55.29229296203651	2.475100833422175	1.125281555814244	1.0293368643861833	22.407420771433504	1.3265346860919225	54.07045150455384	2.465937059352862	16.814615479518256	1.2645301010399368
0.55	63.299327762376656	3.105304041489555	66.18040196232471	3.131739844676624	1.2364604602403855	1.237434193094436	27.027085362410062	1.6606258551183024	64.74706623405213	3.1186171160662517	20.300046429256582	1.5719000877830245
0.5750000000000001	76.49895887045251	3.926986393429753	79.89756231529361	3.964827566681759	1.393102152902652	1.4725239789397215	32.86776004788729	2.073389639901663	78.20839791344913	3.9460531659743885	24.726223734296223	1.9467062911453603
0.6000000000000001	93.55220660573039	5.022228404847563	97.59028968558282	5.076952629784497	1.622501895269389	1.747694394915524	40.41711571924811	2.610133010652757	95.58477711761635	5.049771324589282	30.47180642122746	2.42526252976723
0.625	116.27253368548094	6.570364509777434	121.12277471997007	6.651282594655767	1.9733020311450173	2.083013043106022	50.45202859722651	3.3418833008543363	118.71735085603943	6.611202235024251	38.14852742346637	3.070252969256403
0.65	147.82576611218946	8.926185118898356	153.74780947200932	9.050435905169298	2.537633223372465	2.5134629782267073	64.31517926603652	4.41608362073802	150.81443248841308	8.988973566244452	48.81308847820188	4.002398896612608
0.675	194.29006715299556	12.887524261784359	201.70808071591082	13.09035753717428	3.505176539536574	3.1089213207022803	84.55607063193014	6.156548235021438	198.03829351405295	12.99016394340302	64.47758143410688	5.48810084848972
0.7000000000000001	269.02994301314453	20.59970065032091	278.7258816498462	20.966442117120295	5.316793046983616	4.035803240801918	116.72400466208917	9.428109725450982	273.9308143699656	20.784829759755315	89.52834944995146	8.233575395367751
0.7250000000000001	408.32102019596596	39.69375275158272	422.04118221136196	40.493058316681946	9.214625608140844	5.811273699172927	175.76148806545547	17.301375249642977	415.27703758381045	40.101142953614655	135.80171155320664	14.730690902292706
0.75	756.2716264897322	116.21272514650323	779.5832995258216	118.85469179072095	20.185810210489066	11.074918194119991	320.72801126207526	48.35302676660157	768.1516713094304	117.58308470257965	250.0824882358029	39.94031013640752
0.775	2648.0295011342278	1691.9716779261257	2722.3282295425233	1735.141758518227	78.58417025477945	82.11875327495984	1099.0532957635517	688.7967065237642	2685.230800785924	1718.3383992553684	864.4034563702402	552.4035424229193
0.77526	2691.8145505745065	1785.2722768790802	2767.3154303703923	1830.8751342189598	79.59263096161723	85.87807296531386	1117.1179495417548	726.8041583645871	2729.924564516143	1808.9619609777178	878.6878110060272	581.3785658405809
0.782	-72.18844074522289	6033.2253930905745	-70.40771531767767	6191.90255704584	-49.25081218532501	226.4238483015458	-4.059344859959249	2464.905209801129	-71.21946696711962	6080.6591142386515	-16.785888352860894	1945.785404749253
0.8	-1413.1013430150517	329.1194872897437	-1449.4784214061792	338.1938854491532	-64.29275929372544	5.401604749215061	-556.8944227654547	139.87149870581166	-1431.5645920407628	333.60712418272215	-447.70986515781607	109.45399840813715
0.8250000000000001	-633.2840720619191	63.80602130870098	-650.3192237918399	65.4223521663407	-36.770304799869365	0.6676365169201097	-232.72466263702987	31.327003534867057	-642.4423922539888	64.69837513365773	-191.18592986119606	24.53350709452265
0.8500000000000001	-404.8526196249266	30.262113320574343	-417.1638173606267	31.09116078350115	-32.63890124681347	0.9530558345305091	-130.1405077045517	18.636389536955114	-411.37599020586515	30.71661550151228	-111.101755476899	14.854667060066477
0.875	-289.23447616027573	21.923044311248205	-299.2094643326709	22.56810540898274	-35.10020961459451	1.2797430356648256	-71.1262945635194	16.731707934486295	-294.43761832095754	22.275796939117775	-64.40883260583179	13.828088182530562
0.9	-210.07298745354228	21.17993302686364	-218.3845906353647	21.849058150432768	-13.684789733256348	18.06506812097474	-47.60907652219593	1.4420015389914518	-214.3173256845734	21.545378740800178	-24.287653205317845	16.182491456526417
0.925	-138.35699913967207	26.085064897668587	-147.012348515157	25.855450342334994	-7.35548454929839	15.123766987092047	-63.552289638678765	0.4744812668318162	-142.48632612343405	25.989056284414104	22.731945434358963	22.04204568149286
0.9500000000000001	-50.765180326267924	38.50452880461663	-61.67582071964327	38.14857087440501	-3.1340755067492925	14.70304066764486	147.53078323683584	43.65184858021549	-55.86985798634476	38.357616798720855	94.57353703600931	34.86777015903628
0.9750000000000001	84.25146051368725	72.12345344841306	102.89293397868028	75.29764629977754	-9.886025847413338	16.497851403759167	345.0020269766653	88.86143052620436	94.00453881591129	73.73766547702272	240.44675493486272	69.53223838325677
1.	541.3012637639109	255.59706039793772	586.103270203592	268.43953612916977	-6.960803055778057	27.781876588169233	1017.0287662320154	331.44101340564737	564.4661109294268	262.119698852143	739.0588067032429	252.60072881632672
1.019461	-3246.2957700282755	7327.161583970602	-3429.2076982876792	7754.652343431418	-68.50810252869782	-119.93872913821365	-3591.79219279904	11138.142126065091	-3296.7687371487746	7456.465523306912	-2670.2398758755544	8183.482415015588
1.0250000000000001	-4385.252156552157	23.43372871588995	-4650.412173524683	39.8892357024517	-31.079518738888588	-137.97537385490605	-5738.484279383941	-1.1837332760263732	-4523.538172259245	31.758584596465205	-4265.581794952048	-15.378636738759731
1.05	-936.3075400081755	8.792641741710167	-992.6757066126785	16.79298091524165	-29.848093849980824	-102.91014252991988	-1193.5491704049305	-14.447913780679464	-965.3058112931637	11.467995836940903	-902.8817133568365	-22.445645866117818
1.075	-605.1635018068748	1.9775817922281542	-643.2652524451411	4.525846903672426	-10.932735417217604	-95.21837933173464	-735.2216104584213	-24.780605260103368	-624.8457357693413	3.586812960374361	-568.0857015353315	-30.034880812192572
1.1	-486.56506997744805	-3.7899893471720008	-520.1101614156847	-1.6066884570849285	-17.092652265215975	-92.68048331544301	-575.0333863558993	-35.76040370899877	-503.36748746176005	-2.054656432401014	-454.3231239054424	-39.75027002832473
1.125	-427.53631219743943	-8.46254419253156	-460.0994917610699	-7.307136710660882	-20.075023252174983	-95.20016772777976	-498.80821568748354	-48.37350962276606	-443.368631189169	-7.227817970473988	-403.41149077091563	-52.00526333082784
1.1500000000000001	-393.8942578459346	-13.18176117125981	-427.3466537037986	-13.27738514893936	-26.7358650510243	-100.100688949736	-458.22188209648385	-63.334570971633624	-409.65160691194234	-12.527318064755995	-379.76223656280075	-67.6102780671054
1.175	-373.7502106904063	-18.19670509816145	-409.5071412410904	-19.98648113542797	-31.399911406767302	-108.337552401507	-434.82859776367206	-134.2912339270957	-390.001636332856	-18.288164743917406	-370.9154104137912	-87.70135451325622
1.2000000000000002	-361.90515717587806	-23.681441710352384	-401.48586584369747	-26.29232017557257	-36.10494080624157	-119.70721683924825	-433.24992103981396	-177.37946126869068	-379.08294079129087	-24.781329406944625	-371.1420951019831	-113.808677042007
1.225	-355.7473732533394	-29.786291074202683	-401.51607557744217	-33.642006768750335	-42.76425591053513	-134.32473265718423	-433.062564822461	-233.46212310153578	-374.20667781489726	-32.27984341915216	-376.9248310854921	-147.94353530075236
1.25	-353.85151800699737	-36.661289099479475	-408.0456057536359	-45.63597086460235	-49.85861273664103	-153.81683559369273	-452.2368430097807	-276.0809470321288	-373.8680263481683	-41.08875262515022	-385.0884693131551	-192.6274648176051
1.2750000000000001	-354.06474513954475	-48.9699620836793	-420.001121923884	-62.911424070993554	-57.34154627567104	-180.0196550550311	-520.6227050694457	-429.4410935794765	-377.13890154496625	-51.559165911679074	-391.58337437781756	-250.72984428388725
1.3	-357.0711190972943	-58.94389909134147	-435.1272589863562	-89.78708489842933	-64.76839949287377	-215.8747548499415	-550.5706245716067	-705.717774693415	-383.37095280394993	-64.08500334820263	-390.3852539059465	-324.82070648353243
1.3250000000000002	-362.5860319030898	-70.42386456999151	-443.66997617984754	-130.8536542304894	-75.85477704892017	-264.73350727965465	-374.7586358131451	-1132.4676132045563	-392.0409525306241	-79.07595056244247	-372.64555306261553	-415.60993640262046
1.35	-370.46245827101234	-83.77395239157653	-465.83467321505367	-115.37650990014318	-77.42866060260441	-337.4213062570781	238.25067244234904	-1402.1463325399752	-402.6949069095762	-96.90641248938721	-327.0140491758511	-519.1918932458209
1.375	-353.12677424841854	-168.7853041033328	-487.82494804225234	-162.00471184849997	-115.22427745079236	-367.7364731512365	842.197805112524	-1084.6830325741635	-415.00372608362466	-117.88606229801589	-242.73270905640905	-624.0381932959802
1.4000000000000001	-352.0993148386633	-162.6689142827136	-488.9016552068294	-222.2742953743034	-63.42264361160226	-384.4261147731583	247.11317723117114	-1619.8172327921961	-428.9008634673298	-142.36041041360767	-116.0214298307543	-710.9941292378056
1.41	-357.10109849303683	-163.1293753768025	-523.6633049865866	-179.50933456670214	-41.73879985206448	-388.9737130140626	622.0405509869097	-1631.2759389989983	-434.9527998693552	-153.2638712297517	-54.99654741339756	-736.0173699349294
1.425	-367.36934968966546	-167.8426222274402	-543.1621186733514	-216.58935787708725	-8.46207482029512	-393.44267390059207	1123.5205278743044	-1403.2277592037935	-444.6317548797339	-171.03027484526248	44.28734582567654	-759.7854263069487
1.4500000000000002	-387.8997593152949	-185.43166698846065	-561.0659340623573	-298.431727818055	48.40943377480665	-394.59242621217805	497.6822811536445	-1744.0302158941035	-462.4814469186752	-205.34693625237097	218.94967178449863	-759.1329258313922
1.465	-400.987432645833	-201.2374747904374	-553.646323081773	-350.6199851777927	83.10717456305296	-391.5136928212844	1188.8246918218376	-1797.0276164388213	-474.147084527224	-229.59412851149344	322.2213107656033	-735.3372380074175
1.475	-409.7686619761756	-213.87728538236726	-542.7984067301238	-379.5125972011041	106.42140441432558	-387.88096683497014	1649.681621392805	-1629.7144206337832	-482.20544348012396	-247.66756214429853	388.4548452615011	-710.8234894611905
1.5	-417.33690096571905	-271.3614225441507	-525.3169726888187	-431.50837308232695	165.28775327596782	-373.05866298959967	2327.9947525921557	-733.6154607946777	-502.4409787426994	-301.0732232290757	541.4877722665562	-623.9355365196423
1.5250000000000001	-437.89121221383016	-316.1401992799878	-587.5252403121237	-458.3083688600414	224.95023146633855	-349.16909493591794	2395.6129956766113	111.93890051094984	-520.1978078806193	-369.0263842371078	675.1645116340205	-505.96495385041885
1.55	-453.34486816148944	-376.6602138631646	-590.6532990425175	-577.0076298098794	285.0286610905921	-314.1746039943504	2242.074298040646	1045.0513511781216	-530.2490310949727	-454.8850577187204	789.4544600834204	-357.5971577439239
1.5750000000000002	-442.71178212541037	-468.7614434494856	-565.4349426619868	-723.2491766980879	343.8696544446348	-264.78626912791225	2174.6769615592843	1723.4799652059116	-524.2810516078737	-560.9619492499285	879.7621457785892	-172.06289263245628
1.6	-433.21127019364195	-555.7799655658026	-490.8484563861846	-894.9790580838898	425.38456923812277	-54.839714495859205	1902.531731623466	2657.3616091800236	-489.93500465809706	-686.4973553558414	928.1503951871853	60.956657027986765
1.625	-220.87312754270684	-720.7650936406575	-514.4612343070461	-1014.534788172466	407.4622337672705	48.30517700855479	945.3444897628015	3820.0909398378703	-410.4916909841661	-823.3213168758422	893.3776433279457	341.22992079656143
1.6500000000000001	-108.92097948917583	-772.8403521504093	-260.8593058288544	-1209.9626323131681	352.73001937780424	138.89788835256488	-1238.245148532706	4259.407192167311	-269.3481795436906	-947.2590121727111	715.9830729248769	620.9981988981007
1.67	41.240253350233836	-788.6874053173249	-335.78511743872195	-1255.482210667639	274.3639547433564	196.83652627866357	-1778.8421498228806	4067.8439841915983	-113.79335338808112	-1006.9017551915227	464.01391315747526	759.542853501617
1.675	67.28423034226245	-784.4048691553692	-266.1771171853163	-1282.134740274472	256.68881243014545	201.233702115128	-2251.9113156894095	3831.1462595509824	-71.62052671368363	-1013.1952318547944	393.0949587364952	772.8101885609549
1.68	92.57390232612575	-778.5791379359948	-324.70444444013486	-1277.8855389225466	239.6357295275005	203.99325574115414	-2673.305653584345	3500.578715483088	-29.241695766505607	-1015.6855746724927	322.3795666170285	776.5530136010373
1.7000000000000002	183.88690011481458	-742.7876503981548	-30.82287016776037	-1355.0861730165345	1.6480340923287278	264.54572095220806	-3037.679535556008	3112.7875839228045	130.95702712075405	-990.5891075590907	75.2145666678195	708.7224685716883
1.72	257.1542405455009	-694.3648993660322	239.7077127101631	-1277.0659630689868	-36.239614129939405	175.28213289093677	-3580.808207498894	1274.9465544669063	259.13769914075635	-927.1176046700201	-72.47207653857146	570.5913803318039
1.725	272.6937349983748	-681.299499317707	290.387076790493	-1243.9397133233206	-30.755701517005292	159.81411138523825	-3501.8324618060615	861.6475606331387	285.4201701010904	-908.3630490424562	-93.94796472161067	534.9583890839483
1.75	402.59038927832813	-564.4616782949123	459.2882546065665	-1075.749276369882	-3.49628740819008	115.1495929875525	-2609.146937021472	-426.0168915319649	387.91352390534416	-811.0087099252569	-140.95288135205863	383.7591370855938
1.7750000000000001	422.1399241015642	-502.7935249109938	494.22814676862356	-976.0931161015556	-25.00967751452769	74.97617154801614	-1754.0558905320872	-803.1873335535018	455.22464547536725	-718.5558112674511	-139.24363256225843	285.63015740953716
1.8	438.6513247560847	-450.5383205557088	583.2282842856711	-857.4382660042538	1.2998843784958298	65.80417814653293	-1189.5809445884972	-838.0900729114433	500.59166706108317	-636.1232710249441	-126.82299658178793	225.6688835784557
1.8250000000000002	442.9355134813644	-416.0153934389182	615.9546738629061	-772.8503326360238	15.235346940365178	67.89513204869637	-835.049600242459	-775.1878912381825	532.4572618640487	-564.4671219862722	-115.51515806881171	187.64264317389788
1.85	457.18389558519533	-376.28064107001677	662.6498436855138	-680.1334444129496	19.547798056447423	71.79008154189414	-608.434527644745	-694.5234629671226	556.6648993615559	-502.9920146764052	-107.5204144106782	161.81548540909532
1.875	471.6580841721427	-341.2363971240178	697.1047870638646	-601.2043526718157	-62.56450925608285	35.00369593833398	-458.87093469416413	-620.3967048664254	577.5686612814027	-450.47690511483563	-102.54550181182935	143.08568636295317
1.9000000000000001	487.8008211045051	-309.9140865249823	726.9522971748609	-534.90287226997	-60.36042782540595	16.84299025611107	-356.75239692920366	-559.1323062354838	598.5961240274735	-405.3714018508303	-99.9855801231294	128.81204975741827
1.925	507.10468961695136	-281.1908027194384	758.0475461653956	-478.9569923989061	-54.33825380218417	19.94011399159591	-284.61842356538114	-511.43428323897075	622.671552027537	-365.92438775726754	-99.44037805116962	117.55955976013021
1.9500000000000002	531.1989531546745	-253.67318036654424	795.3765542355643	-430.59098604150677	-51.313420287256385	22.015053865178203	-231.7721395561883	-476.54951549567784	652.6139491190281	-330.1418383077303	-100.78272855661743	108.46776422644366
1.975	561.9898845854264	-225.46950224042618	843.9907895643723	-386.4853724159791	-50.4663586722491	23.224018189557945	-191.24254641566017	-453.75109733936625	691.5550716057271	-295.5325760383589	-104.15179226538149	100.92755260195335
2.	601.8205765545841	-193.7334900722908	910.0386635810722	-342.1067664183452	-51.42568162423853	23.635905488747824	-157.9352619813027	-442.9563784653983	743.4178367683062	-258.50338330159735	-109.97386518570363	94.37374722631174
2.025	653.5586454892581	-153.75475476453803	1002.0756470347461	-289.95118270285155	-54.126144884892156	23.148266540149145	-127.19024089316233	-445.12597791038473	813.462864322845	-213.03688964339582	-119.04337803354329	88.06027992265588
2.0500000000000003	720.2604328371536	-97.13750552549335	1132.7005227351028	-215.14993170905922	-58.726781347531656	21.350092255867406	-92.95315327201212	-462.64350230747164	908.63609676702	-147.72073656557052	-132.6649494466647	80.6419631370009
2.075	803.1088586075742	-8.289017647837582	1318.9627049729947	-83.81402165133488	-65.47676866548868	17.232519793396058	-44.044971692016816	-499.2341730916502	1036.0716055203566	-38.889634544708144	-152.72706248610183	69.17517774453626
2.1	893.2108912266946	140.90301082780266	1568.7809142175986	188.0664524931935	-74.19192002597006	8.645023048757816	44.99075270109497	-555.5558809201896	1191.566493933657	163.9586235299707	-180.7736176626209	46.66560127823273
2.125	946.2285877292182	389.3183326877236	1777.2466884606408	786.7803755207403	-82.35058160292152	-8.076727639906798	228.09572367242797	-598.103949699657	1305.6939739357515	551.2267451494489	-211.35454019206458	-1.988470050199255
2.15	844.2550753191744	730.2119760263571	1388.6607201046065	1742.000670445336	-81.17507017508352	-34.75453008339261	507.8182982200474	-463.00712004967477	1117.7544261652874	1132.7556230378952	-210.02522102272138	-89.29491062039291
2.164	494.149691905997	996.0266130428607	994.7254135429387	1951.4231211377312	-61.143154096047375	-62.33011239179153	552.153021849569	-345.32925152319063	777.3826954004861	1383.7560650540431	-174.72321246151697	-138.18214806080167
2.1750000000000003	301.21600760130326	1007.5934731957836	729.9308924460252	1994.3568362517315	-46.89248147167219	-66.95646367772403	553.6398110635247	-264.6010635625941	447.5403661413738	1443.1918104528468	-132.77789003982906	-160.81359774131712
2.2	-35.211105294107604	859.4173274227645	-245.208418458808	1636.3612335244625	-18.649312323426617	-62.57246667347312	449.77395156126556	18.115000056749768	-126.06754605503414	1192.7754496149323	-44.55270847374901	-153.09296061396233
2.225	-186.30781782823743	646.6717974674957	-521.0878108354374	1052.9187104524021	-2.902739123006907	-49.77828545096743	284.61867878064623	99.94338001209744	-329.63907263698974	832.4151564160119	-1.1590096429799355	-114.7128091093542
2.25	-228.14460490438006	475.2867804560739	-511.80434212376167	682.2317940636455	3.889840197156931	-37.91292195927653	180.9411291826071	100.86448884202348	-354.31934813285716	575.1417661766302	13.844422278272038	-82.33455291922917
2.275	-225.52690606790222	354.4516136725818	-444.7276971965229	467.04623442948895	6.352797162459224	-28.932631744140515	121.46672867034113	85.39837010819403	-325.6192068754161	410.81787587664434	17.67216144076435	-59.98849128586097
2.3000000000000003	-207.96905924011722	270.7679669379976	-376.9272865162139	336.59045451800944	6.943498575949844	-22.423743598042684	85.8596050399497	69.54810534279068	-286.4022893183188	304.60626932647	17.55006595342353	-44.86678822244789
2.325	-186.9217866622012	211.8564584120795	-319.40813599921665	252.72984199050103	6.760184760291303	-17.69154760098252	63.268337870615824	56.35133860739386	-249.08407947404424	233.32371934865867	16.135656338759908	-34.41438668265312
2.35	-166.52574219244434	169.32983611641788	-272.5250838687417	195.94980588275163	6.2795919658169925	-14.193260267755917	48.17675711050051	45.88921153948494	-216.6225627146643	183.58211345913583	14.40272761087176	-26.97882874487249
2.375	-148.10838842883413	137.83750478366025	-234.52047213142993	155.82827834485374	5.709135990769944	-11.556137493141044	37.65684518708403	37.67253527424538	-189.16047685128487	147.65167248229	12.70603783372864	-21.541877402748764
2.4000000000000004	-131.93256300516063	113.96457674436897	-203.54343038817495	126.47600017789709	5.138414970609501	-9.530392416539703	30.06434689613556	31.19697723722709	-166.085493624238	120.92268705530404	11.165314040097883	-17.468704626607995
2.4250000000000003	-117.87541149038793	95.4893781868597	-178.06617358244992	104.38322732086691	4.604350046444978	-7.94750122266065	24.42578099553992	26.05320073115798	-146.6690550270101	100.53903150012454	9.809176319083477	-14.35281187766084
2.45	-105.69406212065712	80.93063263666792	-156.90573061374033	87.358567708824	4.119943068448282	-6.691806639432152	20.13755066438993	21.929540660715077	-130.25240103404866	84.66420348508643	8.631482228078715	-11.926075403562743
2.475	-95.12846273460298	69.27570844640837	-139.16146000513893	73.97796991827144	3.687358422712098	-5.682332240582119	16.810283833302496	18.592826225765915	-116.2872607023551	72.07754231739473	7.61410481741176	-10.006659220613708
2.5	-85.93880493509002	59.81576406212408	-124.14768328272977	63.28382223914443	3.3040214515967734	-4.8612397975611525	14.184144944852523	15.868755251565057	-104.33070537287398	61.943212854148236	6.736186955087759	-8.468037052715035
2.5250000000000004	-77.91653861336084	52.04370144799917	-111.33886112400675	54.61296843954569	2.965501370509974	-4.186432379608072	12.080617384560368	13.626257007370146	-94.02849728100344	53.67387161269238	5.977795523828616	-7.220152312142914
2.5500000000000003	-70.88498061247186	45.58952368699319	-100.32839669966899	47.494353387246775	2.666871413285735	-3.6267349090907923	10.373924781172615	11.765912482611542	-85.09747616059329	46.84712329700807	5.321183663561043	-6.19757989280159
2.575	-64.6961721912173	40.17842305236896	-90.79847622709504	41.58589900607925	2.403332747057137	-3.1586941568737297	8.973482570627823	10.21158294696064	-77.3106262053947	41.15309707369647	4.751069999054398	-5.35194411520469
2.6	-59.226735913448195	35.60299394947471	-82.49811638122776	36.63433223781765	2.1704784867372635	-2.764412920596221	7.8127817152854675	8.90438883092284	-70.48490017651291	36.36031999427931	4.254501066424135	-4.646893046702002
2.625	-54.373823211325025	31.70442155363362	-75.2271349833906	32.448899537659145	1.9643821656897151	-2.4300567992474638	6.842150490288429	7.7983651840261645	-64.47178969634166	32.29313486157266	3.8205809620533606	-4.0547224823543715
2.6500000000000004	-50.05153575177852	28.359498017179504	-68.82436154307398	28.88373812718838	1.7816025085986684	-2.1448065844304085	6.023924889965673	6.857304714880296	-59.14994611840392	28.816288025777045	3.440166530826963	-3.5540409971994618
2.6750000000000003	-46.187906890404854	25.471499734717806	-63.15888688609338	25.825789977707533	1.6191506596363916	-1.900111254813698	5.329155179263276	6.052443582729431	-54.419589852546885	25.824333168510645	3.1055903371865305	-3.1281464621340507
2.7	-42.722412196721734	22.963671572837804	-58.123504369497105	23.186350777102714	1.47444300510424	-1.6891472545417139	4.735315701604203	5.360748895346773	-50.198112647943276	23.23408871907255	2.8104116776381067	-2.763858920871707
2.725	-39.60393871225528	20.774502464934383	-53.62974467695797	20.89505476733013	1.3452509778572868	-1.5064216272194593	4.224684070048759	4.7636393271476365	-46.41670514661241	20.979257974734747	2.5492089713120905	-2.450680987777998
2.75	-36.78913615721907	18.854252099628656	-49.604080187479326	18.895524061773628	1.2296531886293847	-1.347476988293473	3.783175689071988	4.246020340555054	-43.017680122358314	19.006476862083943	2.3174034497433174	-2.1801767207444605
2.7750000000000004	-34.24107966000546	17.16236461420959	-45.98499604101428	17.14217564931871	1.125992129535458	-1.208669605355309	3.399493479891173	3.795550067672158	-39.952421801719716	17.272432397743636	2.111117745914186	-1.945515733065906
2.8000000000000003	-31.92818393564099	15.66551997600688	-42.720709661687565	15.597846685989056	1.0328361288866224	-1.087000646742951	3.064499318281472	3.4020758843969334	-37.17972532673688	15.741678739036312	1.9270566292513673	-1.741126086514889
2.825	-29.82331947606304	14.336149764373449	-39.767380026358964	14.232006763895718	0.9489464742241296	-0.9799865657928469	2.7707437176508654	3.0571984474620635	-34.664497331039605	14.384999743385883	1.762410839983339	-1.5624327925387305
2.85	-27.903090828835765	13.151295228242232	-37.087690171262295	13.01939696278597	0.8732492788147626	-0.8855586157629866	2.5121099819334685	2.7539317456974386	-32.3766910835876	13.178140512943829	1.6147763242753863	-1.4056547596905937
2.875	-26.147245038781072	12.091720431825633	-34.71883148351793	11.738756322945	0.8048115424286946	-0.8019842748144415	2.2835421905511013	2.486436080747949	-30.290477177171663	12.100846325540532	1.4820899989215761	-1.2676502820284166
2.9000000000000004	-24.538184839561087	11.141217489136299	-32.48987223978174	10.788796276106874	0.7428208416945191	-0.7278053103944098	2.0808352816636955	2.249806883548327	-28.383549324383363	11.136099244389646	1.3625751696199155	-1.1457942776211372
2.9250000000000003	-23.060566394725523	10.286057850651845	-30.45205807143557	9.936969952488587	0.686568121055915	-0.6617885946739257	1.9004716228472531	2.0399066023522265	-26.636570785198415	10.269525775558524	1.2546973515212139	-1.0378827839563958
2.95	-21.70096552145979	9.51455564511195	-28.58478080708929	9.17089632909742	0.6354331119983041	-0.6028867738569488	1.739492725890515	1.8532300540647917	-25.03270632488995	9.48891896930121	1.1571266276570886	-0.9420560266017188
2.975	-20.44759959397083	8.816717721916639	-26.87010767131734	8.480039024828042	0.58887197018619	-0.5502066125367698	1.595397774217371	1.6867959505248755	-23.557253400892797	8.783867002661022	1.0687075727817685	-0.856738420043811
3.	-19.29009489641202	8.183961309547485	-25.292376166969223	7.855390062863166	0.5464067798313406	-0.5029833601864344	1.4660627819143857	1.538059030552654	-22.19732370591963	8.145446979863827	0.9884332318573874	-0.7805892856284273
3.0250000000000004	-18.21929122452309	7.608884799700518	-23.837858794448973	7.289214758224832	0.5076166286395981	-0.4605598755525441	1.3496757555752927	1.4048385124992766	-20.941585590186826	7.565981526900758	0.9154238720233755	-0.7124636161471655
3.0500000000000003	-17.227077138301652	7.08508056493693	-22.494484160198247	6.774844624235644	0.47213000393441995	-0.42236953455421017	1.2446843620383607	1.2852595480471292	-19.780039976501136	7.038835854494591	0.8489085411983293	-0.6513795345915984
3.075	-16.3062505376674	6.606981253350057	-21.28411885823634	6.195937537201986	0.43961830103097865	-0.3879221652322675	1.149753438329205	1.177705090003006	-18.703842644502284	6.558257394255784	0.7882102538743337	-0.596492479516856
3.1	-15.450400241667106	6.169732911728734	-20.130457412201412	5.776056004557287	0.4097902691622109	-0.35679241848075616	1.0637302990342634	1.0807761452647096	-17.70514634589712	6.119239436793357	0.7327329225733296	-0.5470734180808029
3.125	-14.653805055682119	5.769089735703993	-19.05965931251975	5.392196470875818	0.38238724896943693	-0.32861010943212143	0.9856162599341559	0.9932588129352249	-16.77697183590051	5.717410849631533	0.6819505979622653	-0.5024912030890724
3.1500000000000004	-13.851396431091995	5.553167835085821	-18.064272598405076	5.040602359906698	0.357179079534834	-0.30305216137174296	0.9145431467630384	0.9140968388445683	-15.913092704812758	5.348941543295217	0.6353979563105004	-0.4621975822650414
3.1750000000000003	-13.161821054554935	5.205552023444721	-17.137651041184135	4.717978730958811	0.33396057287845704	-0.2798358591554934	0.849753824238916	0.8423686752014137	-15.10794387144743	5.010466991724646	0.5926626287437555	-0.4257151654613801
3.2	-12.517418073491706	4.885382544316609	-16.273852497235413	4.421427027830843	0.3125484704194478	-0.25871317761162216	0.7905859845148077	0.7772682353144506	-14.356538108252334	4.699022305708272	0.5533783058439912	-0.3926270333511511
3.225	-11.914501344135825	4.590029960193346	-15.467551884345257	4.148390235588275	0.29277880967307107	-0.239465996264653	0.7364585915492087	0.7180886914311164	-13.654397424664442	4.4119882562919255	0.5172190220933107	-0.36256821468877115
3.25	-11.349744960256153	4.317161503311275	-14.713966424978683	3.8966066003498954	0.2745046409008385	-0.22190204786471823	0.6868605000334788	0.6642087886147146	-12.997490286825757	4.147043868513224	0.4838940135970646	-0.3352182935169327
3.2750000000000004	-10.820142310478179	4.064702568228396	-14.008791219244602	3.664070426124626	0.2575940429515151	-0.20585147685168612	0.6413408628983436	0.6150812466917707	-12.38218183133098	3.9021283535464035	0.4531435633617277	-0.31029542741011085
3.3000000000000003	-10.322970426272335	3.8308038481760223	-13.348143548211318	3.448998745788544	0.24192839546031367	-0.19116390670283304	0.5995010163431067	0.570222901335597	-11.8051873003305	3.675407052298083	0.4247351994031669	-0.2875510773629148
3.325	-9.855758857145558	3.6138131951804	-12.72851458177729	3.2498028877653313	0.22740087118776242	-0.17770593337989152	0.5609875905028839	0.5292062986611185	-11.263533634987622	3.46524331119491	0.39846052724722925	-0.2667656434511641
3.35	-9.416262430809528	3.412251448698582	-12.146727387765752	3.0650641389275357	0.2139151178067972	-0.16535897678284098	0.5254866408483874	0.49165250863837817	-10.75452352082364	3.2701732353959767	0.3741323327978292	-0.2477446097684195
3.375	-9.002437356409946	3.2247916101851914	-11.599900320603064	2.893512847615385	0.20138410307377833	-0.15401743398634968	0.4927186328980872	0.4572249637775727	-10.275707017684768	3.0888853715121587	0.35158224105848196	-0.23031540886309984
3.4000000000000004	-8.61242021216869	3.0502408483333134	-11.085415016945369	2.7340104260952267	0.18972910120064485	-0.14358708766370692	0.4624341428757842	0.42562416291011573	-9.82485438280797	2.920202127609107	0.3306585373257852	-0.21432460950933074
3.4250000000000003	-8.244509428133922	2.887524906935348	-10.600888348298689	2.5855338051265138	0.1788788015081379	-0.1339837309469111	0.4344101611525881	0.39658310706075267	-9.399933631986384	2.763064340451124	0.3112243452701365	-0.1996355706869181
3.45	-7.897148932659506	2.735674558456344	-10.144147782066666	2.4471619691263196	0.16876852318840382	-0.12513197638617574	0.40844690489329893	0.36986335660866543	-8.999089067247313	2.6165171400766853	0.293155934454778	-0.18612633530963096
3.475	-7.568913679770346	2.5938138046921235	-9.713209686559548	2.318064262263487	0.15933952232521872	-0.1169642219375599	0.38436506223410744	0.3452516171437157	-8.620624462458666	2.479698581654127	0.2763413542991098	-0.17368791177542658
3.5	-7.258496815358263	2.461149573808536	-9.306260185500708	2.197490206459003	0.1505383792825576	-0.10941975124504875	0.36200340329300934	0.3225567764068389	-8.262986577911393	2.351829033821226	0.2606791423805018	-0.1622227075601746
3.5250000000000004	-6.964698274525985	2.3369627026104958	-8.921638226029087	2.084760613901821	0.14231645623585648	-0.10244394906905144	0.34121670393758435	0.3016073270733632	-7.924751561002362	2.2322023328112257	0.24607724167281306	-0.1516432152249425
3.5500000000000003	-6.686414631446542	2.220600025650373	-8.55782057318523	1.97925981104234	0.13462941603346826	-0.09598761568707963	0.32187393696576155	0.28224912038251804	-7.604611653504407	2.12017752607199	0.2324519798018036	-0.14187081506183596
3.575	-6.42263004772066	2.1114674200117034	-8.21340848504001	1.8804288194698666	0.12743679477888256	-0.09000636656659718	0.3038566925564192	0.26434340412697394	-7.3013648836605896	2.0151722514257404	0.21972724724923107	-0.13283479681933028
3.6	-6.172408186127765	2.009023677306707	-7.887115857338025	1.787759362714683	0.12070162155032552	-0.08446010567486838	0.3794180775208806	-0.009705103378977691	-7.013904727692985	1.916656435310688	0.20783370834923032	-0.12447145457470546
3.625	-5.934884974479099	1.9127750934159267	-7.577758655875944	1.7007885877169033	0.11439007955148325	-0.07931256251895266	0.3585900102978678	-0.008856695655019883	-6.741211602384555	1.8241470300312115	0.19670813897553122	-0.11672332431010848
3.6500000000000004	-5.709262119491054	1.8222706824309007	-7.284245479719594	1.6190944061788477	0.10847120373815267	-0.0745308844596895	0.33913250692645913	-0.008088950923689706	-6.482344375488576	1.7372030130972804	0.18629279334416837	-0.1095384795677646
3.6750000000000003	-5.494801283614197	1.737097934668274	-7.005569119520457	1.542291374837487	0.10291661061019529	-0.07008527706457536	0.32094006983799744	-0.007393483539565189	-6.236433858541127	1.6554213961391746	0.1765348960483191	-0.10286995592588373
3.7	-5.290818848921333	1.6568790499375485	-6.740798993223999	1.4700270453186028	0.0977002564122029	-0.06594868629485373	0.30391651775409073	-0.0067628596250378275	-6.002676132445987	1.578433354533157	0.16738614717802808	-0.09667521104334822
3.725	-5.096681201760703	1.5812675868192427	-6.4890743568747355	1.4019787240428379	0.09279822046362671	-0.06209651719399098	0.2879740566241276	-0.0061904795962296555	-5.780327076124198	1.5059009938969152	0.1588023066791971	-0.09091566846057926
3.75	-4.911800480154185	1.5099454768329075	-6.249598201423273	1.3378505909508813	0.08818851075087916	-0.058506384484116	0.2730324538346662	-0.005670476382016459	-5.568696794541126	1.4375142244912538	0.15074279160425105	-0.08555629071367567
3.7750000000000004	-4.735630733066538	1.4426203592844393	-6.021631757777897	1.2773711328531077	0.08385088926999693	-0.055157891105662875	0.2590183030342888	-0.005197627078206185	-5.367145403940392	1.3729882822618982	0.1431703544588038	-0.08056523086569116
3.8000000000000003	-4.56766444685467	1.379023198474245	-5.804489542099878	1.2202908531942542	0.07976671491670705	-0.052032431271135764	0.2458643686119436	-0.004767276127184179	-5.175078611593669	1.3120612809783083	0.13605076538002583	-0.07591350126000455
3.825	-4.407429399567427	1.3189061499844132	-5.597534881757787	1.1663802251257083	0.07591880198820085	-0.049113015061419366	0.23350900031528346	-0.004375268404267426	-4.9919441102291024	1.254492168797869	0.12935254525684883	-0.07157469306708
3.85	-4.254485808424815	1.262040647078453	-5.400175869632279	1.1154278591387212	0.07229129259330826	-0.04638411198461777	0.22189560973662445	-0.004017890835667458	-4.8172278318323585	1.2000587200293993	0.12304670375489346	-0.06752471066027668
3.875	-4.108423739859737	1.2082156819526133	-5.211861700764634	1.067238860246192	0.06886954147000598	-0.04383151125324802	0.2109722014598032	-0.0036918213774541375	-4.650451155035417	1.1485559543928436	0.11710653118391753	-0.06374155518921229
3.9000000000000004	-3.9688607550415873	1.1572362597670347	-5.0320793508136905	1.0216333529072494	0.03676487243372795	-0.06834385720643739	0.20069095257806643	-0.0033940843570001503	-4.491167910794806	1.0997945483368095	0.11150739001141464	-0.060205116273307616
3.9250000000000003	-3.835439766890108	1.1089220061351674	-4.860350560544032	0.9784451546472704	0.03519338714915258	-0.0646669601176196	0.19100783508354693	-0.0031220113234465942	-4.338961954397879	1.0535995112048906	0.10622653993774984	-0.05689699539964341
3.95	-3.7078270872913777	1.0631059111268437	-4.696229094714458	0.9375205817043569	0.03369959237055341	-0.06121970076575432	0.18188227631176007	-0.002873206676355965	-4.193444592258725	1.0098088630837332	0.10124296401921168	-0.05380033672757378
3.975	-3.585710645598256	1.0196331948985873	-4.539298247356148	0.8987173720882761	0.032279186521555064	-0.057985715597474514	0.1732768532154418	-0.002645517445515885	-4.054252693841751	0.9682726030932747	0.09653723133811361	-0.05089968958808958
4.	-3.468798361578808	0.9783602818504595	-4.389168568595852	0.8619037132166361	0.03092812580660965	-0.05494995301648146	0.16515701675442718	-0.002437006682961572	-3.9210466219321143	0.9288516544131709	0.09209135759508866	-0.04818087455929873
4.025	-3.3568166578070566	0.9391538717610463	-4.245475790953498	0.8269573628361323	0.029642608260695008	-0.052098556391963674	0.1574908431333605	-0.0022459300031776107	-3.7935085657032968	0.8914169874935511	0.08788868830206567	-0.045630869844105096
4.05	-3.2495090981033483	0.9018900977040064	-4.107878935478424	0.7937648532775788	0.028419058725658003	-0.049418758558153635	0.15024880900624243	-0.002070714871243091	-3.6713407390092736	0.8558487304964801	0.08391378125220927	-0.0432377012129271
4.075	-3.1466351400547103	0.8664537617290249	-3.9760585802290453	0.7622207702608899	0.027254114718406164	-0.04689878657207503	0.14340358810437664	-0.0019099422931246877	-3.554264080554332	0.8220354818004744	0.08015231429022264	-0.04099035284959895
4.1000000000000005	-3.047968990903033	0.8327376403205445	-3.8497152754850457	0.7322270984842525	0.02614461315304734	-0.044527775640012104	0.1369298670389634	-0.0017623306088936053	-3.442016797090294	0.7898735949388149	0.07659099046149487	-0.038878679518630686
4.125	-2.95329855720204	0.8006418525501098	-3.728568091744113	0.703692627121501	0.025087577877201367	-0.04229569124871349	0.1308041782872778	-0.0016267211294976912	-3.3343531989114448	0.7592665862971452	0.0732174586833112	-0.036893332033808526
4.15	-2.862424479630179	0.7700732846291848	-3.612353288023138	0.6765324091300873	0.024080207981829964	-0.040193258647255266	0.1250047485970738	-0.0015020653919524717	-3.231042416362957	0.730124524847199	0.07002023297225811	-0.035025684301236815
4.175	-2.7751592452219396	0.7409450652642404	-3.500823089282909	0.6506672689546689	0.023119866843786318	-0.038211898921888476	0.11951136124182875	-0.0013874138372010681	-3.1318674902756314	0.7023635654036104	0.06698862949751	-0.03326777443905627
4.2	-2.6913263700582073	0.71317608682712	-3.3937445629461913	0.6260233538105122	0.022204071860713107	-0.03634367099086847	0.11430523073337012	-0.0012819057402222197	-3.036624329649783	0.6759054549399528	0.06411270101524447	-0.03161224612710361
4.2250000000000005	-2.6107596461484626	0.6866905678922248	-3.290898585500056	0.6025317242579725	0.021330484838780986	-0.03458121892075108	0.10936888875146032	-0.0011847602437825954	-2.945120885243084	0.650677125275719	0.06138318215458246	-0.03005229885198047
4.25	-2.533302446854308	0.6614176531670332	-3.1920788910801865	0.5801279802433286	0.0204969029949123	-0.032917724031227745	0.10468608018468491	-0.0010952683660774931	-2.8571762208384266	0.6266102670004627	0.05879143305831788	-0.028581638706338407
4.275	-2.4588070857546964	0.6372910472624727	-3.0970911947424233	0.5587519191908761	0.019701250536529664	-0.03134686131343253	0.1002416682959824	-0.0010127858688182025	-2.7726198673012417	0.6036410072192051	0.056329395783799294	-0.027194438846491926
4.3	-2.387134224344449	0.6142486791209479	-3.0057523838451066	0.5383472230925835	0.01894157078339896	-0.029862759737735077	0.09602154813120282	-0.0009367268864335177	-2.6912910656498763	0.581709562979374	0.05398954831838424	-0.02588529968184896
4.325	-2.3181523243975555	0.5922323942490167	-2.917889771607568	0.5188611718617598	0.018216018797763914	-0.028459966072200055	0.09201256738203625	-0.0008665582293095877	-2.6130381721292926	0.5607599566132603	0.05176486630428164	-0.024649215124556013
4.3500000000000005	-2.2517371412206897	0.5711876721937486	-2.8333404074824644	0.5002443805004051	0.017522854490640397	-0.027133411872881666	0.08820245399701034	-0.0008017942846333846	-2.537717976557564	0.5407397134880979	0.049648783162690106	-0.023481538885789296
4.375	-2.1877712543751673	0.5510633669611912	-2.75195043949206	0.48245055788138363	0.016860436173836136	-0.025878383342557505	0.08457974990727199	-0.0007419924476641817	-2.4651952373933086	0.5215996360828705	0.047635159483687635	-0.022377957511245095
4.4	-2.1261436327627066	0.5318114683062263	-2.6735745241369124	0.4654362851697981	0.016227214528933845	-0.024690493785951912	0.0811337502987179	-0.0006867490243158917	-2.395342124547197	0.5032935569730588	0.04571825034169752	-0.021334462950788734
4.425	-2.0667492312548967	0.5133868820285864	-2.5980752798966917	0.4491608121065379	0.015621726966127661	-0.023565658417436897	0.07785444791970374	-0.0006356955529750587	-2.328037785469536	0.48577813694766964	0.04389267816879637	-0.020347329326791213
4.45	-2.009488616302475	0.4957472275931673	-2.525322780711285	0.4335858695536996	0.015042592347403854	-0.022500071302039744	0.07473248196486487	-0.000588495499616008	-2.263167838300105	0.46901264746750093	0.042153404177398546	-0.01941308951250797
4.4750000000000005	-1.9542676181912326	0.47885265155646484	-2.4551940861622916	0.4186754968593798	0.014488506050109064	-0.0214901842327127	0.07175909112134894	-0.0005448412856520208	-2.200624033086948	0.45295881005196464	0.04049570659932861	-0.018528516484914367
4.5	-1.9009970078191516	0.46266565542722504	-2.3875728053725016	0.40439588273985705	0.013958235348431802	-0.02053268736653065	0.0689260704045258	-0.0005044516126592338	-2.1403038365028344	0.43758061776780655	0.03891515716673018	-0.017690604162777093
4.525	-1.849592196057071	0.44715093672039613	-2.3223486919097804	0.39071521850313023	0.01345061509174241	-0.019624491460079083	0.066225731446731	-0.0004670690522429788	-2.0821101115553597	0.4228441901132528	0.037407601653622585	-0.016896551198596444
4.55	-1.7999729539247649	0.4322752420807792	-2.2594172672234376	0.377603562550171	0.012964543660091895	-0.018762711560007125	0.06365086593515612	-0.0004324578729256058	-2.025950736194967	0.40871761435309467	0.035969139151684405	-0.016143744485897567
4.575	-1.7520631519672316	0.4180072314579619	-2.198679470359409	0.3650327151910713	0.012498979178439444	-0.01794465201876686	0.06119471192417775	-0.00040040207912288083	-1.9717383536592787	0.39517082986676155	0.03459610642037561	-0.015429746096149164
4.6000000000000005	-1.7057905173551016	0.4043173524086882	-2.140041331897884	0.3529761029036758	0.012052935972397934	-0.017167792718136336	0.05885092277356885	-0.00037070364006888776	-1.919390059397479	0.38217549749434276	0.033285060769019326	-0.014752279721977266
4.625	-1.661086407358324	0.39117772368765263	-2.0834136702350508	0.3414086712433731	0.011625481249418163	-0.016429776394385406	0.056613538487460105	-0.0003431808890178254	-1.8688271620288672	0.3697048939298127	0.032032765942183274	-0.014109219227801312
4.65	-1.61788559795653	0.3785620273642281	-2.0287118084920657	0.33030678568566796	0.011215731990409318	-0.01572839696904649	0.054476959249986155	-0.0003176670752197157	-1.8199748931886126	0.35773379457906357	0.030836176924488954	-0.013498576893677311
4.675	-1.5761260864525908	0.36644540877137877	-1.9758553104804033	0.3196481397487194	0.010822852037798161	-0.015061588798315883	0.05243592097246053	-0.00029400905308743475	-1.7727622216327912	0.34623838929812945	0.029692428564186635	-0.012918494154050499
4.7	-1.5357489070500954	0.35480438365515354	-1.9247677342852823	0.3094116698021236	0.010446049366970748	-0.014427416762257277	0.05048547268394717	-0.00027206609466449766	-1.72712161471412	0.33519618564178916	0.028598822981531782	-0.012367231893246837
4.7250000000000005	-1.4966979584405902	0.3436167519490703	-1.8753764021489372	0.2995774760213968	0.010084573528929101	-0.013824067122302493	0.048620955612422016	-0.0002517088130048929	-1.6829888581520727	0.32458593112949524	0.027552819223570606	-0.01184316226394493
4.75	-1.4589198425243493	0.3328615176484126	-1.8276121854450034	0.2901267489957415	0.009737713252816103	-0.013249839082135858	0.04683798381753104	-0.00023281818539847617	-1.6403028330414913	0.3143875257824159	0.026552022008453236	-0.011344760211975497
4.775	-1.4223637134591103	0.3225188143050878	-1.7814093036342713	0.28104170153996794	0.00940479419773641	-0.012703136992986168	0.04513242624840907	-0.00021528466655521667	-1.599005376102096	0.3045819600620057	0.025594173372465553	-0.010870596837197816
4.800000000000001	-1.3869811362957338	0.31256983570520336	-1.7367051361826615	0.2723055053007395	0.009085176844022286	-0.01218246314970236	0.043500390111280575	-0.00019900738290220356	-1.559041096170616	0.2951512424459625	0.02467714331601799	-0.010419332370458462
4.825	-1.3527259545186374	0.30299677132894726	-1.6934400465044155	0.2639022317827411	0.008778254514762465	-0.011686411128820797	0.0419382054417312	-0.00018389340007602057	-1.520357237024315	0.28607834160490325	0.02379892214741975	-0.009989710264272205
4.8500000000000005	-1.3195541658624939	0.2937827462264101	-1.6515572170685262	0.2558167974525302	0.008483451519043634	-0.011213659624191373	0.040442410785728175	-0.000169857056511953	-1.4829035043891634	0.2773471204166688	0.022957612065505204	-0.0095805510183294
4.875	-1.2874238058259106	0.28491176497381177	-1.6110024948749382	0.24803491260697458	0.008200221408931879	-0.010762966739675193	0.039009739901808574	-0.00015681935676995631	-1.4466319599432875	0.2689422897943983	0.022151420969105433	-0.009190747370698174
4.9	-1.2562948383475534	0.2763686594026565	-1.5717242465694126	0.24054303371957378	0.007928045342770543	-0.010333164701989011	0.03763710940438216	-0.00014470741888304305	-1.4114968788506492	0.26084935392749975	0.021378655443839975	-0.008819259163459357
4.925000000000001	-1.2261290531513618	0.26813903981975795	-1.5336732225230736	0.23332831900200002	0.00766643054787564	-0.009923154960002824	0.03632160727495119	-0.00013345397060069705	-1.3774546444333802	0.2530545668469249	0.020637715044421977	-0.008465109031733784
4.95	-1.196889969305052	0.2602092494593115	-1.4968024292548465	0.2263785869399629	0.007414908876179311	-0.009531903639718236	0.035060482174240355	-0.00012299688991281653	-1.3444636127924068	0.245544882160413	0.019927085943529353	-0.008127377861011946
4.9750000000000005	-1.1685427445706442	0.2525663219292395	-1.4610670096227547	0.21968227758237285	0.007173035446813703	-0.009158437326809904	0.03385113349388567	-0.00011327878570765723	-1.312484031747272	0.23830791837971782	0.019245336303661705	-0.007805201270346059
5.	-1.1410540901573087	0.24519794143328685	-1.4264241302537939	0.21322841638081003	0.006940387370033691	-0.008801839151014535	0.03269110209144097	-0.0001042466148269964	-1.281477929295333	0.23133191713085943	0.01859111097338568	-0.007497765822981682