#     mass     R_mu^F
 1.3995e+00  0.0000e+00
 1.4000e+00  1.4266e-03
 1.4005e+00  1.8410e-03
 1.4010e+00  2.2597e-03
 1.4015e+00  2.6827e-03
 1.4020e+00  3.1098e-03
 1.4025e+00  3.5409e-03
 1.4030e+00  3.9759e-03
 1.4035e+00  4.4146e-03
 1.4040e+00  4.8570e-03
 1.4045e+00  5.3029e-03
 1.4050e+00  5.7522e-03
 1.4055e+00  6.2048e-03
 1.4060e+00  6.6605e-03
 1.4065e+00  7.1192e-03
 1.4070e+00  7.5809e-03
 1.4075e+00  8.0453e-03
 1.4080e+00  8.5123e-03
 1.4085e+00  8.9819e-03
 1.4090e+00  9.4538e-03
 1.4095e+00  9.9280e-03
 1.4100e+00  1.0404e-02
 1.4105e+00  1.0883e-02
 1.4110e+00  1.1363e-02
 1.4115e+00  1.1845e-02
 1.4120e+00  1.2328e-02
 1.4125e+00  1.2813e-02
 1.4130e+00  1.3300e-02
 1.4135e+00  1.3787e-02
 1.4140e+00  1.4276e-02
 1.4145e+00  1.4765e-02
 1.4150e+00  1.5255e-02
 1.4155e+00  1.5747e-02
 1.4160e+00  1.6238e-02
 1.4165e+00  1.6730e-02
 1.4170e+00  1.7222e-02
 1.4175e+00  1.7714e-02
 1.4180e+00  1.8207e-02
 1.4185e+00  1.8699e-02
 1.4190e+00  1.9191e-02
 1.4195e+00  1.9682e-02
 1.4200e+00  2.0173e-02
 1.4205e+00  2.0663e-02
 1.4210e+00  2.1152e-02
 1.4215e+00  2.1641e-02
 1.4220e+00  2.2128e-02
 1.4225e+00  2.2614e-02
 1.4230e+00  2.3098e-02
 1.4235e+00  2.3581e-02
 1.4240e+00  2.4062e-02
 1.4245e+00  2.4541e-02
 1.4250e+00  2.5018e-02
 1.4255e+00  2.5493e-02
 1.4260e+00  2.5966e-02
 1.4265e+00  2.6437e-02
 1.4270e+00  2.6904e-02
 1.4275e+00  2.7369e-02
 1.4280e+00  2.7832e-02
 1.4285e+00  2.8291e-02
 1.4290e+00  2.8747e-02
 1.4295e+00  2.9199e-02
 1.4300e+00  2.9648e-02
 1.4305e+00  3.0094e-02
 1.4310e+00  3.0535e-02
 1.4315e+00  3.0973e-02
 1.4320e+00  3.1407e-02
 1.4325e+00  3.1836e-02
 1.4330e+00  3.2261e-02
 1.4335e+00  3.2681e-02
 1.4340e+00  3.3097e-02
 1.4345e+00  3.3508e-02
 1.4350e+00  3.3914e-02
 1.4355e+00  3.4314e-02
 1.4360e+00  3.4710e-02
 1.4365e+00  3.5099e-02
 1.4370e+00  3.5484e-02
 1.4375e+00  3.5862e-02
 1.4380e+00  3.6234e-02
 1.4385e+00  3.6601e-02
 1.4390e+00  3.6960e-02
 1.4395e+00  3.7314e-02
 1.4400e+00  3.7661e-02
 1.4405e+00  3.8001e-02
 1.4410e+00  3.8334e-02
 1.4415e+00  3.8660e-02
 1.4420e+00  3.8979e-02
 1.4425e+00  3.9291e-02
 1.4430e+00  3.9594e-02
 1.4435e+00  3.9891e-02
 1.4440e+00  4.0179e-02
 1.4445e+00  4.0459e-02
 1.4450e+00  4.0731e-02
 1.4455e+00  4.0994e-02
 1.4460e+00  4.1249e-02
 1.4465e+00  4.1495e-02
 1.4470e+00  4.1732e-02
 1.4475e+00  4.1960e-02
 1.4480e+00  4.2179e-02
 1.4485e+00  4.2389e-02
 1.4490e+00  4.2589e-02
 1.4495e+00  4.2779e-02
 1.4500e+00  4.2959e-02
 1.4505e+00  4.3129e-02
 1.4510e+00  4.3290e-02
 1.4515e+00  4.3440e-02
 1.4520e+00  4.3581e-02
 1.4525e+00  4.3713e-02
 1.4530e+00  4.3836e-02
 1.4535e+00  4.3950e-02
 1.4540e+00  4.4055e-02
 1.4545e+00  4.4151e-02
 1.4550e+00  4.4239e-02
 1.4555e+00  4.4319e-02
 1.4560e+00  4.4392e-02
 1.4565e+00  4.4456e-02
 1.4570e+00  4.4513e-02
 1.4575e+00  4.4563e-02
 1.4580e+00  4.4606e-02
 1.4585e+00  4.4642e-02
 1.4590e+00  4.4671e-02
 1.4595e+00  4.4694e-02
 1.4600e+00  4.4711e-02
 1.4605e+00  4.4721e-02
 1.4610e+00  4.4726e-02
 1.4615e+00  4.4725e-02
 1.4620e+00  4.4719e-02
 1.4625e+00  4.4708e-02
 1.4630e+00  4.4692e-02
 1.4635e+00  4.4671e-02
 1.4640e+00  4.4645e-02
 1.4645e+00  4.4616e-02
 1.4650e+00  4.4582e-02
 1.4655e+00  4.4544e-02
 1.4660e+00  4.4503e-02
 1.4665e+00  4.4458e-02
 1.4670e+00  4.4410e-02
 1.4675e+00  4.4360e-02
 1.4680e+00  4.4306e-02
 1.4685e+00  4.4250e-02
 1.4690e+00  4.4192e-02
 1.4695e+00  4.4131e-02
 1.4700e+00  4.4069e-02
 1.4705e+00  4.4006e-02
 1.4710e+00  4.3941e-02
 1.4715e+00  4.3874e-02
 1.4720e+00  4.3807e-02
 1.4725e+00  4.3739e-02
 1.4730e+00  4.3671e-02
 1.4735e+00  4.3602e-02
 1.4740e+00  4.3534e-02
 1.4745e+00  4.3466e-02
 1.4750e+00  4.3398e-02
 1.4755e+00  4.3331e-02
 1.4760e+00  4.3265e-02
 1.4765e+00  4.3200e-02
 1.4770e+00  4.3137e-02
 1.4775e+00  4.3075e-02
 1.4780e+00  4.3015e-02
 1.4785e+00  4.2958e-02
 1.4790e+00  4.2903e-02
 1.4795e+00  4.2850e-02
 1.4800e+00  4.2801e-02
 1.4805e+00  4.2754e-02
 1.4810e+00  4.2711e-02
 1.4815e+00  4.2672e-02
 1.4820e+00  4.2636e-02
 1.4825e+00  4.2604e-02
 1.4830e+00  4.2577e-02
 1.4835e+00  4.2555e-02
 1.4840e+00  4.2537e-02
 1.4845e+00  4.2525e-02
 1.4850e+00  4.2518e-02
 1.4855e+00  4.2516e-02
 1.4860e+00  4.2520e-02
 1.4865e+00  4.2531e-02
 1.4870e+00  4.2548e-02
 1.4875e+00  4.2571e-02
 1.4880e+00  4.2602e-02
 1.4885e+00  4.2639e-02
 1.4890e+00  4.2684e-02
 1.4895e+00  4.2736e-02
 1.4900e+00  4.2797e-02
 1.4905e+00  4.2866e-02
 1.4910e+00  4.2943e-02
 1.4915e+00  4.3028e-02
 1.4920e+00  4.3123e-02
 1.4925e+00  4.3227e-02
 1.4930e+00  4.3341e-02
 1.4935e+00  4.3464e-02
 1.4940e+00  4.3597e-02
 1.4945e+00  4.3741e-02
 1.4950e+00  4.3895e-02
 1.4955e+00  4.4059e-02
 1.4960e+00  4.4235e-02
 1.4965e+00  4.4422e-02
 1.4970e+00  4.4621e-02
 1.4975e+00  4.4832e-02
 1.4980e+00  4.5055e-02
 1.4985e+00  4.5290e-02
 1.4990e+00  4.5538e-02
 1.4995e+00  4.5799e-02
 1.5000e+00  4.6073e-02
 1.5005e+00  4.6361e-02
 1.5010e+00  4.6662e-02
 1.5015e+00  4.6976e-02
 1.5020e+00  4.7303e-02
 1.5025e+00  4.7644e-02
 1.5030e+00  4.7998e-02
 1.5035e+00  4.8364e-02
 1.5040e+00  4.8743e-02
 1.5045e+00  4.9135e-02
 1.5050e+00  4.9540e-02
 1.5055e+00  4.9956e-02
 1.5060e+00  5.0386e-02
 1.5065e+00  5.0827e-02
 1.5070e+00  5.1281e-02
 1.5075e+00  5.1746e-02
 1.5080e+00  5.2223e-02
 1.5085e+00  5.2713e-02
 1.5090e+00  5.3214e-02
 1.5095e+00  5.3726e-02
 1.5100e+00  5.4250e-02
 1.5105e+00  5.4785e-02
 1.5110e+00  5.5332e-02
 1.5115e+00  5.5889e-02
 1.5120e+00  5.6458e-02
 1.5125e+00  5.7037e-02
 1.5130e+00  5.7627e-02
 1.5135e+00  5.8228e-02
 1.5140e+00  5.8840e-02
 1.5145e+00  5.9461e-02
 1.5150e+00  6.0093e-02
 1.5155e+00  6.0736e-02
 1.5160e+00  6.1388e-02
 1.5165e+00  6.2050e-02
 1.5170e+00  6.2722e-02
 1.5175e+00  6.3404e-02
 1.5180e+00  6.4096e-02
 1.5185e+00  6.4796e-02
 1.5190e+00  6.5507e-02
 1.5195e+00  6.6226e-02
 1.5200e+00  6.6955e-02
 1.5205e+00  6.7692e-02
 1.5210e+00  6.8439e-02
 1.5215e+00  6.9194e-02
 1.5220e+00  6.9957e-02
 1.5225e+00  7.0730e-02
 1.5230e+00  7.1510e-02
 1.5235e+00  7.2299e-02
 1.5240e+00  7.3096e-02
 1.5245e+00  7.3901e-02
 1.5250e+00  7.4714e-02
 1.5255e+00  7.5535e-02
 1.5260e+00  7.6363e-02
 1.5265e+00  7.7198e-02
 1.5270e+00  7.8041e-02
 1.5275e+00  7.8892e-02
 1.5280e+00  7.9749e-02
 1.5285e+00  8.0614e-02
 1.5290e+00  8.1485e-02
 1.5295e+00  8.2363e-02
 1.5300e+00  8.3247e-02
 1.5305e+00  8.4138e-02
 1.5310e+00  8.5036e-02
 1.5315e+00  8.5939e-02
 1.5320e+00  8.6849e-02
 1.5325e+00  8.7764e-02
 1.5330e+00  8.8686e-02
 1.5335e+00  8.9613e-02
 1.5340e+00  9.0545e-02
 1.5345e+00  9.1483e-02
 1.5350e+00  9.2427e-02
 1.5355e+00  9.3375e-02
 1.5360e+00  9.4328e-02
 1.5365e+00  9.5287e-02
 1.5370e+00  9.6250e-02
 1.5375e+00  9.7217e-02
 1.5380e+00  9.8189e-02
 1.5385e+00  9.9166e-02
 1.5390e+00  1.0015e-01
 1.5395e+00  1.0113e-01
 1.5400e+00  1.0212e-01
 1.5405e+00  1.0311e-01
 1.5410e+00  1.0411e-01
 1.5415e+00  1.0511e-01
 1.5420e+00  1.0611e-01
 1.5425e+00  1.0712e-01
 1.5430e+00  1.0813e-01
 1.5435e+00  1.0914e-01
 1.5440e+00  1.1015e-01
 1.5445e+00  1.1117e-01
 1.5450e+00  1.1219e-01
 1.5455e+00  1.1321e-01
 1.5460e+00  1.1424e-01
 1.5465e+00  1.1526e-01
 1.5470e+00  1.1629e-01
 1.5475e+00  1.1732e-01
 1.5480e+00  1.1836e-01
 1.5485e+00  1.1939e-01
 1.5490e+00  1.2042e-01
 1.5495e+00  1.2146e-01
 1.5500e+00  1.2250e-01
 1.5505e+00  1.2354e-01
 1.5510e+00  1.2458e-01
 1.5515e+00  1.2562e-01
 1.5520e+00  1.2665e-01
 1.5525e+00  1.2770e-01
 1.5530e+00  1.2874e-01
 1.5535e+00  1.2978e-01
 1.5540e+00  1.3082e-01
 1.5545e+00  1.3187e-01
 1.5550e+00  1.3291e-01
 1.5555e+00  1.3395e-01
 1.5560e+00  1.3499e-01
 1.5565e+00  1.3603e-01
 1.5570e+00  1.3708e-01
 1.5575e+00  1.3812e-01
 1.5580e+00  1.3916e-01
 1.5585e+00  1.4020e-01
 1.5590e+00  1.4124e-01
 1.5595e+00  1.4228e-01
 1.5600e+00  1.4332e-01
 1.5605e+00  1.4436e-01
 1.5610e+00  1.4540e-01
 1.5615e+00  1.4643e-01
 1.5620e+00  1.4747e-01
 1.5625e+00  1.4850e-01
 1.5630e+00  1.4953e-01
 1.5635e+00  1.5056e-01
 1.5640e+00  1.5159e-01
 1.5645e+00  1.5262e-01
 1.5650e+00  1.5365e-01
 1.5655e+00  1.5467e-01
 1.5660e+00  1.5569e-01
 1.5665e+00  1.5671e-01
 1.5670e+00  1.5773e-01
 1.5675e+00  1.5874e-01
 1.5680e+00  1.5976e-01
 1.5685e+00  1.6077e-01
 1.5690e+00  1.6178e-01
 1.5695e+00  1.6278e-01
 1.5700e+00  1.6378e-01
 1.5705e+00  1.6478e-01
 1.5710e+00  1.6578e-01
 1.5715e+00  1.6678e-01
 1.5720e+00  1.6777e-01
 1.5725e+00  1.6876e-01
 1.5730e+00  1.6974e-01
 1.5735e+00  1.7072e-01
 1.5740e+00  1.7170e-01
 1.5745e+00  1.7267e-01
 1.5750e+00  1.7364e-01
 1.5755e+00  1.7461e-01
 1.5760e+00  1.7557e-01
 1.5765e+00  1.7653e-01
 1.5770e+00  1.7749e-01
 1.5775e+00  1.7844e-01
 1.5780e+00  1.7938e-01
 1.5785e+00  1.8033e-01
 1.5790e+00  1.8127e-01
 1.5795e+00  1.8220e-01
 1.5800e+00  1.8313e-01
 1.5805e+00  1.8405e-01
 1.5810e+00  1.8497e-01
 1.5815e+00  1.8588e-01
 1.5820e+00  1.8679e-01
 1.5825e+00  1.8769e-01
 1.5830e+00  1.8859e-01
 1.5835e+00  1.8948e-01
 1.5840e+00  1.9037e-01
 1.5845e+00  1.9125e-01
 1.5850e+00  1.9213e-01
 1.5855e+00  1.9300e-01
 1.5860e+00  1.9386e-01
 1.5865e+00  1.9472e-01
 1.5870e+00  1.9557e-01
 1.5875e+00  1.9642e-01
 1.5880e+00  1.9726e-01
 1.5885e+00  1.9809e-01
 1.5890e+00  1.9891e-01
 1.5895e+00  1.9973e-01
 1.5900e+00  2.0055e-01
 1.5905e+00  2.0135e-01
 1.5910e+00  2.0215e-01
 1.5915e+00  2.0294e-01
 1.5920e+00  2.0373e-01
 1.5925e+00  2.0450e-01
 1.5930e+00  2.0527e-01
 1.5935e+00  2.0604e-01
 1.5940e+00  2.0679e-01
 1.5945e+00  2.0754e-01
 1.5950e+00  2.0828e-01
 1.5955e+00  2.0901e-01
 1.5960e+00  2.0973e-01
 1.5965e+00  2.1044e-01
 1.5970e+00  2.1115e-01
 1.5975e+00  2.1185e-01
 1.5980e+00  2.1254e-01
 1.5985e+00  2.1322e-01
 1.5990e+00  2.1389e-01
 1.5995e+00  2.1456e-01
 1.6000e+00  2.1521e-01
 1.6005e+00  2.1586e-01
 1.6010e+00  2.1649e-01
 1.6015e+00  2.1712e-01
 1.6020e+00  2.1774e-01
 1.6025e+00  2.1835e-01
 1.6030e+00  2.1896e-01
 1.6035e+00  2.1955e-01
 1.6040e+00  2.2014e-01
 1.6045e+00  2.2071e-01
 1.6050e+00  2.2129e-01
 1.6055e+00  2.2185e-01
 1.6060e+00  2.2240e-01
 1.6065e+00  2.2295e-01
 1.6070e+00  2.2349e-01
 1.6075e+00  2.2403e-01
 1.6080e+00  2.2455e-01
 1.6085e+00  2.2507e-01
 1.6090e+00  2.2558e-01
 1.6095e+00  2.2609e-01
 1.6100e+00  2.2659e-01
 1.6105e+00  2.2708e-01
 1.6110e+00  2.2757e-01
 1.6115e+00  2.2805e-01
 1.6120e+00  2.2853e-01
 1.6125e+00  2.2899e-01
 1.6130e+00  2.2946e-01
 1.6135e+00  2.2992e-01
 1.6140e+00  2.3037e-01
 1.6145e+00  2.3082e-01
 1.6150e+00  2.3126e-01
 1.6155e+00  2.3170e-01
 1.6160e+00  2.3213e-01
 1.6165e+00  2.3256e-01
 1.6170e+00  2.3298e-01
 1.6175e+00  2.3340e-01
 1.6180e+00  2.3381e-01
 1.6185e+00  2.3423e-01
 1.6190e+00  2.3463e-01
 1.6195e+00  2.3504e-01
 1.6200e+00  2.3544e-01
 1.6205e+00  2.3583e-01
 1.6210e+00  2.3622e-01
 1.6215e+00  2.3661e-01
 1.6220e+00  2.3700e-01
 1.6225e+00  2.3738e-01
 1.6230e+00  2.3777e-01
 1.6235e+00  2.3814e-01
 1.6240e+00  2.3852e-01
 1.6245e+00  2.3889e-01
 1.6250e+00  2.3926e-01
 1.6255e+00  2.3963e-01
 1.6260e+00  2.4000e-01
 1.6265e+00  2.4036e-01
 1.6270e+00  2.4073e-01
 1.6275e+00  2.4109e-01
 1.6280e+00  2.4145e-01
 1.6285e+00  2.4181e-01
 1.6290e+00  2.4217e-01
 1.6295e+00  2.4253e-01
 1.6300e+00  2.4289e-01
 1.6305e+00  2.4325e-01
 1.6310e+00  2.4360e-01
 1.6315e+00  2.4396e-01
 1.6320e+00  2.4432e-01
 1.6325e+00  2.4467e-01
 1.6330e+00  2.4503e-01
 1.6335e+00  2.4539e-01
 1.6340e+00  2.4574e-01
 1.6345e+00  2.4610e-01
 1.6350e+00  2.4646e-01
 1.6355e+00  2.4682e-01
 1.6360e+00  2.4718e-01
 1.6365e+00  2.4755e-01
 1.6370e+00  2.4791e-01
 1.6375e+00  2.4828e-01
 1.6380e+00  2.4865e-01
 1.6385e+00  2.4901e-01
 1.6390e+00  2.4939e-01
 1.6395e+00  2.4976e-01
 1.6400e+00  2.5014e-01
 1.6405e+00  2.5052e-01
 1.6410e+00  2.5090e-01
 1.6415e+00  2.5128e-01
 1.6420e+00  2.5167e-01
 1.6425e+00  2.5206e-01
 1.6430e+00  2.5246e-01
 1.6435e+00  2.5285e-01
 1.6440e+00  2.5326e-01
 1.6445e+00  2.5366e-01
 1.6450e+00  2.5407e-01
 1.6455e+00  2.5449e-01
 1.6460e+00  2.5491e-01
 1.6465e+00  2.5533e-01
 1.6470e+00  2.5576e-01
 1.6475e+00  2.5619e-01
 1.6480e+00  2.5663e-01
 1.6485e+00  2.5707e-01
 1.6490e+00  2.5751e-01
 1.6495e+00  2.5797e-01
 1.6500e+00  2.5843e-01
 1.6505e+00  2.5889e-01
 1.6510e+00  2.5936e-01
 1.6515e+00  2.5984e-01
 1.6520e+00  2.6032e-01
 1.6525e+00  2.6080e-01
 1.6530e+00  2.6129e-01
 1.6535e+00  2.6179e-01
 1.6540e+00  2.6228e-01
 1.6545e+00  2.6278e-01
 1.6550e+00  2.6329e-01
 1.6555e+00  2.6380e-01
 1.6560e+00  2.6430e-01
 1.6565e+00  2.6482e-01
 1.6570e+00  2.6533e-01
 1.6575e+00  2.6584e-01
 1.6580e+00  2.6636e-01
 1.6585e+00  2.6688e-01
 1.6590e+00  2.6740e-01
 1.6595e+00  2.6792e-01
 1.6600e+00  2.6843e-01
 1.6605e+00  2.6895e-01
 1.6610e+00  2.6947e-01
 1.6615e+00  2.6999e-01
 1.6620e+00  2.7050e-01
 1.6625e+00  2.7102e-01
 1.6630e+00  2.7153e-01
 1.6635e+00  2.7204e-01
 1.6640e+00  2.7255e-01
 1.6645e+00  2.7305e-01
 1.6650e+00  2.7356e-01
 1.6655e+00  2.7406e-01
 1.6660e+00  2.7455e-01
 1.6665e+00  2.7504e-01
 1.6670e+00  2.7553e-01
 1.6675e+00  2.7602e-01
 1.6680e+00  2.7649e-01
 1.6685e+00  2.7697e-01
 1.6690e+00  2.7743e-01
 1.6695e+00  2.7790e-01
 1.6700e+00  2.7835e-01
 1.6705e+00  2.7880e-01
 1.6710e+00  2.7924e-01
 1.6715e+00  2.7968e-01
 1.6720e+00  2.8010e-01
 1.6725e+00  2.8052e-01
 1.6730e+00  2.8093e-01
 1.6735e+00  2.8134e-01
 1.6740e+00  2.8173e-01
 1.6745e+00  2.8212e-01
 1.6750e+00  2.8249e-01
 1.6755e+00  2.8286e-01
 1.6760e+00  2.8322e-01
 1.6765e+00  2.8356e-01
 1.6770e+00  2.8390e-01
 1.6775e+00  2.8422e-01
 1.6780e+00  2.8453e-01
 1.6785e+00  2.8484e-01
 1.6790e+00  2.8513e-01
 1.6795e+00  2.8540e-01
 1.6800e+00  2.8567e-01
 1.6805e+00  2.8592e-01
 1.6810e+00  2.8616e-01
 1.6815e+00  2.8638e-01
 1.6820e+00  2.8659e-01
 1.6825e+00  2.8679e-01
 1.6830e+00  2.8697e-01
 1.6835e+00  2.8713e-01
 1.6840e+00  2.8729e-01
 1.6845e+00  2.8742e-01
 1.6850e+00  2.8754e-01
 1.6855e+00  2.8764e-01
 1.6860e+00  2.8773e-01
 1.6865e+00  2.8780e-01
 1.6870e+00  2.8785e-01
 1.6875e+00  2.8788e-01
 1.6880e+00  2.8790e-01
 1.6885e+00  2.8790e-01
 1.6890e+00  2.8788e-01
 1.6895e+00  2.8784e-01
 1.6900e+00  2.8778e-01
 1.6905e+00  2.8770e-01
 1.6910e+00  2.8760e-01
 1.6915e+00  2.8748e-01
 1.6920e+00  2.8734e-01
 1.6925e+00  2.8718e-01
 1.6930e+00  2.8700e-01
 1.6935e+00  2.8679e-01
 1.6940e+00  2.8656e-01
 1.6945e+00  2.8631e-01
 1.6950e+00  2.8604e-01
 1.6955e+00  2.8575e-01
 1.6960e+00  2.8543e-01
 1.6965e+00  2.8508e-01
 1.6970e+00  2.8472e-01
 1.6975e+00  2.8433e-01
 1.6980e+00  2.8391e-01
 1.6985e+00  2.8347e-01
 1.6990e+00  2.8300e-01
 1.6995e+00  2.8251e-01
 1.7000e+00  2.8199e-01
 1.7005e+00  2.8144e-01
 1.7010e+00  2.8087e-01
 1.7015e+00  2.8027e-01
 1.7020e+00  2.7965e-01
 1.7025e+00  2.7900e-01
 1.7030e+00  2.7832e-01
 1.7035e+00  2.7762e-01
 1.7040e+00  2.7690e-01
 1.7045e+00  2.7616e-01
 1.7050e+00  2.7539e-01
 1.7055e+00  2.7460e-01
 1.7060e+00  2.7378e-01
 1.7065e+00  2.7295e-01
 1.7070e+00  2.7209e-01
 1.7075e+00  2.7121e-01
 1.7080e+00  2.7031e-01
 1.7085e+00  2.6940e-01
 1.7090e+00  2.6846e-01
 1.7095e+00  2.6750e-01
 1.7100e+00  2.6652e-01
 1.7105e+00  2.6553e-01
 1.7110e+00  2.6451e-01
 1.7115e+00  2.6348e-01
 1.7120e+00  2.6243e-01
 1.7125e+00  2.6137e-01
 1.7130e+00  2.6029e-01
 1.7135e+00  2.5919e-01
 1.7140e+00  2.5807e-01
 1.7145e+00  2.5695e-01
 1.7150e+00  2.5580e-01
 1.7155e+00  2.5465e-01
 1.7160e+00  2.5347e-01
 1.7165e+00  2.5229e-01
 1.7170e+00  2.5109e-01
 1.7175e+00  2.4988e-01
 1.7180e+00  2.4865e-01
 1.7185e+00  2.4742e-01
 1.7190e+00  2.4617e-01
 1.7195e+00  2.4491e-01
 1.7200e+00  2.4365e-01
 1.7205e+00  2.4237e-01
 1.7210e+00  2.4108e-01
 1.7215e+00  2.3978e-01
 1.7220e+00  2.3848e-01
 1.7225e+00  2.3716e-01
 1.7230e+00  2.3584e-01
 1.7235e+00  2.3451e-01
 1.7240e+00  2.3318e-01
 1.7245e+00  2.3183e-01
 1.7250e+00  2.3048e-01
 1.7255e+00  2.2913e-01
 1.7260e+00  2.2777e-01
 1.7265e+00  2.2640e-01
 1.7270e+00  2.2503e-01
 1.7275e+00  2.2366e-01
 1.7280e+00  2.2228e-01
 1.7285e+00  2.2090e-01
 1.7290e+00  2.1952e-01
 1.7295e+00  2.1813e-01
 1.7300e+00  2.1675e-01
 1.7305e+00  2.1536e-01
 1.7310e+00  2.1397e-01
 1.7315e+00  2.1258e-01
 1.7320e+00  2.1119e-01
 1.7325e+00  2.0980e-01
 1.7330e+00  2.0842e-01
 1.7335e+00  2.0703e-01
 1.7340e+00  2.0564e-01
 1.7345e+00  2.0426e-01
 1.7350e+00  2.0288e-01
 1.7355e+00  2.0151e-01
 1.7360e+00  2.0013e-01
 1.7365e+00  1.9876e-01
 1.7370e+00  1.9740e-01
 1.7375e+00  1.9604e-01
 1.7380e+00  1.9469e-01
 1.7385e+00  1.9334e-01
 1.7390e+00  1.9200e-01
 1.7395e+00  1.9067e-01
 1.7400e+00  1.8934e-01
 1.7405e+00  1.8802e-01
 1.7410e+00  1.8671e-01
 1.7415e+00  1.8541e-01
 1.7420e+00  1.8411e-01
 1.7425e+00  1.8283e-01
 1.7430e+00  1.8156e-01
 1.7435e+00  1.8029e-01
 1.7440e+00  1.7904e-01
 1.7445e+00  1.7780e-01
 1.7450e+00  1.7657e-01
 1.7455e+00  1.7536e-01
 1.7460e+00  1.7415e-01
 1.7465e+00  1.7296e-01
 1.7470e+00  1.7179e-01
 1.7475e+00  1.7063e-01
 1.7480e+00  1.6948e-01
 1.7485e+00  1.6835e-01
 1.7490e+00  1.6723e-01
 1.7495e+00  1.6613e-01
 1.7500e+00  1.6505e-01
 1.7505e+00  1.6398e-01
 1.7510e+00  1.6294e-01
 1.7515e+00  1.6190e-01
 1.7520e+00  1.6089e-01
 1.7525e+00  1.5989e-01
 1.7530e+00  1.5890e-01
 1.7535e+00  1.5794e-01
 1.7540e+00  1.5699e-01
 1.7545e+00  1.5605e-01
 1.7550e+00  1.5513e-01
 1.7555e+00  1.5422e-01
 1.7560e+00  1.5333e-01
 1.7565e+00  1.5245e-01
 1.7570e+00  1.5159e-01
 1.7575e+00  1.5074e-01
 1.7580e+00  1.4991e-01
 1.7585e+00  1.4909e-01
 1.7590e+00  1.4828e-01
 1.7595e+00  1.4749e-01
 1.7600e+00  1.4671e-01
 1.7605e+00  1.4594e-01
 1.7610e+00  1.4518e-01
 1.7615e+00  1.4444e-01
 1.7620e+00  1.4371e-01
 1.7625e+00  1.4299e-01
 1.7630e+00  1.4228e-01
 1.7635e+00  1.4158e-01
 1.7640e+00  1.4090e-01
 1.7645e+00  1.4022e-01
 1.7650e+00  1.3956e-01
 1.7655e+00  1.3891e-01
 1.7660e+00  1.3826e-01
 1.7665e+00  1.3763e-01
 1.7670e+00  1.3701e-01
 1.7675e+00  1.3640e-01
 1.7680e+00  1.3579e-01
 1.7685e+00  1.3520e-01
 1.7690e+00  1.3461e-01
 1.7695e+00  1.3404e-01
 1.7700e+00  1.3347e-01
 1.7705e+00  1.3291e-01
 1.7710e+00  1.3236e-01
 1.7715e+00  1.3181e-01
 1.7720e+00  1.3128e-01
 1.7725e+00  1.3075e-01
 1.7730e+00  1.3022e-01
 1.7735e+00  1.2971e-01
 1.7740e+00  1.2920e-01
 1.7745e+00  1.2870e-01
 1.7750e+00  1.2820e-01
 1.7755e+00  1.2771e-01
 1.7760e+00  1.2723e-01
 1.7765e+00  1.2675e-01
 1.7770e+00  1.2627e-01
 1.7775e+00  1.2580e-01
 1.7780e+00  1.2534e-01
 1.7785e+00  1.2488e-01
 1.7790e+00  1.2442e-01
 1.7795e+00  1.2397e-01
 1.7800e+00  1.2352e-01
 1.7805e+00  1.2308e-01
 1.7810e+00  1.2264e-01
 1.7815e+00  1.2220e-01
 1.7820e+00  1.2177e-01
 1.7825e+00  1.2133e-01
 1.7830e+00  1.2090e-01
 1.7835e+00  1.2048e-01
 1.7840e+00  1.2005e-01
 1.7845e+00  1.1963e-01
 1.7850e+00  1.1920e-01
 1.7855e+00  1.1878e-01
 1.7860e+00  1.1836e-01
 1.7865e+00  1.1794e-01
 1.7870e+00  1.1752e-01
 1.7875e+00  1.1710e-01
 1.7880e+00  1.1668e-01
 1.7885e+00  1.1626e-01
 1.7890e+00  1.1584e-01
 1.7895e+00  1.1542e-01
 1.7900e+00  1.1500e-01
 1.7905e+00  1.1457e-01
 1.7910e+00  1.1415e-01
 1.7915e+00  1.1372e-01
 1.7920e+00  1.1329e-01
 1.7925e+00  1.1286e-01
 1.7930e+00  1.1243e-01
 1.7935e+00  1.1199e-01
 1.7940e+00  1.1155e-01
 1.7945e+00  1.1111e-01
 1.7950e+00  1.1066e-01
 1.7955e+00  1.1021e-01
 1.7960e+00  1.0976e-01
 1.7965e+00  1.0930e-01
 1.7970e+00  1.0884e-01
 1.7975e+00  1.0837e-01
 1.7980e+00  1.0790e-01
 1.7985e+00  1.0742e-01
 1.7990e+00  1.0694e-01
 1.7995e+00  1.0645e-01
 1.8000e+00  1.0596e-01
 1.8005e+00  1.0545e-01
 1.8010e+00  1.0495e-01
 1.8015e+00  1.0443e-01
 1.8020e+00  1.0391e-01
 1.8025e+00  1.0339e-01
 1.8030e+00  1.0286e-01
 1.8035e+00  1.0232e-01
 1.8040e+00  1.0179e-01
 1.8045e+00  1.0124e-01
 1.8050e+00  1.0069e-01
 1.8055e+00  1.0013e-01
 1.8060e+00  9.9574e-02
 1.8065e+00  9.9011e-02
 1.8070e+00  9.8443e-02
 1.8075e+00  9.7870e-02
 1.8080e+00  9.7295e-02
 1.8085e+00  9.6715e-02
 1.8090e+00  9.6132e-02
 1.8095e+00  9.5546e-02
 1.8100e+00  9.4956e-02
 1.8105e+00  9.4363e-02
 1.8110e+00  9.3768e-02
 1.8115e+00  9.3170e-02
 1.8120e+00  9.2569e-02
 1.8125e+00  9.1966e-02
 1.8130e+00  9.1360e-02
 1.8135e+00  9.0753e-02
 1.8140e+00  9.0144e-02
 1.8145e+00  8.9533e-02
 1.8150e+00  8.8920e-02
 1.8155e+00  8.8306e-02
 1.8160e+00  8.7692e-02
 1.8165e+00  8.7075e-02
 1.8170e+00  8.6458e-02
 1.8175e+00  8.5841e-02
 1.8180e+00  8.5222e-02
 1.8185e+00  8.4604e-02
 1.8190e+00  8.3985e-02
 1.8195e+00  8.3366e-02
 1.8200e+00  8.2748e-02
 1.8205e+00  8.2129e-02
 1.8210e+00  8.1511e-02
 1.8215e+00  8.0894e-02
 1.8220e+00  8.0277e-02
 1.8225e+00  7.9662e-02
 1.8230e+00  7.9048e-02
 1.8235e+00  7.8434e-02
 1.8240e+00  7.7823e-02
 1.8245e+00  7.7213e-02
 1.8250e+00  7.6605e-02
 1.8255e+00  7.5999e-02
 1.8260e+00  7.5395e-02
 1.8265e+00  7.4793e-02
 1.8270e+00  7.4194e-02
 1.8275e+00  7.3598e-02
 1.8280e+00  7.3005e-02
 1.8285e+00  7.2414e-02
 1.8290e+00  7.1827e-02
 1.8295e+00  7.1243e-02
 1.8300e+00  7.0663e-02
 1.8305e+00  7.0086e-02
 1.8310e+00  6.9514e-02
 1.8315e+00  6.8945e-02
 1.8320e+00  6.8381e-02
 1.8325e+00  6.7821e-02
 1.8330e+00  6.7266e-02
 1.8335e+00  6.6715e-02
 1.8340e+00  6.6170e-02
 1.8345e+00  6.5629e-02
 1.8350e+00  6.5094e-02
 1.8355e+00  6.4564e-02
 1.8360e+00  6.4040e-02
 1.8365e+00  6.3522e-02
 1.8370e+00  6.3010e-02
 1.8375e+00  6.2504e-02
 1.8380e+00  6.2004e-02
 1.8385e+00  6.1511e-02
 1.8390e+00  6.1024e-02
 1.8395e+00  6.0545e-02
 1.8400e+00  6.0072e-02
 1.8405e+00  5.9607e-02
 1.8410e+00  5.9149e-02
 1.8415e+00  5.8699e-02
 1.8420e+00  5.8256e-02
 1.8425e+00  5.7822e-02
 1.8430e+00  5.7396e-02
 1.8435e+00  5.6977e-02
 1.8440e+00  5.6568e-02
 1.8445e+00  5.6167e-02
 1.8450e+00  5.5775e-02
 1.8455e+00  5.5392e-02
 1.8460e+00  5.5018e-02
 1.8465e+00  5.4654e-02
 1.8470e+00  5.4299e-02
 1.8475e+00  5.3954e-02
 1.8480e+00  5.3618e-02
 1.8485e+00  5.3294e-02
 1.8490e+00  5.2979e-02
 1.8495e+00  5.2674e-02
 1.8500e+00  5.2381e-02
 1.8505e+00  5.2098e-02
 1.8510e+00  5.1826e-02
 1.8515e+00  5.1564e-02
 1.8520e+00  5.1313e-02
 1.8525e+00  5.1072e-02
 1.8530e+00  5.0841e-02
 1.8535e+00  5.0621e-02
 1.8540e+00  5.0410e-02
 1.8545e+00  5.0209e-02
 1.8550e+00  5.0017e-02
 1.8555e+00  4.9835e-02
 1.8560e+00  4.9662e-02
 1.8565e+00  4.9498e-02
 1.8570e+00  4.9343e-02
 1.8575e+00  4.9197e-02
 1.8580e+00  4.9060e-02
 1.8585e+00  4.8931e-02
 1.8590e+00  4.8810e-02
 1.8595e+00  4.8698e-02
 1.8600e+00  4.8594e-02
 1.8605e+00  4.8498e-02
 1.8610e+00  4.8410e-02
 1.8615e+00  4.8330e-02
 1.8620e+00  4.8257e-02
 1.8625e+00  4.8191e-02
 1.8630e+00  4.8133e-02
 1.8635e+00  4.8081e-02
 1.8640e+00  4.8037e-02
 1.8645e+00  4.7999e-02
 1.8650e+00  4.7968e-02
 1.8655e+00  4.7944e-02
 1.8660e+00  4.7926e-02
 1.8665e+00  4.7914e-02
 1.8670e+00  4.7908e-02
 1.8675e+00  4.7908e-02
 1.8680e+00  4.7914e-02
 1.8685e+00  4.7926e-02
 1.8690e+00  4.7943e-02
 1.8695e+00  4.7965e-02
 1.8700e+00  4.7992e-02
 1.8705e+00  4.8025e-02
 1.8710e+00  4.8062e-02
 1.8715e+00  4.8104e-02
 1.8720e+00  4.8151e-02
 1.8725e+00  4.8202e-02
 1.8730e+00  4.8257e-02
 1.8735e+00  4.8316e-02
 1.8740e+00  4.8379e-02
 1.8745e+00  4.8446e-02
 1.8750e+00  4.8517e-02
 1.8755e+00  4.8591e-02
 1.8760e+00  4.8669e-02
 1.8765e+00  4.8750e-02
 1.8770e+00  4.8834e-02
 1.8775e+00  4.8920e-02
 1.8780e+00  4.9010e-02
 1.8785e+00  4.9102e-02
 1.8790e+00  4.9196e-02
 1.8795e+00  4.9293e-02
 1.8800e+00  4.9392e-02
 1.8805e+00  4.9493e-02
 1.8810e+00  4.9596e-02
 1.8815e+00  4.9700e-02
 1.8820e+00  4.9806e-02
 1.8825e+00  4.9913e-02
 1.8830e+00  5.0022e-02
 1.8835e+00  5.0131e-02
 1.8840e+00  5.0242e-02
 1.8845e+00  5.0353e-02
 1.8850e+00  5.0464e-02
 1.8855e+00  5.0576e-02
 1.8860e+00  5.0689e-02
 1.8865e+00  5.0801e-02
 1.8870e+00  5.0914e-02
 1.8875e+00  5.1026e-02
 1.8880e+00  5.1138e-02
 1.8885e+00  5.1249e-02
 1.8890e+00  5.1360e-02
 1.8895e+00  5.1470e-02
 1.8900e+00  5.1579e-02
 1.8905e+00  5.1687e-02
 1.8910e+00  5.1793e-02
 1.8915e+00  5.1898e-02
 1.8920e+00  5.2002e-02
 1.8925e+00  5.2103e-02
 1.8930e+00  5.2203e-02
 1.8935e+00  5.2301e-02
 1.8940e+00  5.2396e-02
 1.8945e+00  5.2489e-02
 1.8950e+00  5.2579e-02
 1.8955e+00  5.2667e-02
 1.8960e+00  5.2752e-02
 1.8965e+00  5.2834e-02
 1.8970e+00  5.2912e-02
 1.8975e+00  5.2987e-02
 1.8980e+00  5.3059e-02
 1.8985e+00  5.3127e-02
 1.8990e+00  5.3191e-02
 1.8995e+00  5.3251e-02
 1.9000e+00  5.3307e-02
 1.9005e+00  5.3359e-02
 1.9010e+00  5.3406e-02
 1.9015e+00  5.3449e-02
 1.9020e+00  5.3488e-02
 1.9025e+00  5.3523e-02
 1.9030e+00  5.3553e-02
 1.9035e+00  5.3579e-02
 1.9040e+00  5.3602e-02
 1.9045e+00  5.3620e-02
 1.9050e+00  5.3634e-02
 1.9055e+00  5.3644e-02
 1.9060e+00  5.3650e-02
 1.9065e+00  5.3652e-02
 1.9070e+00  5.3650e-02
 1.9075e+00  5.3644e-02
 1.9080e+00  5.3634e-02
 1.9085e+00  5.3621e-02
 1.9090e+00  5.3603e-02
 1.9095e+00  5.3582e-02
 1.9100e+00  5.3557e-02
 1.9105e+00  5.3529e-02
 1.9110e+00  5.3497e-02
 1.9115e+00  5.3461e-02
 1.9120e+00  5.3421e-02
 1.9125e+00  5.3378e-02
 1.9130e+00  5.3331e-02
 1.9135e+00  5.3281e-02
 1.9140e+00  5.3227e-02
 1.9145e+00  5.3170e-02
 1.9150e+00  5.3109e-02
 1.9155e+00  5.3045e-02
 1.9160e+00  5.2977e-02
 1.9165e+00  5.2907e-02
 1.9170e+00  5.2832e-02
 1.9175e+00  5.2755e-02
 1.9180e+00  5.2674e-02
 1.9185e+00  5.2590e-02
 1.9190e+00  5.2503e-02
 1.9195e+00  5.2413e-02
 1.9200e+00  5.2320e-02
 1.9205e+00  5.2223e-02
 1.9210e+00  5.2124e-02
 1.9215e+00  5.2021e-02
 1.9220e+00  5.1916e-02
 1.9225e+00  5.1807e-02
 1.9230e+00  5.1695e-02
 1.9235e+00  5.1581e-02
 1.9240e+00  5.1464e-02
 1.9245e+00  5.1344e-02
 1.9250e+00  5.1221e-02
 1.9255e+00  5.1095e-02
 1.9260e+00  5.0967e-02
 1.9265e+00  5.0836e-02
 1.9270e+00  5.0702e-02
 1.9275e+00  5.0565e-02
 1.9280e+00  5.0426e-02
 1.9285e+00  5.0285e-02
 1.9290e+00  5.0140e-02
 1.9295e+00  4.9994e-02
 1.9300e+00  4.9844e-02
 1.9305e+00  4.9693e-02
 1.9310e+00  4.9539e-02
 1.9315e+00  4.9382e-02
 1.9320e+00  4.9223e-02
 1.9325e+00  4.9062e-02
 1.9330e+00  4.8899e-02
 1.9335e+00  4.8733e-02
 1.9340e+00  4.8565e-02
 1.9345e+00  4.8395e-02
 1.9350e+00  4.8223e-02
 1.9355e+00  4.8049e-02
 1.9360e+00  4.7872e-02
 1.9365e+00  4.7693e-02
 1.9370e+00  4.7513e-02
 1.9375e+00  4.7330e-02
 1.9380e+00  4.7146e-02
 1.9385e+00  4.6959e-02
 1.9390e+00  4.6771e-02
 1.9395e+00  4.6581e-02
 1.9400e+00  4.6389e-02
 1.9405e+00  4.6195e-02
 1.9410e+00  4.5999e-02
 1.9415e+00  4.5802e-02
 1.9420e+00  4.5603e-02
 1.9425e+00  4.5403e-02
 1.9430e+00  4.5200e-02
 1.9435e+00  4.4996e-02
 1.9440e+00  4.4791e-02
 1.9445e+00  4.4584e-02
 1.9450e+00  4.4376e-02
 1.9455e+00  4.4166e-02
 1.9460e+00  4.3954e-02
 1.9465e+00  4.3742e-02
 1.9470e+00  4.3528e-02
 1.9475e+00  4.3312e-02
 1.9480e+00  4.3096e-02
 1.9485e+00  4.2878e-02
 1.9490e+00  4.2659e-02
 1.9495e+00  4.2438e-02
 1.9500e+00  4.2217e-02
 1.9505e+00  4.1994e-02
 1.9510e+00  4.1771e-02
 1.9515e+00  4.1546e-02
 1.9520e+00  4.1320e-02
 1.9525e+00  4.1094e-02
 1.9530e+00  4.0866e-02
 1.9535e+00  4.0638e-02
 1.9540e+00  4.0409e-02
 1.9545e+00  4.0179e-02
 1.9550e+00  3.9949e-02
 1.9555e+00  3.9718e-02
 1.9560e+00  3.9487e-02
 1.9565e+00  3.9255e-02
 1.9570e+00  3.9023e-02
 1.9575e+00  3.8790e-02
 1.9580e+00  3.8557e-02
 1.9585e+00  3.8324e-02
 1.9590e+00  3.8091e-02
 1.9595e+00  3.7857e-02
 1.9600e+00  3.7623e-02
 1.9605e+00  3.7390e-02
 1.9610e+00  3.7156e-02
 1.9615e+00  3.6922e-02
 1.9620e+00  3.6689e-02
 1.9625e+00  3.6455e-02
 1.9630e+00  3.6222e-02
 1.9635e+00  3.5989e-02
 1.9640e+00  3.5757e-02
 1.9645e+00  3.5524e-02
 1.9650e+00  3.5293e-02
 1.9655e+00  3.5062e-02
 1.9660e+00  3.4831e-02
 1.9665e+00  3.4601e-02
 1.9670e+00  3.4371e-02
 1.9675e+00  3.4143e-02
 1.9680e+00  3.3915e-02
 1.9685e+00  3.3688e-02
 1.9690e+00  3.3462e-02
 1.9695e+00  3.3236e-02
 1.9700e+00  3.3012e-02
 1.9705e+00  3.2789e-02
 1.9710e+00  3.2567e-02
 1.9715e+00  3.2346e-02
 1.9720e+00  3.2126e-02
 1.9725e+00  3.1907e-02
 1.9730e+00  3.1690e-02
 1.9735e+00  3.1475e-02
 1.9740e+00  3.1260e-02
 1.9745e+00  3.1047e-02
 1.9750e+00  3.0836e-02
 1.9755e+00  3.0626e-02
 1.9760e+00  3.0418e-02
 1.9765e+00  3.0212e-02
 1.9770e+00  3.0007e-02
 1.9775e+00  2.9805e-02
 1.9780e+00  2.9604e-02
 1.9785e+00  2.9405e-02
 1.9790e+00  2.9208e-02
 1.9795e+00  2.9013e-02
 1.9800e+00  2.8820e-02
 1.9805e+00  2.8630e-02
 1.9810e+00  2.8441e-02
 1.9815e+00  2.8255e-02
 1.9820e+00  2.8071e-02
 1.9825e+00  2.7890e-02
 1.9830e+00  2.7711e-02
 1.9835e+00  2.7534e-02
 1.9840e+00  2.7361e-02
 1.9845e+00  2.7189e-02
 1.9850e+00  2.7021e-02
 1.9855e+00  2.6855e-02
 1.9860e+00  2.6692e-02
 1.9865e+00  2.6531e-02
 1.9870e+00  2.6374e-02
 1.9875e+00  2.6220e-02
 1.9880e+00  2.6068e-02
 1.9885e+00  2.5920e-02
 1.9890e+00  2.5775e-02
 1.9895e+00  2.5633e-02
 1.9900e+00  2.5494e-02
 1.9905e+00  2.5359e-02
 1.9910e+00  2.5226e-02
 1.9915e+00  2.5098e-02
 1.9920e+00  2.4973e-02
 1.9925e+00  2.4851e-02
 1.9930e+00  2.4733e-02
 1.9935e+00  2.4618e-02
 1.9940e+00  2.4508e-02
 1.9945e+00  2.4400e-02
 1.9950e+00  2.4297e-02
 1.9955e+00  2.4198e-02
 1.9960e+00  2.4103e-02
 1.9965e+00  2.4011e-02
 1.9970e+00  2.3924e-02
 1.9975e+00  2.3841e-02
 1.9980e+00  2.3762e-02
 1.9985e+00  2.3687e-02
 1.9990e+00  2.3616e-02
 1.9995e+00  2.3550e-02
 2.0000e+00  2.3488e-02
