#     mass     R_mu^F
 9.8800e-01  0.0000e+00
 9.8850e-01  1.1607e-04
 9.8900e-01  3.6378e-04
 9.8950e-01  7.3798e-04
 9.9000e-01  1.2507e-03
 9.9050e-01  1.9188e-03
 9.9100e-01  2.7620e-03
 9.9150e-01  3.8025e-03
 9.9200e-01  5.0653e-03
 9.9250e-01  6.5779e-03
 9.9300e-01  8.3709e-03
 9.9350e-01  1.0478e-02
 9.9400e-01  1.2937e-02
 9.9450e-01  1.5788e-02
 9.9500e-01  1.9078e-02
 9.9550e-01  2.2859e-02
 9.9600e-01  2.7186e-02
 9.9650e-01  3.2125e-02
 9.9700e-01  3.7746e-02
 9.9750e-01  4.4129e-02
 9.9800e-01  5.1365e-02
 9.9850e-01  5.9556e-02
 9.9900e-01  6.8818e-02
 9.9950e-01  7.9280e-02
 1.0000e+00  9.1093e-02
 1.0005e+00  1.0443e-01
 1.0010e+00  1.1948e-01
 1.0015e+00  1.3647e-01
 1.0020e+00  1.5565e-01
 1.0025e+00  1.7734e-01
 1.0030e+00  2.0188e-01
 1.0035e+00  2.2967e-01
 1.0040e+00  2.6119e-01
 1.0045e+00  2.9701e-01
 1.0050e+00  3.3778e-01
 1.0055e+00  3.8430e-01
 1.0060e+00  4.3750e-01
 1.0065e+00  4.9853e-01
 1.0070e+00  5.6876e-01
 1.0075e+00  6.4984e-01
 1.0080e+00  7.4382e-01
 1.0085e+00  8.5322e-01
 1.0090e+00  9.8116e-01
 1.0095e+00  1.1316e+00
 1.0100e+00  1.3094e+00
 1.0105e+00  1.5209e+00
 1.0110e+00  1.7744e+00
 1.0115e+00  2.0802e+00
 1.0120e+00  2.4523e+00
 1.0125e+00  2.9093e+00
 1.0130e+00  3.4758e+00
 1.0135e+00  4.1857e+00
 1.0140e+00  5.0852e+00
 1.0145e+00  6.2380e+00
 1.0150e+00  7.7325e+00
 1.0155e+00  9.6893e+00
 1.0160e+00  1.2268e+01
 1.0165e+00  1.5663e+01
 1.0170e+00  2.0061e+01
 1.0175e+00  2.5509e+01
 1.0180e+00  3.1626e+01
 1.0185e+00  3.7260e+01
 1.0190e+00  4.0606e+01
 1.0195e+00  4.0369e+01
 1.0200e+00  3.6926e+01
 1.0205e+00  3.1867e+01
 1.0210e+00  2.6657e+01
 1.0215e+00  2.2058e+01
 1.0220e+00  1.8276e+01
 1.0225e+00  1.5259e+01
 1.0230e+00  1.2873e+01
 1.0235e+00  1.0981e+01
 1.0240e+00  9.4712e+00
 1.0245e+00  8.2536e+00
 1.0250e+00  7.2614e+00
 1.0255e+00  6.4442e+00
 1.0260e+00  5.7642e+00
 1.0265e+00  5.1928e+00
 1.0270e+00  4.7082e+00
 1.0275e+00  4.2938e+00
 1.0280e+00  3.9367e+00
 1.0285e+00  3.6268e+00
 1.0290e+00  3.3559e+00
 1.0295e+00  3.1178e+00
 1.0300e+00  2.9073e+00
 1.0305e+00  2.7202e+00
 1.0310e+00  2.5530e+00
 1.0315e+00  2.4031e+00
 1.0320e+00  2.2680e+00
 1.0325e+00  2.1459e+00
 1.0330e+00  2.0350e+00
 1.0335e+00  1.9340e+00
 1.0340e+00  1.8417e+00
 1.0345e+00  1.7571e+00
 1.0350e+00  1.6794e+00
 1.0355e+00  1.6078e+00
 1.0360e+00  1.5416e+00
 1.0365e+00  1.4804e+00
 1.0370e+00  1.4236e+00
 1.0375e+00  1.3708e+00
 1.0380e+00  1.3216e+00
 1.0385e+00  1.2756e+00
 1.0390e+00  1.2327e+00
 1.0395e+00  1.1925e+00
 1.0400e+00  1.1548e+00
 1.0405e+00  1.1194e+00
 1.0410e+00  1.0860e+00
 1.0415e+00  1.0547e+00
 1.0420e+00  1.0251e+00
 1.0425e+00  9.9714e-01
 1.0430e+00  9.7073e-01
 1.0435e+00  9.4574e-01
 1.0440e+00  9.2207e-01
 1.0445e+00  8.9963e-01
 1.0450e+00  8.7833e-01
 1.0455e+00  8.5810e-01
 1.0460e+00  8.3886e-01
 1.0465e+00  8.2056e-01
 1.0470e+00  8.0313e-01
 1.0475e+00  7.8652e-01
 1.0480e+00  7.7068e-01
 1.0485e+00  7.5557e-01
 1.0490e+00  7.4114e-01
 1.0495e+00  7.2735e-01
 1.0500e+00  7.1417e-01
 1.0505e+00  7.0157e-01
 1.0510e+00  6.8950e-01
 1.0515e+00  6.7795e-01
 1.0520e+00  6.6689e-01
 1.0525e+00  6.5629e-01
 1.0530e+00  6.4612e-01
 1.0535e+00  6.3637e-01
 1.0540e+00  6.2701e-01
 1.0545e+00  6.1803e-01
 1.0550e+00  6.0941e-01
 1.0555e+00  6.0112e-01
 1.0560e+00  5.9317e-01
 1.0565e+00  5.8551e-01
 1.0570e+00  5.7816e-01
 1.0575e+00  5.7108e-01
 1.0580e+00  5.6428e-01
 1.0585e+00  5.5773e-01
 1.0590e+00  5.5143e-01
 1.0595e+00  5.4536e-01
 1.0600e+00  5.3952e-01
 1.0605e+00  5.3390e-01
 1.0610e+00  5.2848e-01
 1.0615e+00  5.2326e-01
 1.0620e+00  5.1822e-01
 1.0625e+00  5.1337e-01
 1.0630e+00  5.0870e-01
 1.0635e+00  5.0419e-01
 1.0640e+00  4.9984e-01
 1.0645e+00  4.9565e-01
 1.0650e+00  4.9160e-01
 1.0655e+00  4.8770e-01
 1.0660e+00  4.8393e-01
 1.0665e+00  4.8030e-01
 1.0670e+00  4.7679e-01
 1.0675e+00  4.7340e-01
 1.0680e+00  4.7012e-01
 1.0685e+00  4.6696e-01
 1.0690e+00  4.6390e-01
 1.0695e+00  4.6095e-01
 1.0700e+00  4.5809e-01
 1.0705e+00  4.5533e-01
 1.0710e+00  4.5266e-01
 1.0715e+00  4.5008e-01
 1.0720e+00  4.4758e-01
 1.0725e+00  4.4516e-01
 1.0730e+00  4.4282e-01
 1.0735e+00  4.4054e-01
 1.0740e+00  4.3834e-01
 1.0745e+00  4.3621e-01
 1.0750e+00  4.3414e-01
 1.0755e+00  4.3213e-01
 1.0760e+00  4.3017e-01
 1.0765e+00  4.2827e-01
 1.0770e+00  4.2643e-01
 1.0775e+00  4.2463e-01
 1.0780e+00  4.2288e-01
 1.0785e+00  4.2117e-01
 1.0790e+00  4.1951e-01
 1.0795e+00  4.1788e-01
 1.0800e+00  4.1629e-01
 1.0805e+00  4.1474e-01
 1.0810e+00  4.1322e-01
 1.0815e+00  4.1172e-01
 1.0820e+00  4.1026e-01
 1.0825e+00  4.0882e-01
 1.0830e+00  4.0740e-01
 1.0835e+00  4.0600e-01
 1.0840e+00  4.0462e-01
 1.0845e+00  4.0326e-01
 1.0850e+00  4.0191e-01
 1.0855e+00  4.0058e-01
 1.0860e+00  3.9925e-01
 1.0865e+00  3.9793e-01
 1.0870e+00  3.9662e-01
 1.0875e+00  3.9532e-01
 1.0880e+00  3.9401e-01
 1.0885e+00  3.9271e-01
 1.0890e+00  3.9140e-01
 1.0895e+00  3.9010e-01
 1.0900e+00  3.8879e-01
 1.0905e+00  3.8749e-01
 1.0910e+00  3.8618e-01
 1.0915e+00  3.8487e-01
 1.0920e+00  3.8356e-01
 1.0925e+00  3.8224e-01
 1.0930e+00  3.8093e-01
 1.0935e+00  3.7961e-01
 1.0940e+00  3.7828e-01
 1.0945e+00  3.7696e-01
 1.0950e+00  3.7563e-01
 1.0955e+00  3.7430e-01
 1.0960e+00  3.7296e-01
 1.0965e+00  3.7162e-01
 1.0970e+00  3.7028e-01
 1.0975e+00  3.6893e-01
 1.0980e+00  3.6758e-01
 1.0985e+00  3.6623e-01
 1.0990e+00  3.6487e-01
 1.0995e+00  3.6351e-01
 1.1000e+00  3.6214e-01
 1.1005e+00  3.6077e-01
 1.1010e+00  3.5940e-01
 1.1015e+00  3.5802e-01
 1.1020e+00  3.5665e-01
 1.1025e+00  3.5526e-01
 1.1030e+00  3.5388e-01
 1.1035e+00  3.5249e-01
 1.1040e+00  3.5110e-01
 1.1045e+00  3.4970e-01
 1.1050e+00  3.4831e-01
 1.1055e+00  3.4691e-01
 1.1060e+00  3.4551e-01
 1.1065e+00  3.4410e-01
 1.1070e+00  3.4270e-01
 1.1075e+00  3.4129e-01
 1.1080e+00  3.3988e-01
 1.1085e+00  3.3848e-01
 1.1090e+00  3.3707e-01
 1.1095e+00  3.3565e-01
 1.1100e+00  3.3424e-01
 1.1105e+00  3.3283e-01
 1.1110e+00  3.3142e-01
 1.1115e+00  3.3001e-01
 1.1120e+00  3.2860e-01
 1.1125e+00  3.2720e-01
 1.1130e+00  3.2579e-01
 1.1135e+00  3.2438e-01
 1.1140e+00  3.2298e-01
 1.1145e+00  3.2158e-01
 1.1150e+00  3.2018e-01
 1.1155e+00  3.1879e-01
 1.1160e+00  3.1740e-01
 1.1165e+00  3.1601e-01
 1.1170e+00  3.1463e-01
 1.1175e+00  3.1325e-01
 1.1180e+00  3.1188e-01
 1.1185e+00  3.1051e-01
 1.1190e+00  3.0915e-01
 1.1195e+00  3.0779e-01
 1.1200e+00  3.0644e-01
 1.1205e+00  3.0510e-01
 1.1210e+00  3.0376e-01
 1.1215e+00  3.0243e-01
 1.1220e+00  3.0111e-01
 1.1225e+00  2.9980e-01
 1.1230e+00  2.9849e-01
 1.1235e+00  2.9720e-01
 1.1240e+00  2.9591e-01
 1.1245e+00  2.9464e-01
 1.1250e+00  2.9337e-01
 1.1255e+00  2.9212e-01
 1.1260e+00  2.9088e-01
 1.1265e+00  2.8965e-01
 1.1270e+00  2.8843e-01
 1.1275e+00  2.8722e-01
 1.1280e+00  2.8603e-01
 1.1285e+00  2.8485e-01
 1.1290e+00  2.8368e-01
 1.1295e+00  2.8253e-01
 1.1300e+00  2.8139e-01
 1.1305e+00  2.8027e-01
 1.1310e+00  2.7917e-01
 1.1315e+00  2.7808e-01
 1.1320e+00  2.7700e-01
 1.1325e+00  2.7595e-01
 1.1330e+00  2.7491e-01
 1.1335e+00  2.7389e-01
 1.1340e+00  2.7288e-01
 1.1345e+00  2.7190e-01
 1.1350e+00  2.7094e-01
 1.1355e+00  2.6999e-01
 1.1360e+00  2.6907e-01
 1.1365e+00  2.6816e-01
 1.1370e+00  2.6728e-01
 1.1375e+00  2.6642e-01
 1.1380e+00  2.6558e-01
 1.1385e+00  2.6477e-01
 1.1390e+00  2.6397e-01
 1.1395e+00  2.6320e-01
 1.1400e+00  2.6245e-01
 1.1405e+00  2.6172e-01
 1.1410e+00  2.6102e-01
 1.1415e+00  2.6033e-01
 1.1420e+00  2.5966e-01
 1.1425e+00  2.5902e-01
 1.1430e+00  2.5839e-01
 1.1435e+00  2.5779e-01
 1.1440e+00  2.5720e-01
 1.1445e+00  2.5664e-01
 1.1450e+00  2.5609e-01
 1.1455e+00  2.5556e-01
 1.1460e+00  2.5505e-01
 1.1465e+00  2.5456e-01
 1.1470e+00  2.5408e-01
 1.1475e+00  2.5363e-01
 1.1480e+00  2.5318e-01
 1.1485e+00  2.5276e-01
 1.1490e+00  2.5236e-01
 1.1495e+00  2.5197e-01
 1.1500e+00  2.5159e-01
 1.1505e+00  2.5123e-01
 1.1510e+00  2.5089e-01
 1.1515e+00  2.5056e-01
 1.1520e+00  2.5025e-01
 1.1525e+00  2.4996e-01
 1.1530e+00  2.4967e-01
 1.1535e+00  2.4940e-01
 1.1540e+00  2.4915e-01
 1.1545e+00  2.4891e-01
 1.1550e+00  2.4868e-01
 1.1555e+00  2.4847e-01
 1.1560e+00  2.4827e-01
 1.1565e+00  2.4808e-01
 1.1570e+00  2.4790e-01
 1.1575e+00  2.4774e-01
 1.1580e+00  2.4758e-01
 1.1585e+00  2.4744e-01
 1.1590e+00  2.4732e-01
 1.1595e+00  2.4720e-01
 1.1600e+00  2.4709e-01
 1.1605e+00  2.4699e-01
 1.1610e+00  2.4690e-01
 1.1615e+00  2.4683e-01
 1.1620e+00  2.4676e-01
 1.1625e+00  2.4670e-01
 1.1630e+00  2.4665e-01
 1.1635e+00  2.4661e-01
 1.1640e+00  2.4658e-01
 1.1645e+00  2.4656e-01
 1.1650e+00  2.4654e-01
 1.1655e+00  2.4653e-01
 1.1660e+00  2.4653e-01
 1.1665e+00  2.4654e-01
 1.1670e+00  2.4655e-01
 1.1675e+00  2.4657e-01
 1.1680e+00  2.4660e-01
 1.1685e+00  2.4663e-01
 1.1690e+00  2.4667e-01
 1.1695e+00  2.4671e-01
 1.1700e+00  2.4676e-01
 1.1705e+00  2.4681e-01
 1.1710e+00  2.4687e-01
 1.1715e+00  2.4693e-01
 1.1720e+00  2.4700e-01
 1.1725e+00  2.4707e-01
 1.1730e+00  2.4714e-01
 1.1735e+00  2.4721e-01
 1.1740e+00  2.4729e-01
 1.1745e+00  2.4737e-01
 1.1750e+00  2.4746e-01
 1.1755e+00  2.4754e-01
 1.1760e+00  2.4763e-01
 1.1765e+00  2.4771e-01
 1.1770e+00  2.4780e-01
 1.1775e+00  2.4789e-01
 1.1780e+00  2.4798e-01
 1.1785e+00  2.4806e-01
 1.1790e+00  2.4815e-01
 1.1795e+00  2.4824e-01
 1.1800e+00  2.4832e-01
 1.1805e+00  2.4841e-01
 1.1810e+00  2.4849e-01
 1.1815e+00  2.4857e-01
 1.1820e+00  2.4865e-01
 1.1825e+00  2.4872e-01
 1.1830e+00  2.4879e-01
 1.1835e+00  2.4886e-01
 1.1840e+00  2.4892e-01
 1.1845e+00  2.4898e-01
 1.1850e+00  2.4904e-01
 1.1855e+00  2.4909e-01
 1.1860e+00  2.4913e-01
 1.1865e+00  2.4918e-01
 1.1870e+00  2.4921e-01
 1.1875e+00  2.4924e-01
 1.1880e+00  2.4926e-01
 1.1885e+00  2.4927e-01
 1.1890e+00  2.4928e-01
 1.1895e+00  2.4928e-01
 1.1900e+00  2.4927e-01
 1.1905e+00  2.4926e-01
 1.1910e+00  2.4924e-01
 1.1915e+00  2.4921e-01
 1.1920e+00  2.4918e-01
 1.1925e+00  2.4914e-01
 1.1930e+00  2.4909e-01
 1.1935e+00  2.4904e-01
 1.1940e+00  2.4899e-01
 1.1945e+00  2.4892e-01
 1.1950e+00  2.4885e-01
 1.1955e+00  2.4878e-01
 1.1960e+00  2.4870e-01
 1.1965e+00  2.4861e-01
 1.1970e+00  2.4852e-01
 1.1975e+00  2.4842e-01
 1.1980e+00  2.4832e-01
 1.1985e+00  2.4822e-01
 1.1990e+00  2.4810e-01
 1.1995e+00  2.4799e-01
 1.2000e+00  2.4787e-01
 1.2005e+00  2.4774e-01
 1.2010e+00  2.4761e-01
 1.2015e+00  2.4748e-01
 1.2020e+00  2.4734e-01
 1.2025e+00  2.4719e-01
 1.2030e+00  2.4704e-01
 1.2035e+00  2.4689e-01
 1.2040e+00  2.4674e-01
 1.2045e+00  2.4658e-01
 1.2050e+00  2.4642e-01
 1.2055e+00  2.4625e-01
 1.2060e+00  2.4608e-01
 1.2065e+00  2.4591e-01
 1.2070e+00  2.4574e-01
 1.2075e+00  2.4556e-01
 1.2080e+00  2.4538e-01
 1.2085e+00  2.4519e-01
 1.2090e+00  2.4500e-01
 1.2095e+00  2.4482e-01
 1.2100e+00  2.4462e-01
 1.2105e+00  2.4443e-01
 1.2110e+00  2.4423e-01
 1.2115e+00  2.4404e-01
 1.2120e+00  2.4384e-01
 1.2125e+00  2.4364e-01
 1.2130e+00  2.4343e-01
 1.2135e+00  2.4323e-01
 1.2140e+00  2.4302e-01
 1.2145e+00  2.4282e-01
 1.2150e+00  2.4261e-01
 1.2155e+00  2.4240e-01
 1.2160e+00  2.4219e-01
 1.2165e+00  2.4198e-01
 1.2170e+00  2.4177e-01
 1.2175e+00  2.4156e-01
 1.2180e+00  2.4135e-01
 1.2185e+00  2.4114e-01
 1.2190e+00  2.4093e-01
 1.2195e+00  2.4072e-01
 1.2200e+00  2.4050e-01
 1.2205e+00  2.4030e-01
 1.2210e+00  2.4008e-01
 1.2215e+00  2.3988e-01
 1.2220e+00  2.3967e-01
 1.2225e+00  2.3946e-01
 1.2230e+00  2.3926e-01
 1.2235e+00  2.3905e-01
 1.2240e+00  2.3885e-01
 1.2245e+00  2.3865e-01
 1.2250e+00  2.3845e-01
 1.2255e+00  2.3825e-01
 1.2260e+00  2.3806e-01
 1.2265e+00  2.3786e-01
 1.2270e+00  2.3767e-01
 1.2275e+00  2.3748e-01
 1.2280e+00  2.3730e-01
 1.2285e+00  2.3711e-01
 1.2290e+00  2.3694e-01
 1.2295e+00  2.3676e-01
 1.2300e+00  2.3658e-01
 1.2305e+00  2.3641e-01
 1.2310e+00  2.3625e-01
 1.2315e+00  2.3608e-01
 1.2320e+00  2.3593e-01
 1.2325e+00  2.3577e-01
 1.2330e+00  2.3562e-01
 1.2335e+00  2.3547e-01
 1.2340e+00  2.3533e-01
 1.2345e+00  2.3519e-01
 1.2350e+00  2.3506e-01
 1.2355e+00  2.3493e-01
 1.2360e+00  2.3481e-01
 1.2365e+00  2.3469e-01
 1.2370e+00  2.3458e-01
 1.2375e+00  2.3447e-01
 1.2380e+00  2.3437e-01
 1.2385e+00  2.3428e-01
 1.2390e+00  2.3419e-01
 1.2395e+00  2.3410e-01
 1.2400e+00  2.3403e-01
 1.2405e+00  2.3395e-01
 1.2410e+00  2.3389e-01
 1.2415e+00  2.3382e-01
 1.2420e+00  2.3377e-01
 1.2425e+00  2.3372e-01
 1.2430e+00  2.3367e-01
 1.2435e+00  2.3363e-01
 1.2440e+00  2.3359e-01
 1.2445e+00  2.3356e-01
 1.2450e+00  2.3353e-01
 1.2455e+00  2.3350e-01
 1.2460e+00  2.3348e-01
 1.2465e+00  2.3347e-01
 1.2470e+00  2.3346e-01
 1.2475e+00  2.3345e-01
 1.2480e+00  2.3345e-01
 1.2485e+00  2.3345e-01
 1.2490e+00  2.3345e-01
 1.2495e+00  2.3346e-01
 1.2500e+00  2.3347e-01
 1.2505e+00  2.3348e-01
 1.2510e+00  2.3350e-01
 1.2515e+00  2.3352e-01
 1.2520e+00  2.3354e-01
 1.2525e+00  2.3357e-01
 1.2530e+00  2.3360e-01
 1.2535e+00  2.3363e-01
 1.2540e+00  2.3367e-01
 1.2545e+00  2.3370e-01
 1.2550e+00  2.3374e-01
 1.2555e+00  2.3378e-01
 1.2560e+00  2.3383e-01
 1.2565e+00  2.3387e-01
 1.2570e+00  2.3392e-01
 1.2575e+00  2.3397e-01
 1.2580e+00  2.3402e-01
 1.2585e+00  2.3407e-01
 1.2590e+00  2.3412e-01
 1.2595e+00  2.3417e-01
 1.2600e+00  2.3423e-01
 1.2605e+00  2.3428e-01
 1.2610e+00  2.3434e-01
 1.2615e+00  2.3440e-01
 1.2620e+00  2.3446e-01
 1.2625e+00  2.3452e-01
 1.2630e+00  2.3458e-01
 1.2635e+00  2.3464e-01
 1.2640e+00  2.3470e-01
 1.2645e+00  2.3476e-01
 1.2650e+00  2.3482e-01
 1.2655e+00  2.3488e-01
 1.2660e+00  2.3494e-01
 1.2665e+00  2.3499e-01
 1.2670e+00  2.3505e-01
 1.2675e+00  2.3511e-01
 1.2680e+00  2.3517e-01
 1.2685e+00  2.3522e-01
 1.2690e+00  2.3528e-01
 1.2695e+00  2.3533e-01
 1.2700e+00  2.3538e-01
 1.2705e+00  2.3543e-01
 1.2710e+00  2.3548e-01
 1.2715e+00  2.3553e-01
 1.2720e+00  2.3557e-01
 1.2725e+00  2.3561e-01
 1.2730e+00  2.3566e-01
 1.2735e+00  2.3569e-01
 1.2740e+00  2.3573e-01
 1.2745e+00  2.3576e-01
 1.2750e+00  2.3579e-01
 1.2755e+00  2.3582e-01
 1.2760e+00  2.3585e-01
 1.2765e+00  2.3587e-01
 1.2770e+00  2.3589e-01
 1.2775e+00  2.3590e-01
 1.2780e+00  2.3592e-01
 1.2785e+00  2.3592e-01
 1.2790e+00  2.3593e-01
 1.2795e+00  2.3593e-01
 1.2800e+00  2.3592e-01
 1.2805e+00  2.3592e-01
 1.2810e+00  2.3591e-01
 1.2815e+00  2.3589e-01
 1.2820e+00  2.3587e-01
 1.2825e+00  2.3584e-01
 1.2830e+00  2.3581e-01
 1.2835e+00  2.3578e-01
 1.2840e+00  2.3574e-01
 1.2845e+00  2.3569e-01
 1.2850e+00  2.3564e-01
 1.2855e+00  2.3558e-01
 1.2860e+00  2.3552e-01
 1.2865e+00  2.3545e-01
 1.2870e+00  2.3538e-01
 1.2875e+00  2.3530e-01
 1.2880e+00  2.3521e-01
 1.2885e+00  2.3512e-01
 1.2890e+00  2.3502e-01
 1.2895e+00  2.3491e-01
 1.2900e+00  2.3480e-01
 1.2905e+00  2.3468e-01
 1.2910e+00  2.3456e-01
 1.2915e+00  2.3443e-01
 1.2920e+00  2.3430e-01
 1.2925e+00  2.3416e-01
 1.2930e+00  2.3401e-01
 1.2935e+00  2.3386e-01
 1.2940e+00  2.3370e-01
 1.2945e+00  2.3354e-01
 1.2950e+00  2.3337e-01
 1.2955e+00  2.3320e-01
 1.2960e+00  2.3303e-01
 1.2965e+00  2.3285e-01
 1.2970e+00  2.3266e-01
 1.2975e+00  2.3247e-01
 1.2980e+00  2.3228e-01
 1.2985e+00  2.3208e-01
 1.2990e+00  2.3188e-01
 1.2995e+00  2.3167e-01
 1.3000e+00  2.3146e-01
 1.3005e+00  2.3125e-01
 1.3010e+00  2.3103e-01
 1.3015e+00  2.3081e-01
 1.3020e+00  2.3059e-01
 1.3025e+00  2.3036e-01
 1.3030e+00  2.3013e-01
 1.3035e+00  2.2990e-01
 1.3040e+00  2.2966e-01
 1.3045e+00  2.2942e-01
 1.3050e+00  2.2918e-01
 1.3055e+00  2.2894e-01
 1.3060e+00  2.2869e-01
 1.3065e+00  2.2844e-01
 1.3070e+00  2.2819e-01
 1.3075e+00  2.2794e-01
 1.3080e+00  2.2768e-01
 1.3085e+00  2.2743e-01
 1.3090e+00  2.2717e-01
 1.3095e+00  2.2691e-01
 1.3100e+00  2.2665e-01
 1.3105e+00  2.2638e-01
 1.3110e+00  2.2612e-01
 1.3115e+00  2.2585e-01
 1.3120e+00  2.2559e-01
 1.3125e+00  2.2532e-01
 1.3130e+00  2.2505e-01
 1.3135e+00  2.2478e-01
 1.3140e+00  2.2452e-01
 1.3145e+00  2.2425e-01
 1.3150e+00  2.2398e-01
 1.3155e+00  2.2371e-01
 1.3160e+00  2.2344e-01
 1.3165e+00  2.2317e-01
 1.3170e+00  2.2290e-01
 1.3175e+00  2.2263e-01
 1.3180e+00  2.2236e-01
 1.3185e+00  2.2209e-01
 1.3190e+00  2.2183e-01
 1.3195e+00  2.2156e-01
 1.3200e+00  2.2129e-01
 1.3205e+00  2.2103e-01
 1.3210e+00  2.2077e-01
 1.3215e+00  2.2051e-01
 1.3220e+00  2.2025e-01
 1.3225e+00  2.1999e-01
 1.3230e+00  2.1973e-01
 1.3235e+00  2.1947e-01
 1.3240e+00  2.1922e-01
 1.3245e+00  2.1897e-01
 1.3250e+00  2.1872e-01
 1.3255e+00  2.1847e-01
 1.3260e+00  2.1823e-01
 1.3265e+00  2.1799e-01
 1.3270e+00  2.1775e-01
 1.3275e+00  2.1751e-01
 1.3280e+00  2.1728e-01
 1.3285e+00  2.1705e-01
 1.3290e+00  2.1682e-01
 1.3295e+00  2.1660e-01
 1.3300e+00  2.1638e-01
 1.3305e+00  2.1616e-01
 1.3310e+00  2.1595e-01
 1.3315e+00  2.1574e-01
 1.3320e+00  2.1554e-01
 1.3325e+00  2.1534e-01
 1.3330e+00  2.1514e-01
 1.3335e+00  2.1495e-01
 1.3340e+00  2.1476e-01
 1.3345e+00  2.1457e-01
 1.3350e+00  2.1440e-01
 1.3355e+00  2.1422e-01
 1.3360e+00  2.1405e-01
 1.3365e+00  2.1389e-01
 1.3370e+00  2.1373e-01
 1.3375e+00  2.1357e-01
 1.3380e+00  2.1343e-01
 1.3385e+00  2.1328e-01
 1.3390e+00  2.1315e-01
 1.3395e+00  2.1301e-01
 1.3400e+00  2.1289e-01
 1.3405e+00  2.1277e-01
 1.3410e+00  2.1265e-01
 1.3415e+00  2.1254e-01
 1.3420e+00  2.1243e-01
 1.3425e+00  2.1233e-01
 1.3430e+00  2.1224e-01
 1.3435e+00  2.1214e-01
 1.3440e+00  2.1206e-01
 1.3445e+00  2.1197e-01
 1.3450e+00  2.1190e-01
 1.3455e+00  2.1182e-01
 1.3460e+00  2.1175e-01
 1.3465e+00  2.1169e-01
 1.3470e+00  2.1163e-01
 1.3475e+00  2.1157e-01
 1.3480e+00  2.1151e-01
 1.3485e+00  2.1146e-01
 1.3490e+00  2.1142e-01
 1.3495e+00  2.1138e-01
 1.3500e+00  2.1134e-01
 1.3505e+00  2.1130e-01
 1.3510e+00  2.1127e-01
 1.3515e+00  2.1124e-01
 1.3520e+00  2.1122e-01
 1.3525e+00  2.1120e-01
 1.3530e+00  2.1118e-01
 1.3535e+00  2.1116e-01
 1.3540e+00  2.1115e-01
 1.3545e+00  2.1114e-01
 1.3550e+00  2.1113e-01
 1.3555e+00  2.1113e-01
 1.3560e+00  2.1113e-01
 1.3565e+00  2.1113e-01
 1.3570e+00  2.1113e-01
 1.3575e+00  2.1113e-01
 1.3580e+00  2.1114e-01
 1.3585e+00  2.1115e-01
 1.3590e+00  2.1116e-01
 1.3595e+00  2.1117e-01
 1.3600e+00  2.1119e-01
 1.3605e+00  2.1120e-01
 1.3610e+00  2.1122e-01
 1.3615e+00  2.1124e-01
 1.3620e+00  2.1126e-01
 1.3625e+00  2.1128e-01
 1.3630e+00  2.1131e-01
 1.3635e+00  2.1133e-01
 1.3640e+00  2.1136e-01
 1.3645e+00  2.1139e-01
 1.3650e+00  2.1141e-01
 1.3655e+00  2.1144e-01
 1.3660e+00  2.1147e-01
 1.3665e+00  2.1150e-01
 1.3670e+00  2.1153e-01
 1.3675e+00  2.1156e-01
 1.3680e+00  2.1159e-01
 1.3685e+00  2.1163e-01
 1.3690e+00  2.1166e-01
 1.3695e+00  2.1169e-01
 1.3700e+00  2.1172e-01
 1.3705e+00  2.1175e-01
 1.3710e+00  2.1178e-01
 1.3715e+00  2.1181e-01
 1.3720e+00  2.1184e-01
 1.3725e+00  2.1187e-01
 1.3730e+00  2.1190e-01
 1.3735e+00  2.1193e-01
 1.3740e+00  2.1196e-01
 1.3745e+00  2.1199e-01
 1.3750e+00  2.1201e-01
 1.3755e+00  2.1204e-01
 1.3760e+00  2.1206e-01
 1.3765e+00  2.1208e-01
 1.3770e+00  2.1210e-01
 1.3775e+00  2.1212e-01
 1.3780e+00  2.1214e-01
 1.3785e+00  2.1216e-01
 1.3790e+00  2.1217e-01
 1.3795e+00  2.1218e-01
 1.3800e+00  2.1219e-01
 1.3805e+00  2.1220e-01
 1.3810e+00  2.1221e-01
 1.3815e+00  2.1221e-01
 1.3820e+00  2.1221e-01
 1.3825e+00  2.1221e-01
 1.3830e+00  2.1221e-01
 1.3835e+00  2.1220e-01
 1.3840e+00  2.1219e-01
 1.3845e+00  2.1218e-01
 1.3850e+00  2.1216e-01
 1.3855e+00  2.1215e-01
 1.3860e+00  2.1212e-01
 1.3865e+00  2.1210e-01
 1.3870e+00  2.1207e-01
 1.3875e+00  2.1204e-01
 1.3880e+00  2.1200e-01
 1.3885e+00  2.1196e-01
 1.3890e+00  2.1192e-01
 1.3895e+00  2.1187e-01
 1.3900e+00  2.1182e-01
 1.3905e+00  2.1177e-01
 1.3910e+00  2.1171e-01
 1.3915e+00  2.1165e-01
 1.3920e+00  2.1159e-01
 1.3925e+00  2.1152e-01
 1.3930e+00  2.1145e-01
 1.3935e+00  2.1138e-01
 1.3940e+00  2.1130e-01
 1.3945e+00  2.1122e-01
 1.3950e+00  2.1113e-01
 1.3955e+00  2.1105e-01
 1.3960e+00  2.1096e-01
 1.3965e+00  2.1086e-01
 1.3970e+00  2.1077e-01
 1.3975e+00  2.1067e-01
 1.3980e+00  2.1057e-01
 1.3985e+00  2.1046e-01
 1.3990e+00  2.1036e-01
 1.3995e+00  2.1025e-01
 1.4000e+00  2.1013e-01
 1.4005e+00  2.1002e-01
 1.4010e+00  2.0990e-01
 1.4015e+00  2.0978e-01
 1.4020e+00  2.0966e-01
 1.4025e+00  2.0953e-01
 1.4030e+00  2.0940e-01
 1.4035e+00  2.0927e-01
 1.4040e+00  2.0914e-01
 1.4045e+00  2.0900e-01
 1.4050e+00  2.0887e-01
 1.4055e+00  2.0873e-01
 1.4060e+00  2.0859e-01
 1.4065e+00  2.0844e-01
 1.4070e+00  2.0830e-01
 1.4075e+00  2.0815e-01
 1.4080e+00  2.0800e-01
 1.4085e+00  2.0785e-01
 1.4090e+00  2.0770e-01
 1.4095e+00  2.0754e-01
 1.4100e+00  2.0738e-01
 1.4105e+00  2.0722e-01
 1.4110e+00  2.0706e-01
 1.4115e+00  2.0690e-01
 1.4120e+00  2.0674e-01
 1.4125e+00  2.0658e-01
 1.4130e+00  2.0641e-01
 1.4135e+00  2.0624e-01
 1.4140e+00  2.0607e-01
 1.4145e+00  2.0590e-01
 1.4150e+00  2.0573e-01
 1.4155e+00  2.0556e-01
 1.4160e+00  2.0538e-01
 1.4165e+00  2.0521e-01
 1.4170e+00  2.0503e-01
 1.4175e+00  2.0486e-01
 1.4180e+00  2.0468e-01
 1.4185e+00  2.0450e-01
 1.4190e+00  2.0432e-01
 1.4195e+00  2.0414e-01
 1.4200e+00  2.0395e-01
 1.4205e+00  2.0377e-01
 1.4210e+00  2.0359e-01
 1.4215e+00  2.0341e-01
 1.4220e+00  2.0322e-01
 1.4225e+00  2.0304e-01
 1.4230e+00  2.0285e-01
 1.4235e+00  2.0267e-01
 1.4240e+00  2.0248e-01
 1.4245e+00  2.0230e-01
 1.4250e+00  2.0211e-01
 1.4255e+00  2.0192e-01
 1.4260e+00  2.0173e-01
 1.4265e+00  2.0155e-01
 1.4270e+00  2.0136e-01
 1.4275e+00  2.0117e-01
 1.4280e+00  2.0099e-01
 1.4285e+00  2.0080e-01
 1.4290e+00  2.0061e-01
 1.4295e+00  2.0042e-01
 1.4300e+00  2.0024e-01
 1.4305e+00  2.0005e-01
 1.4310e+00  1.9987e-01
 1.4315e+00  1.9968e-01
 1.4320e+00  1.9950e-01
 1.4325e+00  1.9931e-01
 1.4330e+00  1.9913e-01
 1.4335e+00  1.9894e-01
 1.4340e+00  1.9876e-01
 1.4345e+00  1.9858e-01
 1.4350e+00  1.9839e-01
 1.4355e+00  1.9821e-01
 1.4360e+00  1.9803e-01
 1.4365e+00  1.9786e-01
 1.4370e+00  1.9768e-01
 1.4375e+00  1.9750e-01
 1.4380e+00  1.9732e-01
 1.4385e+00  1.9715e-01
 1.4390e+00  1.9697e-01
 1.4395e+00  1.9680e-01
 1.4400e+00  1.9663e-01
 1.4405e+00  1.9646e-01
 1.4410e+00  1.9629e-01
 1.4415e+00  1.9612e-01
 1.4420e+00  1.9595e-01
 1.4425e+00  1.9578e-01
 1.4430e+00  1.9562e-01
 1.4435e+00  1.9545e-01
 1.4440e+00  1.9529e-01
 1.4445e+00  1.9512e-01
 1.4450e+00  1.9496e-01
 1.4455e+00  1.9480e-01
 1.4460e+00  1.9464e-01
 1.4465e+00  1.9448e-01
 1.4470e+00  1.9432e-01
 1.4475e+00  1.9416e-01
 1.4480e+00  1.9401e-01
 1.4485e+00  1.9385e-01
 1.4490e+00  1.9370e-01
 1.4495e+00  1.9354e-01
 1.4500e+00  1.9339e-01
 1.4505e+00  1.9324e-01
 1.4510e+00  1.9309e-01
 1.4515e+00  1.9294e-01
 1.4520e+00  1.9279e-01
 1.4525e+00  1.9264e-01
 1.4530e+00  1.9249e-01
 1.4535e+00  1.9234e-01
 1.4540e+00  1.9220e-01
 1.4545e+00  1.9205e-01
 1.4550e+00  1.9191e-01
 1.4555e+00  1.9176e-01
 1.4560e+00  1.9162e-01
 1.4565e+00  1.9148e-01
 1.4570e+00  1.9134e-01
 1.4575e+00  1.9120e-01
 1.4580e+00  1.9106e-01
 1.4585e+00  1.9092e-01
 1.4590e+00  1.9078e-01
 1.4595e+00  1.9065e-01
 1.4600e+00  1.9051e-01
 1.4605e+00  1.9037e-01
 1.4610e+00  1.9024e-01
 1.4615e+00  1.9011e-01
 1.4620e+00  1.8997e-01
 1.4625e+00  1.8984e-01
 1.4630e+00  1.8971e-01
 1.4635e+00  1.8958e-01
 1.4640e+00  1.8945e-01
 1.4645e+00  1.8932e-01
 1.4650e+00  1.8919e-01
 1.4655e+00  1.8906e-01
 1.4660e+00  1.8893e-01
 1.4665e+00  1.8880e-01
 1.4670e+00  1.8868e-01
 1.4675e+00  1.8855e-01
 1.4680e+00  1.8843e-01
 1.4685e+00  1.8830e-01
 1.4690e+00  1.8818e-01
 1.4695e+00  1.8806e-01
 1.4700e+00  1.8793e-01
 1.4705e+00  1.8781e-01
 1.4710e+00  1.8769e-01
 1.4715e+00  1.8757e-01
 1.4720e+00  1.8745e-01
 1.4725e+00  1.8733e-01
 1.4730e+00  1.8721e-01
 1.4735e+00  1.8709e-01
 1.4740e+00  1.8698e-01
 1.4745e+00  1.8686e-01
 1.4750e+00  1.8674e-01
 1.4755e+00  1.8663e-01
 1.4760e+00  1.8651e-01
 1.4765e+00  1.8640e-01
 1.4770e+00  1.8628e-01
 1.4775e+00  1.8617e-01
 1.4780e+00  1.8606e-01
 1.4785e+00  1.8594e-01
 1.4790e+00  1.8583e-01
 1.4795e+00  1.8572e-01
 1.4800e+00  1.8561e-01
 1.4805e+00  1.8550e-01
 1.4810e+00  1.8539e-01
 1.4815e+00  1.8528e-01
 1.4820e+00  1.8517e-01
 1.4825e+00  1.8506e-01
 1.4830e+00  1.8495e-01
 1.4835e+00  1.8484e-01
 1.4840e+00  1.8474e-01
 1.4845e+00  1.8463e-01
 1.4850e+00  1.8452e-01
 1.4855e+00  1.8441e-01
 1.4860e+00  1.8431e-01
 1.4865e+00  1.8420e-01
 1.4870e+00  1.8410e-01
 1.4875e+00  1.8399e-01
 1.4880e+00  1.8389e-01
 1.4885e+00  1.8379e-01
 1.4890e+00  1.8368e-01
 1.4895e+00  1.8358e-01
 1.4900e+00  1.8348e-01
 1.4905e+00  1.8337e-01
 1.4910e+00  1.8327e-01
 1.4915e+00  1.8317e-01
 1.4920e+00  1.8307e-01
 1.4925e+00  1.8297e-01
 1.4930e+00  1.8287e-01
 1.4935e+00  1.8277e-01
 1.4940e+00  1.8267e-01
 1.4945e+00  1.8257e-01
 1.4950e+00  1.8247e-01
 1.4955e+00  1.8238e-01
 1.4960e+00  1.8228e-01
 1.4965e+00  1.8218e-01
 1.4970e+00  1.8209e-01
 1.4975e+00  1.8199e-01
 1.4980e+00  1.8190e-01
 1.4985e+00  1.8180e-01
 1.4990e+00  1.8171e-01
 1.4995e+00  1.8161e-01
 1.5000e+00  1.8152e-01
 1.5005e+00  1.8143e-01
 1.5010e+00  1.8134e-01
 1.5015e+00  1.8125e-01
 1.5020e+00  1.8116e-01
 1.5025e+00  1.8107e-01
 1.5030e+00  1.8098e-01
 1.5035e+00  1.8089e-01
 1.5040e+00  1.8080e-01
 1.5045e+00  1.8072e-01
 1.5050e+00  1.8063e-01
 1.5055e+00  1.8055e-01
 1.5060e+00  1.8046e-01
 1.5065e+00  1.8038e-01
 1.5070e+00  1.8029e-01
 1.5075e+00  1.8021e-01
 1.5080e+00  1.8013e-01
 1.5085e+00  1.8005e-01
 1.5090e+00  1.7997e-01
 1.5095e+00  1.7989e-01
 1.5100e+00  1.7981e-01
 1.5105e+00  1.7973e-01
 1.5110e+00  1.7966e-01
 1.5115e+00  1.7958e-01
 1.5120e+00  1.7950e-01
 1.5125e+00  1.7943e-01
 1.5130e+00  1.7936e-01
 1.5135e+00  1.7928e-01
 1.5140e+00  1.7921e-01
 1.5145e+00  1.7914e-01
 1.5150e+00  1.7907e-01
 1.5155e+00  1.7900e-01
 1.5160e+00  1.7893e-01
 1.5165e+00  1.7887e-01
 1.5170e+00  1.7880e-01
 1.5175e+00  1.7874e-01
 1.5180e+00  1.7867e-01
 1.5185e+00  1.7861e-01
 1.5190e+00  1.7854e-01
 1.5195e+00  1.7848e-01
 1.5200e+00  1.7842e-01
 1.5205e+00  1.7836e-01
 1.5210e+00  1.7830e-01
 1.5215e+00  1.7825e-01
 1.5220e+00  1.7819e-01
 1.5225e+00  1.7813e-01
 1.5230e+00  1.7808e-01
 1.5235e+00  1.7803e-01
 1.5240e+00  1.7797e-01
 1.5245e+00  1.7792e-01
 1.5250e+00  1.7787e-01
 1.5255e+00  1.7782e-01
 1.5260e+00  1.7777e-01
 1.5265e+00  1.7773e-01
 1.5270e+00  1.7768e-01
 1.5275e+00  1.7764e-01
 1.5280e+00  1.7759e-01
 1.5285e+00  1.7755e-01
 1.5290e+00  1.7751e-01
 1.5295e+00  1.7747e-01
 1.5300e+00  1.7743e-01
 1.5305e+00  1.7739e-01
 1.5310e+00  1.7736e-01
 1.5315e+00  1.7732e-01
 1.5320e+00  1.7729e-01
 1.5325e+00  1.7726e-01
 1.5330e+00  1.7722e-01
 1.5335e+00  1.7719e-01
 1.5340e+00  1.7717e-01
 1.5345e+00  1.7714e-01
 1.5350e+00  1.7711e-01
 1.5355e+00  1.7709e-01
 1.5360e+00  1.7706e-01
 1.5365e+00  1.7704e-01
 1.5370e+00  1.7702e-01
 1.5375e+00  1.7700e-01
 1.5380e+00  1.7698e-01
 1.5385e+00  1.7697e-01
 1.5390e+00  1.7695e-01
 1.5395e+00  1.7694e-01
 1.5400e+00  1.7692e-01
 1.5405e+00  1.7691e-01
 1.5410e+00  1.7690e-01
 1.5415e+00  1.7689e-01
 1.5420e+00  1.7689e-01
 1.5425e+00  1.7688e-01
 1.5430e+00  1.7688e-01
 1.5435e+00  1.7687e-01
 1.5440e+00  1.7687e-01
 1.5445e+00  1.7687e-01
 1.5450e+00  1.7687e-01
 1.5455e+00  1.7687e-01
 1.5460e+00  1.7688e-01
 1.5465e+00  1.7688e-01
 1.5470e+00  1.7688e-01
 1.5475e+00  1.7689e-01
 1.5480e+00  1.7690e-01
 1.5485e+00  1.7691e-01
 1.5490e+00  1.7692e-01
 1.5495e+00  1.7693e-01
 1.5500e+00  1.7694e-01
 1.5505e+00  1.7696e-01
 1.5510e+00  1.7697e-01
 1.5515e+00  1.7699e-01
 1.5520e+00  1.7701e-01
 1.5525e+00  1.7703e-01
 1.5530e+00  1.7705e-01
 1.5535e+00  1.7707e-01
 1.5540e+00  1.7709e-01
 1.5545e+00  1.7712e-01
 1.5550e+00  1.7714e-01
 1.5555e+00  1.7717e-01
 1.5560e+00  1.7720e-01
 1.5565e+00  1.7722e-01
 1.5570e+00  1.7725e-01
 1.5575e+00  1.7729e-01
 1.5580e+00  1.7732e-01
 1.5585e+00  1.7735e-01
 1.5590e+00  1.7739e-01
 1.5595e+00  1.7742e-01
 1.5600e+00  1.7746e-01
 1.5605e+00  1.7750e-01
 1.5610e+00  1.7753e-01
 1.5615e+00  1.7758e-01
 1.5620e+00  1.7762e-01
 1.5625e+00  1.7766e-01
 1.5630e+00  1.7770e-01
 1.5635e+00  1.7775e-01
 1.5640e+00  1.7779e-01
 1.5645e+00  1.7784e-01
 1.5650e+00  1.7788e-01
 1.5655e+00  1.7793e-01
 1.5660e+00  1.7798e-01
 1.5665e+00  1.7803e-01
 1.5670e+00  1.7808e-01
 1.5675e+00  1.7814e-01
 1.5680e+00  1.7819e-01
 1.5685e+00  1.7825e-01
 1.5690e+00  1.7830e-01
 1.5695e+00  1.7836e-01
 1.5700e+00  1.7842e-01
 1.5705e+00  1.7848e-01
 1.5710e+00  1.7854e-01
 1.5715e+00  1.7860e-01
 1.5720e+00  1.7866e-01
 1.5725e+00  1.7872e-01
 1.5730e+00  1.7878e-01
 1.5735e+00  1.7885e-01
 1.5740e+00  1.7891e-01
 1.5745e+00  1.7898e-01
 1.5750e+00  1.7905e-01
 1.5755e+00  1.7912e-01
 1.5760e+00  1.7919e-01
 1.5765e+00  1.7926e-01
 1.5770e+00  1.7933e-01
 1.5775e+00  1.7940e-01
 1.5780e+00  1.7947e-01
 1.5785e+00  1.7955e-01
 1.5790e+00  1.7962e-01
 1.5795e+00  1.7970e-01
 1.5800e+00  1.7977e-01
 1.5805e+00  1.7985e-01
 1.5810e+00  1.7993e-01
 1.5815e+00  1.8001e-01
 1.5820e+00  1.8009e-01
 1.5825e+00  1.8017e-01
 1.5830e+00  1.8025e-01
 1.5835e+00  1.8034e-01
 1.5840e+00  1.8042e-01
 1.5845e+00  1.8050e-01
 1.5850e+00  1.8059e-01
 1.5855e+00  1.8067e-01
 1.5860e+00  1.8076e-01
 1.5865e+00  1.8085e-01
 1.5870e+00  1.8094e-01
 1.5875e+00  1.8103e-01
 1.5880e+00  1.8112e-01
 1.5885e+00  1.8121e-01
 1.5890e+00  1.8130e-01
 1.5895e+00  1.8139e-01
 1.5900e+00  1.8148e-01
 1.5905e+00  1.8157e-01
 1.5910e+00  1.8167e-01
 1.5915e+00  1.8176e-01
 1.5920e+00  1.8185e-01
 1.5925e+00  1.8194e-01
 1.5930e+00  1.8203e-01
 1.5935e+00  1.8212e-01
 1.5940e+00  1.8221e-01
 1.5945e+00  1.8230e-01
 1.5950e+00  1.8238e-01
 1.5955e+00  1.8247e-01
 1.5960e+00  1.8255e-01
 1.5965e+00  1.8263e-01
 1.5970e+00  1.8271e-01
 1.5975e+00  1.8279e-01
 1.5980e+00  1.8286e-01
 1.5985e+00  1.8293e-01
 1.5990e+00  1.8300e-01
 1.5995e+00  1.8307e-01
 1.6000e+00  1.8313e-01
 1.6005e+00  1.8319e-01
 1.6010e+00  1.8325e-01
 1.6015e+00  1.8331e-01
 1.6020e+00  1.8336e-01
 1.6025e+00  1.8340e-01
 1.6030e+00  1.8345e-01
 1.6035e+00  1.8348e-01
 1.6040e+00  1.8352e-01
 1.6045e+00  1.8355e-01
 1.6050e+00  1.8357e-01
 1.6055e+00  1.8359e-01
 1.6060e+00  1.8361e-01
 1.6065e+00  1.8362e-01
 1.6070e+00  1.8362e-01
 1.6075e+00  1.8362e-01
 1.6080e+00  1.8361e-01
 1.6085e+00  1.8360e-01
 1.6090e+00  1.8358e-01
 1.6095e+00  1.8356e-01
 1.6100e+00  1.8353e-01
 1.6105e+00  1.8349e-01
 1.6110e+00  1.8345e-01
 1.6115e+00  1.8340e-01
 1.6120e+00  1.8334e-01
 1.6125e+00  1.8327e-01
 1.6130e+00  1.8320e-01
 1.6135e+00  1.8312e-01
 1.6140e+00  1.8303e-01
 1.6145e+00  1.8294e-01
 1.6150e+00  1.8283e-01
 1.6155e+00  1.8272e-01
 1.6160e+00  1.8260e-01
 1.6165e+00  1.8247e-01
 1.6170e+00  1.8234e-01
 1.6175e+00  1.8219e-01
 1.6180e+00  1.8204e-01
 1.6185e+00  1.8187e-01
 1.6190e+00  1.8170e-01
 1.6195e+00  1.8152e-01
 1.6200e+00  1.8133e-01
 1.6205e+00  1.8112e-01
 1.6210e+00  1.8091e-01
 1.6215e+00  1.8069e-01
 1.6220e+00  1.8046e-01
 1.6225e+00  1.8022e-01
 1.6230e+00  1.7996e-01
 1.6235e+00  1.7970e-01
 1.6240e+00  1.7943e-01
 1.6245e+00  1.7914e-01
 1.6250e+00  1.7884e-01
 1.6255e+00  1.7854e-01
 1.6260e+00  1.7822e-01
 1.6265e+00  1.7789e-01
 1.6270e+00  1.7754e-01
 1.6275e+00  1.7719e-01
 1.6280e+00  1.7682e-01
 1.6285e+00  1.7645e-01
 1.6290e+00  1.7606e-01
 1.6295e+00  1.7565e-01
 1.6300e+00  1.7524e-01
 1.6305e+00  1.7481e-01
 1.6310e+00  1.7437e-01
 1.6315e+00  1.7392e-01
 1.6320e+00  1.7345e-01
 1.6325e+00  1.7297e-01
 1.6330e+00  1.7248e-01
 1.6335e+00  1.7197e-01
 1.6340e+00  1.7145e-01
 1.6345e+00  1.7092e-01
 1.6350e+00  1.7038e-01
 1.6355e+00  1.6982e-01
 1.6360e+00  1.6924e-01
 1.6365e+00  1.6866e-01
 1.6370e+00  1.6805e-01
 1.6375e+00  1.6744e-01
 1.6380e+00  1.6681e-01
 1.6385e+00  1.6617e-01
 1.6390e+00  1.6551e-01
 1.6395e+00  1.6484e-01
 1.6400e+00  1.6415e-01
 1.6405e+00  1.6345e-01
 1.6410e+00  1.6274e-01
 1.6415e+00  1.6202e-01
 1.6420e+00  1.6129e-01
 1.6425e+00  1.6054e-01
 1.6430e+00  1.5979e-01
 1.6435e+00  1.5902e-01
 1.6440e+00  1.5824e-01
 1.6445e+00  1.5745e-01
 1.6450e+00  1.5666e-01
 1.6455e+00  1.5585e-01
 1.6460e+00  1.5503e-01
 1.6465e+00  1.5421e-01
 1.6470e+00  1.5338e-01
 1.6475e+00  1.5254e-01
 1.6480e+00  1.5169e-01
 1.6485e+00  1.5083e-01
 1.6490e+00  1.4997e-01
 1.6495e+00  1.4910e-01
 1.6500e+00  1.4822e-01
 1.6505e+00  1.4734e-01
 1.6510e+00  1.4645e-01
 1.6515e+00  1.4556e-01
 1.6520e+00  1.4466e-01
 1.6525e+00  1.4376e-01
 1.6530e+00  1.4285e-01
 1.6535e+00  1.4194e-01
 1.6540e+00  1.4102e-01
 1.6545e+00  1.4011e-01
 1.6550e+00  1.3918e-01
 1.6555e+00  1.3826e-01
 1.6560e+00  1.3733e-01
 1.6565e+00  1.3640e-01
 1.6570e+00  1.3547e-01
 1.6575e+00  1.3454e-01
 1.6580e+00  1.3360e-01
 1.6585e+00  1.3267e-01
 1.6590e+00  1.3173e-01
 1.6595e+00  1.3079e-01
 1.6600e+00  1.2986e-01
 1.6605e+00  1.2892e-01
 1.6610e+00  1.2798e-01
 1.6615e+00  1.2705e-01
 1.6620e+00  1.2611e-01
 1.6625e+00  1.2518e-01
 1.6630e+00  1.2425e-01
 1.6635e+00  1.2332e-01
 1.6640e+00  1.2239e-01
 1.6645e+00  1.2146e-01
 1.6650e+00  1.2054e-01
 1.6655e+00  1.1961e-01
 1.6660e+00  1.1870e-01
 1.6665e+00  1.1778e-01
 1.6670e+00  1.1687e-01
 1.6675e+00  1.1596e-01
 1.6680e+00  1.1506e-01
 1.6685e+00  1.1416e-01
 1.6690e+00  1.1326e-01
 1.6695e+00  1.1237e-01
 1.6700e+00  1.1148e-01
 1.6705e+00  1.1060e-01
 1.6710e+00  1.0972e-01
 1.6715e+00  1.0885e-01
 1.6720e+00  1.0798e-01
 1.6725e+00  1.0712e-01
 1.6730e+00  1.0627e-01
 1.6735e+00  1.0542e-01
 1.6740e+00  1.0458e-01
 1.6745e+00  1.0374e-01
 1.6750e+00  1.0291e-01
 1.6755e+00  1.0209e-01
 1.6760e+00  1.0128e-01
 1.6765e+00  1.0047e-01
 1.6770e+00  9.9666e-02
 1.6775e+00  9.8874e-02
 1.6780e+00  9.8088e-02
 1.6785e+00  9.7311e-02
 1.6790e+00  9.6542e-02
 1.6795e+00  9.5781e-02
 1.6800e+00  9.5028e-02
 1.6805e+00  9.4284e-02
 1.6810e+00  9.3548e-02
 1.6815e+00  9.2821e-02
 1.6820e+00  9.2103e-02
 1.6825e+00  9.1394e-02
 1.6830e+00  9.0695e-02
 1.6835e+00  9.0004e-02
 1.6840e+00  8.9324e-02
 1.6845e+00  8.8652e-02
 1.6850e+00  8.7990e-02
 1.6855e+00  8.7339e-02
 1.6860e+00  8.6697e-02
 1.6865e+00  8.6065e-02
 1.6870e+00  8.5444e-02
 1.6875e+00  8.4833e-02
 1.6880e+00  8.4232e-02
 1.6885e+00  8.3641e-02
 1.6890e+00  8.3061e-02
 1.6895e+00  8.2491e-02
 1.6900e+00  8.1931e-02
 1.6905e+00  8.1381e-02
 1.6910e+00  8.0840e-02
 1.6915e+00  8.0308e-02
 1.6920e+00  7.9785e-02
 1.6925e+00  7.9271e-02
 1.6930e+00  7.8766e-02
 1.6935e+00  7.8268e-02
 1.6940e+00  7.7779e-02
 1.6945e+00  7.7298e-02
 1.6950e+00  7.6825e-02
 1.6955e+00  7.6359e-02
 1.6960e+00  7.5900e-02
 1.6965e+00  7.5448e-02
 1.6970e+00  7.5004e-02
 1.6975e+00  7.4566e-02
 1.6980e+00  7.4135e-02
 1.6985e+00  7.3710e-02
 1.6990e+00  7.3291e-02
 1.6995e+00  7.2878e-02
 1.7000e+00  7.2472e-02
 1.7005e+00  7.2070e-02
 1.7010e+00  7.1675e-02
 1.7015e+00  7.1284e-02
 1.7020e+00  7.0899e-02
 1.7025e+00  7.0518e-02
 1.7030e+00  7.0143e-02
 1.7035e+00  6.9772e-02
 1.7040e+00  6.9405e-02
 1.7045e+00  6.9043e-02
 1.7050e+00  6.8685e-02
 1.7055e+00  6.8331e-02
 1.7060e+00  6.7980e-02
 1.7065e+00  6.7633e-02
 1.7070e+00  6.7290e-02
 1.7075e+00  6.6950e-02
 1.7080e+00  6.6613e-02
 1.7085e+00  6.6280e-02
 1.7090e+00  6.5949e-02
 1.7095e+00  6.5621e-02
 1.7100e+00  6.5295e-02
 1.7105e+00  6.4972e-02
 1.7110e+00  6.4651e-02
 1.7115e+00  6.4332e-02
 1.7120e+00  6.4015e-02
 1.7125e+00  6.3700e-02
 1.7130e+00  6.3387e-02
 1.7135e+00  6.3076e-02
 1.7140e+00  6.2765e-02
 1.7145e+00  6.2456e-02
 1.7150e+00  6.2149e-02
 1.7155e+00  6.1842e-02
 1.7160e+00  6.1536e-02
 1.7165e+00  6.1231e-02
 1.7170e+00  6.0926e-02
 1.7175e+00  6.0622e-02
 1.7180e+00  6.0318e-02
 1.7185e+00  6.0015e-02
 1.7190e+00  5.9712e-02
 1.7195e+00  5.9408e-02
 1.7200e+00  5.9105e-02
 1.7205e+00  5.8801e-02
 1.7210e+00  5.8497e-02
 1.7215e+00  5.8192e-02
 1.7220e+00  5.7887e-02
 1.7225e+00  5.7581e-02
 1.7230e+00  5.7274e-02
 1.7235e+00  5.6966e-02
 1.7240e+00  5.6657e-02
 1.7245e+00  5.6347e-02
 1.7250e+00  5.6035e-02
 1.7255e+00  5.5722e-02
 1.7260e+00  5.5408e-02
 1.7265e+00  5.5091e-02
 1.7270e+00  5.4774e-02
 1.7275e+00  5.4454e-02
 1.7280e+00  5.4132e-02
 1.7285e+00  5.3808e-02
 1.7290e+00  5.3482e-02
 1.7295e+00  5.3154e-02
 1.7300e+00  5.2824e-02
 1.7305e+00  5.2491e-02
 1.7310e+00  5.2155e-02
 1.7315e+00  5.1817e-02
 1.7320e+00  5.1477e-02
 1.7325e+00  5.1133e-02
 1.7330e+00  5.0787e-02
 1.7335e+00  5.0437e-02
 1.7340e+00  5.0085e-02
 1.7345e+00  4.9729e-02
 1.7350e+00  4.9370e-02
 1.7355e+00  4.9009e-02
 1.7360e+00  4.8643e-02
 1.7365e+00  4.8274e-02
 1.7370e+00  4.7902e-02
 1.7375e+00  4.7526e-02
 1.7380e+00  4.7147e-02
 1.7385e+00  4.6764e-02
 1.7390e+00  4.6378e-02
 1.7395e+00  4.5988e-02
 1.7400e+00  4.5596e-02
 1.7405e+00  4.5200e-02
 1.7410e+00  4.4802e-02
 1.7415e+00  4.4401e-02
 1.7420e+00  4.3998e-02
 1.7425e+00  4.3593e-02
 1.7430e+00  4.3186e-02
 1.7435e+00  4.2777e-02
 1.7440e+00  4.2366e-02
 1.7445e+00  4.1954e-02
 1.7450e+00  4.1541e-02
 1.7455e+00  4.1127e-02
 1.7460e+00  4.0712e-02
 1.7465e+00  4.0296e-02
 1.7470e+00  3.9880e-02
 1.7475e+00  3.9463e-02
 1.7480e+00  3.9046e-02
 1.7485e+00  3.8629e-02
 1.7490e+00  3.8212e-02
 1.7495e+00  3.7795e-02
 1.7500e+00  3.7379e-02
 1.7505e+00  3.6963e-02
 1.7510e+00  3.6548e-02
 1.7515e+00  3.6133e-02
 1.7520e+00  3.5720e-02
 1.7525e+00  3.5308e-02
 1.7530e+00  3.4897e-02
 1.7535e+00  3.4487e-02
 1.7540e+00  3.4079e-02
 1.7545e+00  3.3673e-02
 1.7550e+00  3.3269e-02
 1.7555e+00  3.2866e-02
 1.7560e+00  3.2466e-02
 1.7565e+00  3.2067e-02
 1.7570e+00  3.1671e-02
 1.7575e+00  3.1277e-02
 1.7580e+00  3.0886e-02
 1.7585e+00  3.0497e-02
 1.7590e+00  3.0111e-02
 1.7595e+00  2.9728e-02
 1.7600e+00  2.9348e-02
 1.7605e+00  2.8971e-02
 1.7610e+00  2.8597e-02
 1.7615e+00  2.8226e-02
 1.7620e+00  2.7858e-02
 1.7625e+00  2.7494e-02
 1.7630e+00  2.7133e-02
 1.7635e+00  2.6776e-02
 1.7640e+00  2.6422e-02
 1.7645e+00  2.6073e-02
 1.7650e+00  2.5726e-02
 1.7655e+00  2.5384e-02
 1.7660e+00  2.5046e-02
 1.7665e+00  2.4712e-02
 1.7670e+00  2.4381e-02
 1.7675e+00  2.4055e-02
 1.7680e+00  2.3733e-02
 1.7685e+00  2.3415e-02
 1.7690e+00  2.3102e-02
 1.7695e+00  2.2793e-02
 1.7700e+00  2.2488e-02
 1.7705e+00  2.2187e-02
 1.7710e+00  2.1891e-02
 1.7715e+00  2.1600e-02
 1.7720e+00  2.1313e-02
 1.7725e+00  2.1031e-02
 1.7730e+00  2.0753e-02
 1.7735e+00  2.0480e-02
 1.7740e+00  2.0212e-02
 1.7745e+00  1.9949e-02
 1.7750e+00  1.9690e-02
 1.7755e+00  1.9436e-02
 1.7760e+00  1.9187e-02
 1.7765e+00  1.8943e-02
 1.7770e+00  1.8704e-02
 1.7775e+00  1.8469e-02
 1.7780e+00  1.8240e-02
 1.7785e+00  1.8015e-02
 1.7790e+00  1.7795e-02
 1.7795e+00  1.7581e-02
 1.7800e+00  1.7371e-02
 1.7805e+00  1.7166e-02
 1.7810e+00  1.6967e-02
 1.7815e+00  1.6772e-02
 1.7820e+00  1.6583e-02
 1.7825e+00  1.6398e-02
 1.7830e+00  1.6219e-02
 1.7835e+00  1.6045e-02
 1.7840e+00  1.5876e-02
 1.7845e+00  1.5711e-02
 1.7850e+00  1.5553e-02
 1.7855e+00  1.5399e-02
 1.7860e+00  1.5250e-02
 1.7865e+00  1.5107e-02
 1.7870e+00  1.4969e-02
 1.7875e+00  1.4836e-02
 1.7880e+00  1.4708e-02
 1.7885e+00  1.4585e-02
 1.7890e+00  1.4468e-02
 1.7895e+00  1.4356e-02
 1.7900e+00  1.4248e-02
 1.7905e+00  1.4146e-02
 1.7910e+00  1.4048e-02
 1.7915e+00  1.3954e-02
 1.7920e+00  1.3866e-02
 1.7925e+00  1.3781e-02
 1.7930e+00  1.3701e-02
 1.7935e+00  1.3626e-02
 1.7940e+00  1.3554e-02
 1.7945e+00  1.3487e-02
 1.7950e+00  1.3423e-02
 1.7955e+00  1.3364e-02
 1.7960e+00  1.3308e-02
 1.7965e+00  1.3257e-02
 1.7970e+00  1.3209e-02
 1.7975e+00  1.3164e-02
 1.7980e+00  1.3124e-02
 1.7985e+00  1.3086e-02
 1.7990e+00  1.3053e-02
 1.7995e+00  1.3022e-02
 1.8000e+00  1.2996e-02
 1.8005e+00  1.2972e-02
 1.8010e+00  1.2951e-02
 1.8015e+00  1.2934e-02
 1.8020e+00  1.2920e-02
 1.8025e+00  1.2909e-02
 1.8030e+00  1.2901e-02
 1.8035e+00  1.2896e-02
 1.8040e+00  1.2894e-02
 1.8045e+00  1.2895e-02
 1.8050e+00  1.2898e-02
 1.8055e+00  1.2905e-02
 1.8060e+00  1.2914e-02
 1.8065e+00  1.2925e-02
 1.8070e+00  1.2940e-02
 1.8075e+00  1.2957e-02
 1.8080e+00  1.2976e-02
 1.8085e+00  1.2998e-02
 1.8090e+00  1.3023e-02
 1.8095e+00  1.3050e-02
 1.8100e+00  1.3079e-02
 1.8105e+00  1.3111e-02
 1.8110e+00  1.3145e-02
 1.8115e+00  1.3181e-02
 1.8120e+00  1.3220e-02
 1.8125e+00  1.3260e-02
 1.8130e+00  1.3303e-02
 1.8135e+00  1.3348e-02
 1.8140e+00  1.3395e-02
 1.8145e+00  1.3444e-02
 1.8150e+00  1.3495e-02
 1.8155e+00  1.3548e-02
 1.8160e+00  1.3603e-02
 1.8165e+00  1.3659e-02
 1.8170e+00  1.3718e-02
 1.8175e+00  1.3778e-02
 1.8180e+00  1.3841e-02
 1.8185e+00  1.3904e-02
 1.8190e+00  1.3970e-02
 1.8195e+00  1.4037e-02
 1.8200e+00  1.4105e-02
 1.8205e+00  1.4176e-02
 1.8210e+00  1.4247e-02
 1.8215e+00  1.4321e-02
 1.8220e+00  1.4395e-02
 1.8225e+00  1.4471e-02
 1.8230e+00  1.4549e-02
 1.8235e+00  1.4627e-02
 1.8240e+00  1.4707e-02
 1.8245e+00  1.4788e-02
 1.8250e+00  1.4870e-02
 1.8255e+00  1.4954e-02
 1.8260e+00  1.5038e-02
 1.8265e+00  1.5123e-02
 1.8270e+00  1.5210e-02
 1.8275e+00  1.5297e-02
 1.8280e+00  1.5385e-02
 1.8285e+00  1.5474e-02
 1.8290e+00  1.5564e-02
 1.8295e+00  1.5654e-02
 1.8300e+00  1.5746e-02
 1.8305e+00  1.5837e-02
 1.8310e+00  1.5930e-02
 1.8315e+00  1.6023e-02
 1.8320e+00  1.6116e-02
 1.8325e+00  1.6210e-02
 1.8330e+00  1.6304e-02
 1.8335e+00  1.6398e-02
 1.8340e+00  1.6493e-02
 1.8345e+00  1.6587e-02
 1.8350e+00  1.6682e-02
 1.8355e+00  1.6777e-02
 1.8360e+00  1.6872e-02
 1.8365e+00  1.6967e-02
 1.8370e+00  1.7062e-02
 1.8375e+00  1.7156e-02
 1.8380e+00  1.7250e-02
 1.8385e+00  1.7344e-02
 1.8390e+00  1.7438e-02
 1.8395e+00  1.7532e-02
 1.8400e+00  1.7625e-02
 1.8405e+00  1.7717e-02
 1.8410e+00  1.7810e-02
 1.8415e+00  1.7902e-02
 1.8420e+00  1.7994e-02
 1.8425e+00  1.8085e-02
 1.8430e+00  1.8176e-02
 1.8435e+00  1.8267e-02
 1.8440e+00  1.8357e-02
 1.8445e+00  1.8447e-02
 1.8450e+00  1.8537e-02
 1.8455e+00  1.8626e-02
 1.8460e+00  1.8715e-02
 1.8465e+00  1.8804e-02
 1.8470e+00  1.8892e-02
 1.8475e+00  1.8980e-02
 1.8480e+00  1.9067e-02
 1.8485e+00  1.9154e-02
 1.8490e+00  1.9241e-02
 1.8495e+00  1.9328e-02
 1.8500e+00  1.9414e-02
 1.8505e+00  1.9499e-02
 1.8510e+00  1.9584e-02
 1.8515e+00  1.9669e-02
 1.8520e+00  1.9754e-02
 1.8525e+00  1.9838e-02
 1.8530e+00  1.9922e-02
 1.8535e+00  2.0005e-02
 1.8540e+00  2.0088e-02
 1.8545e+00  2.0170e-02
 1.8550e+00  2.0252e-02
 1.8555e+00  2.0334e-02
 1.8560e+00  2.0415e-02
 1.8565e+00  2.0496e-02
 1.8570e+00  2.0577e-02
 1.8575e+00  2.0657e-02
 1.8580e+00  2.0737e-02
 1.8585e+00  2.0816e-02
 1.8590e+00  2.0895e-02
 1.8595e+00  2.0973e-02
 1.8600e+00  2.1051e-02
 1.8605e+00  2.1129e-02
 1.8610e+00  2.1206e-02
 1.8615e+00  2.1283e-02
 1.8620e+00  2.1359e-02
 1.8625e+00  2.1435e-02
 1.8630e+00  2.1511e-02
 1.8635e+00  2.1586e-02
 1.8640e+00  2.1660e-02
 1.8645e+00  2.1735e-02
 1.8650e+00  2.1809e-02
 1.8655e+00  2.1882e-02
 1.8660e+00  2.1955e-02
 1.8665e+00  2.2027e-02
 1.8670e+00  2.2100e-02
 1.8675e+00  2.2171e-02
 1.8680e+00  2.2242e-02
 1.8685e+00  2.2313e-02
 1.8690e+00  2.2384e-02
 1.8695e+00  2.2454e-02
 1.8700e+00  2.2523e-02
 1.8705e+00  2.2592e-02
 1.8710e+00  2.2661e-02
 1.8715e+00  2.2729e-02
 1.8720e+00  2.2797e-02
 1.8725e+00  2.2864e-02
 1.8730e+00  2.2931e-02
 1.8735e+00  2.2997e-02
 1.8740e+00  2.3063e-02
 1.8745e+00  2.3129e-02
 1.8750e+00  2.3194e-02
 1.8755e+00  2.3258e-02
 1.8760e+00  2.3323e-02
 1.8765e+00  2.3386e-02
 1.8770e+00  2.3450e-02
 1.8775e+00  2.3512e-02
 1.8780e+00  2.3575e-02
 1.8785e+00  2.3637e-02
 1.8790e+00  2.3698e-02
 1.8795e+00  2.3759e-02
 1.8800e+00  2.3820e-02
 1.8805e+00  2.3880e-02
 1.8810e+00  2.3940e-02
 1.8815e+00  2.3999e-02
 1.8820e+00  2.4058e-02
 1.8825e+00  2.4116e-02
 1.8830e+00  2.4174e-02
 1.8835e+00  2.4232e-02
 1.8840e+00  2.4289e-02
 1.8845e+00  2.4345e-02
 1.8850e+00  2.4402e-02
 1.8855e+00  2.4457e-02
 1.8860e+00  2.4513e-02
 1.8865e+00  2.4567e-02
 1.8870e+00  2.4622e-02
 1.8875e+00  2.4676e-02
 1.8880e+00  2.4729e-02
 1.8885e+00  2.4782e-02
 1.8890e+00  2.4835e-02
 1.8895e+00  2.4887e-02
 1.8900e+00  2.4939e-02
 1.8905e+00  2.4990e-02
 1.8910e+00  2.5041e-02
 1.8915e+00  2.5091e-02
 1.8920e+00  2.5141e-02
 1.8925e+00  2.5191e-02
 1.8930e+00  2.5240e-02
 1.8935e+00  2.5288e-02
 1.8940e+00  2.5336e-02
 1.8945e+00  2.5384e-02
 1.8950e+00  2.5431e-02
 1.8955e+00  2.5478e-02
 1.8960e+00  2.5525e-02
 1.8965e+00  2.5571e-02
 1.8970e+00  2.5616e-02
 1.8975e+00  2.5661e-02
 1.8980e+00  2.5706e-02
 1.8985e+00  2.5750e-02
 1.8990e+00  2.5794e-02
 1.8995e+00  2.5837e-02
 1.9000e+00  2.5880e-02
 1.9005e+00  2.5923e-02
 1.9010e+00  2.5965e-02
 1.9015e+00  2.6007e-02
 1.9020e+00  2.6048e-02
 1.9025e+00  2.6089e-02
 1.9030e+00  2.6129e-02
 1.9035e+00  2.6169e-02
 1.9040e+00  2.6209e-02
 1.9045e+00  2.6248e-02
 1.9050e+00  2.6286e-02
 1.9055e+00  2.6325e-02
 1.9060e+00  2.6362e-02
 1.9065e+00  2.6400e-02
 1.9070e+00  2.6437e-02
 1.9075e+00  2.6473e-02
 1.9080e+00  2.6510e-02
 1.9085e+00  2.6545e-02
 1.9090e+00  2.6581e-02
 1.9095e+00  2.6616e-02
 1.9100e+00  2.6650e-02
 1.9105e+00  2.6684e-02
 1.9110e+00  2.6718e-02
 1.9115e+00  2.6751e-02
 1.9120e+00  2.6784e-02
 1.9125e+00  2.6817e-02
 1.9130e+00  2.6849e-02
 1.9135e+00  2.6881e-02
 1.9140e+00  2.6912e-02
 1.9145e+00  2.6943e-02
 1.9150e+00  2.6973e-02
 1.9155e+00  2.7003e-02
 1.9160e+00  2.7033e-02
 1.9165e+00  2.7063e-02
 1.9170e+00  2.7092e-02
 1.9175e+00  2.7120e-02
 1.9180e+00  2.7148e-02
 1.9185e+00  2.7176e-02
 1.9190e+00  2.7203e-02
 1.9195e+00  2.7231e-02
 1.9200e+00  2.7257e-02
 1.9205e+00  2.7283e-02
 1.9210e+00  2.7309e-02
 1.9215e+00  2.7335e-02
 1.9220e+00  2.7360e-02
 1.9225e+00  2.7385e-02
 1.9230e+00  2.7409e-02
 1.9235e+00  2.7433e-02
 1.9240e+00  2.7457e-02
 1.9245e+00  2.7480e-02
 1.9250e+00  2.7503e-02
 1.9255e+00  2.7526e-02
 1.9260e+00  2.7548e-02
 1.9265e+00  2.7570e-02
 1.9270e+00  2.7591e-02
 1.9275e+00  2.7612e-02
 1.9280e+00  2.7633e-02
 1.9285e+00  2.7653e-02
 1.9290e+00  2.7674e-02
 1.9295e+00  2.7693e-02
 1.9300e+00  2.7713e-02
 1.9305e+00  2.7732e-02
 1.9310e+00  2.7750e-02
 1.9315e+00  2.7769e-02
 1.9320e+00  2.7787e-02
 1.9325e+00  2.7804e-02
 1.9330e+00  2.7822e-02
 1.9335e+00  2.7839e-02
 1.9340e+00  2.7855e-02
 1.9345e+00  2.7872e-02
 1.9350e+00  2.7888e-02
 1.9355e+00  2.7904e-02
 1.9360e+00  2.7919e-02
 1.9365e+00  2.7934e-02
 1.9370e+00  2.7949e-02
 1.9375e+00  2.7963e-02
 1.9380e+00  2.7977e-02
 1.9385e+00  2.7991e-02
 1.9390e+00  2.8005e-02
 1.9395e+00  2.8018e-02
 1.9400e+00  2.8031e-02
 1.9405e+00  2.8043e-02
 1.9410e+00  2.8056e-02
 1.9415e+00  2.8067e-02
 1.9420e+00  2.8079e-02
 1.9425e+00  2.8091e-02
 1.9430e+00  2.8102e-02
 1.9435e+00  2.8112e-02
 1.9440e+00  2.8123e-02
 1.9445e+00  2.8133e-02
 1.9450e+00  2.8143e-02
 1.9455e+00  2.8153e-02
 1.9460e+00  2.8162e-02
 1.9465e+00  2.8171e-02
 1.9470e+00  2.8180e-02
 1.9475e+00  2.8189e-02
 1.9480e+00  2.8197e-02
 1.9485e+00  2.8205e-02
 1.9490e+00  2.8213e-02
 1.9495e+00  2.8220e-02
 1.9500e+00  2.8227e-02
 1.9505e+00  2.8234e-02
 1.9510e+00  2.8241e-02
 1.9515e+00  2.8247e-02
 1.9520e+00  2.8254e-02
 1.9525e+00  2.8259e-02
 1.9530e+00  2.8265e-02
 1.9535e+00  2.8271e-02
 1.9540e+00  2.8276e-02
 1.9545e+00  2.8281e-02
 1.9550e+00  2.8285e-02
 1.9555e+00  2.8290e-02
 1.9560e+00  2.8294e-02
 1.9565e+00  2.8298e-02
 1.9570e+00  2.8302e-02
 1.9575e+00  2.8305e-02
 1.9580e+00  2.8309e-02
 1.9585e+00  2.8312e-02
 1.9590e+00  2.8314e-02
 1.9595e+00  2.8317e-02
 1.9600e+00  2.8320e-02
 1.9605e+00  2.8322e-02
 1.9610e+00  2.8324e-02
 1.9615e+00  2.8325e-02
 1.9620e+00  2.8327e-02
 1.9625e+00  2.8328e-02
 1.9630e+00  2.8330e-02
 1.9635e+00  2.8331e-02
 1.9640e+00  2.8331e-02
 1.9645e+00  2.8332e-02
 1.9650e+00  2.8332e-02
 1.9655e+00  2.8332e-02
 1.9660e+00  2.8332e-02
 1.9665e+00  2.8332e-02
 1.9670e+00  2.8332e-02
 1.9675e+00  2.8331e-02
 1.9680e+00  2.8330e-02
 1.9685e+00  2.8330e-02
 1.9690e+00  2.8328e-02
 1.9695e+00  2.8327e-02
 1.9700e+00  2.8326e-02
 1.9705e+00  2.8324e-02
 1.9710e+00  2.8322e-02
 1.9715e+00  2.8320e-02
 1.9720e+00  2.8318e-02
 1.9725e+00  2.8316e-02
 1.9730e+00  2.8314e-02
 1.9735e+00  2.8311e-02
 1.9740e+00  2.8308e-02
 1.9745e+00  2.8306e-02
 1.9750e+00  2.8303e-02
 1.9755e+00  2.8299e-02
 1.9760e+00  2.8296e-02
 1.9765e+00  2.8293e-02
 1.9770e+00  2.8289e-02
 1.9775e+00  2.8285e-02
 1.9780e+00  2.8282e-02
 1.9785e+00  2.8278e-02
 1.9790e+00  2.8274e-02
 1.9795e+00  2.8269e-02
 1.9800e+00  2.8265e-02
 1.9805e+00  2.8260e-02
 1.9810e+00  2.8256e-02
 1.9815e+00  2.8251e-02
 1.9820e+00  2.8247e-02
 1.9825e+00  2.8242e-02
 1.9830e+00  2.8237e-02
 1.9835e+00  2.8231e-02
 1.9840e+00  2.8226e-02
 1.9845e+00  2.8221e-02
 1.9850e+00  2.8216e-02
 1.9855e+00  2.8210e-02
 1.9860e+00  2.8204e-02
 1.9865e+00  2.8199e-02
 1.9870e+00  2.8193e-02
 1.9875e+00  2.8187e-02
 1.9880e+00  2.8181e-02
 1.9885e+00  2.8175e-02
 1.9890e+00  2.8169e-02
 1.9895e+00  2.8163e-02
 1.9900e+00  2.8157e-02
 1.9905e+00  2.8150e-02
 1.9910e+00  2.8144e-02
 1.9915e+00  2.8137e-02
 1.9920e+00  2.8131e-02
 1.9925e+00  2.8125e-02
 1.9930e+00  2.8118e-02
 1.9935e+00  2.8111e-02
 1.9940e+00  2.8104e-02
 1.9945e+00  2.8098e-02
 1.9950e+00  2.8091e-02
 1.9955e+00  2.8084e-02
 1.9960e+00  2.8077e-02
 1.9965e+00  2.8070e-02
 1.9970e+00  2.8063e-02
 1.9975e+00  2.8056e-02
 1.9980e+00  2.8049e-02
 1.9985e+00  2.8042e-02
 1.9990e+00  2.8035e-02
 1.9995e+00  2.8028e-02
 2.0000e+00  2.8021e-02