#     mass     R_mu^F
 1.4800e+00  0.0000e+00
 1.4805e+00  3.9781e-02
 1.4810e+00  4.6595e-02
 1.4815e+00  5.3357e-02
 1.4820e+00  6.0093e-02
 1.4825e+00  6.6790e-02
 1.4830e+00  7.3438e-02
 1.4835e+00  8.0039e-02
 1.4840e+00  8.6581e-02
 1.4845e+00  9.3083e-02
 1.4850e+00  9.9510e-02
 1.4855e+00  1.0588e-01
 1.4860e+00  1.1218e-01
 1.4865e+00  1.1843e-01
 1.4870e+00  1.2459e-01
 1.4875e+00  1.3069e-01
 1.4880e+00  1.3671e-01
 1.4885e+00  1.4263e-01
 1.4890e+00  1.4847e-01
 1.4895e+00  1.5423e-01
 1.4900e+00  1.5988e-01
 1.4905e+00  1.6546e-01
 1.4910e+00  1.7092e-01
 1.4915e+00  1.7629e-01
 1.4920e+00  1.8155e-01
 1.4925e+00  1.8669e-01
 1.4930e+00  1.9173e-01
 1.4935e+00  1.9665e-01
 1.4940e+00  2.0146e-01
 1.4945e+00  2.0614e-01
 1.4950e+00  2.1068e-01
 1.4955e+00  2.1511e-01
 1.4960e+00  2.1939e-01
 1.4965e+00  2.2354e-01
 1.4970e+00  2.2755e-01
 1.4975e+00  2.3142e-01
 1.4980e+00  2.3514e-01
 1.4985e+00  2.3870e-01
 1.4990e+00  2.4212e-01
 1.4995e+00  2.4537e-01
 1.5000e+00  2.4847e-01
 1.5005e+00  2.5150e-01
 1.5010e+00  2.5437e-01
 1.5015e+00  2.5707e-01
 1.5020e+00  2.5963e-01
 1.5025e+00  2.6202e-01
 1.5030e+00  2.6426e-01
 1.5035e+00  2.6635e-01
 1.5040e+00  2.6830e-01
 1.5045e+00  2.7010e-01
 1.5050e+00  2.7175e-01
 1.5055e+00  2.7325e-01
 1.5060e+00  2.7464e-01
 1.5065e+00  2.7588e-01
 1.5070e+00  2.7699e-01
 1.5075e+00  2.7796e-01
 1.5080e+00  2.7880e-01
 1.5085e+00  2.7951e-01
 1.5090e+00  2.8011e-01
 1.5095e+00  2.8058e-01
 1.5100e+00  2.8092e-01
 1.5105e+00  2.8116e-01
 1.5110e+00  2.8127e-01
 1.5115e+00  2.8127e-01
 1.5120e+00  2.8116e-01
 1.5125e+00  2.8093e-01
 1.5130e+00  2.8061e-01
 1.5135e+00  2.8017e-01
 1.5140e+00  2.7964e-01
 1.5145e+00  2.7901e-01
 1.5150e+00  2.7828e-01
 1.5155e+00  2.7745e-01
 1.5160e+00  2.7653e-01
 1.5165e+00  2.7552e-01
 1.5170e+00  2.7442e-01
 1.5175e+00  2.7324e-01
 1.5180e+00  2.7197e-01
 1.5185e+00  2.7061e-01
 1.5190e+00  2.6919e-01
 1.5195e+00  2.6767e-01
 1.5200e+00  2.6609e-01
 1.5205e+00  2.6444e-01
 1.5210e+00  2.6271e-01
 1.5215e+00  2.6092e-01
 1.5220e+00  2.5906e-01
 1.5225e+00  2.5715e-01
 1.5230e+00  2.5517e-01
 1.5235e+00  2.5312e-01
 1.5240e+00  2.5103e-01
 1.5245e+00  2.4888e-01
 1.5250e+00  2.4667e-01
 1.5255e+00  2.4442e-01
 1.5260e+00  2.4213e-01
 1.5265e+00  2.3978e-01
 1.5270e+00  2.3740e-01
 1.5275e+00  2.3498e-01
 1.5280e+00  2.3251e-01
 1.5285e+00  2.3001e-01
 1.5290e+00  2.2748e-01
 1.5295e+00  2.2492e-01
 1.5300e+00  2.2232e-01
 1.5305e+00  2.1971e-01
 1.5310e+00  2.1706e-01
 1.5315e+00  2.1441e-01
 1.5320e+00  2.1172e-01
 1.5325e+00  2.0902e-01
 1.5330e+00  2.0632e-01
 1.5335e+00  2.0359e-01
 1.5340e+00  2.0085e-01
 1.5345e+00  1.9810e-01
 1.5350e+00  1.9536e-01
 1.5355e+00  1.9261e-01
 1.5360e+00  1.8985e-01
 1.5365e+00  1.8710e-01
 1.5370e+00  1.8436e-01
 1.5375e+00  1.8162e-01
 1.5380e+00  1.7889e-01
 1.5385e+00  1.7617e-01
 1.5390e+00  1.7346e-01
 1.5395e+00  1.7077e-01
 1.5400e+00  1.6809e-01
 1.5405e+00  1.6544e-01
 1.5410e+00  1.6282e-01
 1.5415e+00  1.6021e-01
 1.5420e+00  1.5763e-01
 1.5425e+00  1.5509e-01
 1.5430e+00  1.5256e-01
 1.5435e+00  1.5009e-01
 1.5440e+00  1.4765e-01
 1.5445e+00  1.4524e-01
 1.5450e+00  1.4288e-01
 1.5455e+00  1.4055e-01
 1.5460e+00  1.3827e-01
 1.5465e+00  1.3605e-01
 1.5470e+00  1.3388e-01
 1.5475e+00  1.3176e-01
 1.5480e+00  1.2970e-01
 1.5485e+00  1.2769e-01
 1.5490e+00  1.2575e-01
 1.5495e+00  1.2386e-01
 1.5500e+00  1.2204e-01
 1.5505e+00  1.2029e-01
 1.5510e+00  1.1861e-01
 1.5515e+00  1.1698e-01
 1.5520e+00  1.1544e-01
 1.5525e+00  1.1395e-01
 1.5530e+00  1.1253e-01
 1.5535e+00  1.1118e-01
 1.5540e+00  1.0989e-01
 1.5545e+00  1.0867e-01
 1.5550e+00  1.0750e-01
 1.5555e+00  1.0642e-01
 1.5560e+00  1.0538e-01
 1.5565e+00  1.0441e-01
 1.5570e+00  1.0350e-01
 1.5575e+00  1.0267e-01
 1.5580e+00  1.0189e-01
 1.5585e+00  1.0118e-01
 1.5590e+00  1.0052e-01
 1.5595e+00  9.9919e-02
 1.5600e+00  9.9389e-02
 1.5605e+00  9.8916e-02
 1.5610e+00  9.8509e-02
 1.5615e+00  9.8159e-02
 1.5620e+00  9.7866e-02
 1.5625e+00  9.7628e-02
 1.5630e+00  9.7467e-02
 1.5635e+00  9.7353e-02
 1.5640e+00  9.7304e-02
 1.5645e+00  9.7302e-02
 1.5650e+00  9.7365e-02
 1.5655e+00  9.7475e-02
 1.5660e+00  9.7660e-02
 1.5665e+00  9.7891e-02
 1.5670e+00  9.8188e-02
 1.5675e+00  9.8529e-02
 1.5680e+00  9.8928e-02
 1.5685e+00  9.9391e-02
 1.5690e+00  9.9899e-02
 1.5695e+00  1.0047e-01
 1.5700e+00  1.0110e-01
 1.5705e+00  1.0178e-01
 1.5710e+00  1.0251e-01
 1.5715e+00  1.0330e-01
 1.5720e+00  1.0413e-01
 1.5725e+00  1.0502e-01
 1.5730e+00  1.0597e-01
 1.5735e+00  1.0696e-01
 1.5740e+00  1.0801e-01
 1.5745e+00  1.0911e-01
 1.5750e+00  1.1027e-01
 1.5755e+00  1.1148e-01
 1.5760e+00  1.1272e-01
 1.5765e+00  1.1403e-01
 1.5770e+00  1.1538e-01
 1.5775e+00  1.1679e-01
 1.5780e+00  1.1825e-01
 1.5785e+00  1.1975e-01
 1.5790e+00  1.2130e-01
 1.5795e+00  1.2290e-01
 1.5800e+00  1.2454e-01
 1.5805e+00  1.2624e-01
 1.5810e+00  1.2798e-01
 1.5815e+00  1.2978e-01
 1.5820e+00  1.3162e-01
 1.5825e+00  1.3350e-01
 1.5830e+00  1.3544e-01
 1.5835e+00  1.3741e-01
 1.5840e+00  1.3944e-01
 1.5845e+00  1.4150e-01
 1.5850e+00  1.4362e-01
 1.5855e+00  1.4577e-01
 1.5860e+00  1.4797e-01
 1.5865e+00  1.5023e-01
 1.5870e+00  1.5251e-01
 1.5875e+00  1.5485e-01
 1.5880e+00  1.5723e-01
 1.5885e+00  1.5965e-01
 1.5890e+00  1.6210e-01
 1.5895e+00  1.6461e-01
 1.5900e+00  1.6716e-01
 1.5905e+00  1.6973e-01
 1.5910e+00  1.7236e-01
 1.5915e+00  1.7504e-01
 1.5920e+00  1.7775e-01
 1.5925e+00  1.8051e-01
 1.5930e+00  1.8331e-01
 1.5935e+00  1.8614e-01
 1.5940e+00  1.8902e-01
 1.5945e+00  1.9194e-01
 1.5950e+00  1.9490e-01
 1.5955e+00  1.9790e-01
 1.5960e+00  2.0092e-01
 1.5965e+00  2.0401e-01
 1.5970e+00  2.0712e-01
 1.5975e+00  2.1029e-01
 1.5980e+00  2.1348e-01
 1.5985e+00  2.1672e-01
 1.5990e+00  2.2000e-01
 1.5995e+00  2.2331e-01
 1.6000e+00  2.2667e-01
 1.6005e+00  2.3005e-01
 1.6010e+00  2.3348e-01
 1.6015e+00  2.3695e-01
 1.6020e+00  2.4045e-01
 1.6025e+00  2.4399e-01
 1.6030e+00  2.4757e-01
 1.6035e+00  2.5117e-01
 1.6040e+00  2.5482e-01
 1.6045e+00  2.5848e-01
 1.6050e+00  2.6219e-01
 1.6055e+00  2.6593e-01
 1.6060e+00  2.6969e-01
 1.6065e+00  2.7347e-01
 1.6070e+00  2.7729e-01
 1.6075e+00  2.8114e-01
 1.6080e+00  2.8501e-01
 1.6085e+00  2.8891e-01
 1.6090e+00  2.9283e-01
 1.6095e+00  2.9679e-01
 1.6100e+00  3.0075e-01
 1.6105e+00  3.0474e-01
 1.6110e+00  3.0876e-01
 1.6115e+00  3.1279e-01
 1.6120e+00  3.1684e-01
 1.6125e+00  3.2092e-01
 1.6130e+00  3.2500e-01
 1.6135e+00  3.2911e-01
 1.6140e+00  3.3323e-01
 1.6145e+00  3.3736e-01
 1.6150e+00  3.4151e-01
 1.6155e+00  3.4568e-01
 1.6160e+00  3.4985e-01
 1.6165e+00  3.5406e-01
 1.6170e+00  3.5826e-01
 1.6175e+00  3.6246e-01
 1.6180e+00  3.6668e-01
 1.6185e+00  3.7092e-01
 1.6190e+00  3.7515e-01
 1.6195e+00  3.7939e-01
 1.6200e+00  3.8364e-01
 1.6205e+00  3.8789e-01
 1.6210e+00  3.9216e-01
 1.6215e+00  3.9642e-01
 1.6220e+00  4.0069e-01
 1.6225e+00  4.0495e-01
 1.6230e+00  4.0922e-01
 1.6235e+00  4.1349e-01
 1.6240e+00  4.1775e-01
 1.6245e+00  4.2202e-01
 1.6250e+00  4.2628e-01
 1.6255e+00  4.3054e-01
 1.6260e+00  4.3479e-01
 1.6265e+00  4.3904e-01
 1.6270e+00  4.4329e-01
 1.6275e+00  4.4751e-01
 1.6280e+00  4.5176e-01
 1.6285e+00  4.5597e-01
 1.6290e+00  4.6018e-01
 1.6295e+00  4.6438e-01
 1.6300e+00  4.6857e-01
 1.6305e+00  4.7274e-01
 1.6310e+00  4.7691e-01
 1.6315e+00  4.8106e-01
 1.6320e+00  4.8518e-01
 1.6325e+00  4.8930e-01
 1.6330e+00  4.9340e-01
 1.6335e+00  4.9749e-01
 1.6340e+00  5.0155e-01
 1.6345e+00  5.0559e-01
 1.6350e+00  5.0962e-01
 1.6355e+00  5.1355e-01
 1.6360e+00  5.1704e-01
 1.6365e+00  5.2049e-01
 1.6370e+00  5.2391e-01
 1.6375e+00  5.2730e-01
 1.6380e+00  5.3067e-01
 1.6385e+00  5.3401e-01
 1.6390e+00  5.3732e-01
 1.6395e+00  5.4059e-01
 1.6400e+00  5.4383e-01
 1.6405e+00  5.4702e-01
 1.6410e+00  5.5019e-01
 1.6415e+00  5.5332e-01
 1.6420e+00  5.5641e-01
 1.6425e+00  5.5946e-01
 1.6430e+00  5.6246e-01
 1.6435e+00  5.6542e-01
 1.6440e+00  5.6834e-01
 1.6445e+00  5.7121e-01
 1.6450e+00  5.7404e-01
 1.6455e+00  5.7681e-01
 1.6460e+00  5.7954e-01
 1.6465e+00  5.8222e-01
 1.6470e+00  5.8484e-01
 1.6475e+00  5.8742e-01
 1.6480e+00  5.8993e-01
 1.6485e+00  5.9239e-01
 1.6490e+00  5.9479e-01
 1.6495e+00  5.9713e-01
 1.6500e+00  5.9941e-01
 1.6505e+00  6.0164e-01
 1.6510e+00  6.0381e-01
 1.6515e+00  6.0590e-01
 1.6520e+00  6.0794e-01
 1.6525e+00  6.0994e-01
 1.6530e+00  6.1187e-01
 1.6535e+00  6.1375e-01
 1.6540e+00  6.1556e-01
 1.6545e+00  6.1733e-01
 1.6550e+00  6.1905e-01
 1.6555e+00  6.2072e-01
 1.6560e+00  6.2234e-01
 1.6565e+00  6.2391e-01
 1.6570e+00  6.2541e-01
 1.6575e+00  6.2689e-01
 1.6580e+00  6.2831e-01
 1.6585e+00  6.2969e-01
 1.6590e+00  6.3102e-01
 1.6595e+00  6.3232e-01
 1.6600e+00  6.3355e-01
 1.6605e+00  6.3476e-01
 1.6610e+00  6.3594e-01
 1.6615e+00  6.3706e-01
 1.6620e+00  6.3815e-01
 1.6625e+00  6.3921e-01
 1.6630e+00  6.4022e-01
 1.6635e+00  6.4121e-01
 1.6640e+00  6.4215e-01
 1.6645e+00  6.4306e-01
 1.6650e+00  6.4395e-01
 1.6655e+00  6.4480e-01
 1.6660e+00  6.4562e-01
 1.6665e+00  6.4641e-01
 1.6670e+00  6.4718e-01
 1.6675e+00  6.4792e-01
 1.6680e+00  6.4864e-01
 1.6685e+00  6.4933e-01
 1.6690e+00  6.5000e-01
 1.6695e+00  6.5064e-01
 1.6700e+00  6.5127e-01
 1.6705e+00  6.5187e-01
 1.6710e+00  6.5246e-01
 1.6715e+00  6.5302e-01
 1.6720e+00  6.5359e-01
 1.6725e+00  6.5412e-01
 1.6730e+00  6.5464e-01
 1.6735e+00  6.5515e-01
 1.6740e+00  6.5564e-01
 1.6745e+00  6.5613e-01
 1.6750e+00  6.5661e-01
 1.6755e+00  6.5707e-01
 1.6760e+00  6.5754e-01
 1.6765e+00  6.5799e-01
 1.6770e+00  6.5845e-01
 1.6775e+00  6.5889e-01
 1.6780e+00  6.5933e-01
 1.6785e+00  6.5978e-01
 1.6790e+00  6.6022e-01
 1.6795e+00  6.6066e-01
 1.6800e+00  6.6110e-01
 1.6805e+00  6.6155e-01
 1.6810e+00  6.6200e-01
 1.6815e+00  6.6246e-01
 1.6820e+00  6.6293e-01
 1.6825e+00  6.6341e-01
 1.6830e+00  6.6387e-01
 1.6835e+00  6.6437e-01
 1.6840e+00  6.6488e-01
 1.6845e+00  6.6538e-01
 1.6850e+00  6.6592e-01
 1.6855e+00  6.6647e-01
 1.6860e+00  6.6703e-01
 1.6865e+00  6.6760e-01
 1.6870e+00  6.6820e-01
 1.6875e+00  6.6882e-01
 1.6880e+00  6.6947e-01
 1.6885e+00  6.7012e-01
 1.6890e+00  6.7081e-01
 1.6895e+00  6.7152e-01
 1.6900e+00  6.7226e-01
 1.6905e+00  6.7303e-01
 1.6910e+00  6.7383e-01
 1.6915e+00  6.7466e-01
 1.6920e+00  6.7552e-01
 1.6925e+00  6.7643e-01
 1.6930e+00  6.7737e-01
 1.6935e+00  6.7833e-01
 1.6940e+00  6.7935e-01
 1.6945e+00  6.8040e-01
 1.6950e+00  6.8150e-01
 1.6955e+00  6.8264e-01
 1.6960e+00  6.8383e-01
 1.6965e+00  6.8507e-01
 1.6970e+00  6.8636e-01
 1.6975e+00  6.8769e-01
 1.6980e+00  6.8908e-01
 1.6985e+00  6.9052e-01
 1.6990e+00  6.9201e-01
 1.6995e+00  6.9357e-01
 1.7000e+00  6.9518e-01
 1.7005e+00  6.9685e-01
 1.7010e+00  6.9858e-01
 1.7015e+00  7.0038e-01
 1.7020e+00  7.0222e-01
 1.7025e+00  7.0412e-01
 1.7030e+00  7.0608e-01
 1.7035e+00  7.0810e-01
 1.7040e+00  7.1016e-01
 1.7045e+00  7.1228e-01
 1.7050e+00  7.1444e-01
 1.7055e+00  7.1668e-01
 1.7060e+00  7.1894e-01
 1.7065e+00  7.2126e-01
 1.7070e+00  7.2363e-01
 1.7075e+00  7.2605e-01
 1.7080e+00  7.2852e-01
 1.7085e+00  7.3103e-01
 1.7090e+00  7.3358e-01
 1.7095e+00  7.3604e-01
 1.7100e+00  7.3739e-01
 1.7105e+00  7.3875e-01
 1.7110e+00  7.4014e-01
 1.7115e+00  7.4155e-01
 1.7120e+00  7.4299e-01
 1.7125e+00  7.4445e-01
 1.7130e+00  7.4592e-01
 1.7135e+00  7.4743e-01
 1.7140e+00  7.4896e-01
 1.7145e+00  7.5050e-01
 1.7150e+00  7.5206e-01
 1.7155e+00  7.5365e-01
 1.7160e+00  7.5526e-01
 1.7165e+00  7.5688e-01
 1.7170e+00  7.5852e-01
 1.7175e+00  7.6017e-01
 1.7180e+00  7.6185e-01
 1.7185e+00  7.6353e-01
 1.7190e+00  7.6523e-01
 1.7195e+00  7.6694e-01
 1.7200e+00  7.6867e-01
 1.7205e+00  7.7042e-01
 1.7210e+00  7.7217e-01
 1.7215e+00  7.7394e-01
 1.7220e+00  7.7571e-01
 1.7225e+00  7.7749e-01
 1.7230e+00  7.7929e-01
 1.7235e+00  7.8109e-01
 1.7240e+00  7.8291e-01
 1.7245e+00  7.8472e-01
 1.7250e+00  7.8655e-01
 1.7255e+00  7.8838e-01
 1.7260e+00  7.9023e-01
 1.7265e+00  7.9206e-01
 1.7270e+00  7.9392e-01
 1.7275e+00  7.9576e-01
 1.7280e+00  7.9762e-01
 1.7285e+00  7.9947e-01
 1.7290e+00  8.0133e-01
 1.7295e+00  8.0319e-01
 1.7300e+00  8.0505e-01
 1.7305e+00  8.0690e-01
 1.7310e+00  8.0876e-01
 1.7315e+00  8.1062e-01
 1.7320e+00  8.1247e-01
 1.7325e+00  8.1432e-01
 1.7330e+00  8.1617e-01
 1.7335e+00  8.1801e-01
 1.7340e+00  8.1985e-01
 1.7345e+00  8.2168e-01
 1.7350e+00  8.2351e-01
 1.7355e+00  8.2533e-01
 1.7360e+00  8.2714e-01
 1.7365e+00  8.2894e-01
 1.7370e+00  8.3074e-01
 1.7375e+00  8.3252e-01
 1.7380e+00  8.3430e-01
 1.7385e+00  8.3606e-01
 1.7390e+00  8.3781e-01
 1.7395e+00  8.3956e-01
 1.7400e+00  8.4128e-01
 1.7405e+00  8.4299e-01
 1.7410e+00  8.4470e-01
 1.7415e+00  8.4638e-01
 1.7420e+00  8.4805e-01
 1.7425e+00  8.4970e-01
 1.7430e+00  8.5135e-01
 1.7435e+00  8.5297e-01
 1.7440e+00  8.5457e-01
 1.7445e+00  8.5615e-01
 1.7450e+00  8.5772e-01
 1.7455e+00  8.5926e-01
 1.7460e+00  8.6079e-01
 1.7465e+00  8.6229e-01
 1.7470e+00  8.6377e-01
 1.7475e+00  8.6523e-01
 1.7480e+00  8.6666e-01
 1.7485e+00  8.6807e-01
 1.7490e+00  8.6946e-01
 1.7495e+00  8.7082e-01
 1.7500e+00  8.7216e-01
 1.7505e+00  8.7346e-01
 1.7510e+00  8.7475e-01
 1.7515e+00  8.7600e-01
 1.7520e+00  8.7724e-01
 1.7525e+00  8.7844e-01
 1.7530e+00  8.7962e-01
 1.7535e+00  8.8077e-01
 1.7540e+00  8.8190e-01
 1.7545e+00  8.8299e-01
 1.7550e+00  8.8406e-01
 1.7555e+00  8.8511e-01
 1.7560e+00  8.8613e-01
 1.7565e+00  8.8713e-01
 1.7570e+00  8.8809e-01
 1.7575e+00  8.8903e-01
 1.7580e+00  8.8995e-01
 1.7585e+00  8.9084e-01
 1.7590e+00  8.9171e-01
 1.7595e+00  8.9254e-01
 1.7600e+00  8.9335e-01
 1.7605e+00  8.9413e-01
 1.7610e+00  8.9490e-01
 1.7615e+00  8.9563e-01
 1.7620e+00  8.9634e-01
 1.7625e+00  8.9702e-01
 1.7630e+00  8.9768e-01
 1.7635e+00  8.9831e-01
 1.7640e+00  8.9892e-01
 1.7645e+00  8.9949e-01
 1.7650e+00  9.0005e-01
 1.7655e+00  9.0057e-01
 1.7660e+00  9.0107e-01
 1.7665e+00  9.0156e-01
 1.7670e+00  9.0201e-01
 1.7675e+00  9.0243e-01
 1.7680e+00  9.0283e-01
 1.7685e+00  9.0321e-01
 1.7690e+00  9.0355e-01
 1.7695e+00  9.0388e-01
 1.7700e+00  9.0418e-01
 1.7705e+00  9.0445e-01
 1.7710e+00  9.0470e-01
 1.7715e+00  9.0493e-01
 1.7720e+00  9.0512e-01
 1.7725e+00  9.0529e-01
 1.7730e+00  9.0544e-01
 1.7735e+00  9.0556e-01
 1.7740e+00  9.0566e-01
 1.7745e+00  9.0573e-01
 1.7750e+00  9.0578e-01
 1.7755e+00  9.0579e-01
 1.7760e+00  9.0579e-01
 1.7765e+00  9.0576e-01
 1.7770e+00  9.0571e-01
 1.7775e+00  9.0563e-01
 1.7780e+00  9.0552e-01
 1.7785e+00  9.0539e-01
 1.7790e+00  9.0524e-01
 1.7795e+00  9.0506e-01
 1.7800e+00  9.0485e-01
 1.7805e+00  9.0463e-01
 1.7810e+00  9.0437e-01
 1.7815e+00  9.0409e-01
 1.7820e+00  9.0379e-01
 1.7825e+00  9.0346e-01
 1.7830e+00  9.0311e-01
 1.7835e+00  9.0273e-01
 1.7840e+00  9.0232e-01
 1.7845e+00  9.0190e-01
 1.7850e+00  9.0145e-01
 1.7855e+00  9.0096e-01
 1.7860e+00  9.0047e-01
 1.7865e+00  8.9994e-01
 1.7870e+00  8.9939e-01
 1.7875e+00  8.9881e-01
 1.7880e+00  8.9821e-01
 1.7885e+00  8.9759e-01
 1.7890e+00  8.9694e-01
 1.7895e+00  8.9627e-01
 1.7900e+00  8.9558e-01
 1.7905e+00  8.9485e-01
 1.7910e+00  8.9410e-01
 1.7915e+00  8.9334e-01
 1.7920e+00  8.9254e-01
 1.7925e+00  8.9172e-01
 1.7930e+00  8.9088e-01
 1.7935e+00  8.9001e-01
 1.7940e+00  8.8911e-01
 1.7945e+00  8.8820e-01
 1.7950e+00  8.8726e-01
 1.7955e+00  8.8629e-01
 1.7960e+00  8.8531e-01
 1.7965e+00  8.8429e-01
 1.7970e+00  8.8326e-01
 1.7975e+00  8.8220e-01
 1.7980e+00  8.8111e-01
 1.7985e+00  8.8001e-01
 1.7990e+00  8.7887e-01
 1.7995e+00  8.7771e-01
 1.8000e+00  8.7654e-01
 1.8005e+00  8.7533e-01
 1.8010e+00  8.7410e-01
 1.8015e+00  8.7285e-01
 1.8020e+00  8.7157e-01
 1.8025e+00  8.7027e-01
 1.8030e+00  8.6896e-01
 1.8035e+00  8.6762e-01
 1.8040e+00  8.6626e-01
 1.8045e+00  8.6487e-01
 1.8050e+00  8.6347e-01
 1.8055e+00  8.6205e-01
 1.8060e+00  8.6060e-01
 1.8065e+00  8.5913e-01
 1.8070e+00  8.5765e-01
 1.8075e+00  8.5615e-01
 1.8080e+00  8.5463e-01
 1.8085e+00  8.5309e-01
 1.8090e+00  8.5153e-01
 1.8095e+00  8.4996e-01
 1.8100e+00  8.4837e-01
 1.8105e+00  8.4676e-01
 1.8110e+00  8.4513e-01
 1.8115e+00  8.4350e-01
 1.8120e+00  8.4184e-01
 1.8125e+00  8.4016e-01
 1.8130e+00  8.3847e-01
 1.8135e+00  8.3678e-01
 1.8140e+00  8.3505e-01
 1.8145e+00  8.3333e-01
 1.8150e+00  8.3159e-01
 1.8155e+00  8.2983e-01
 1.8160e+00  8.2806e-01
 1.8165e+00  8.2628e-01
 1.8170e+00  8.2448e-01
 1.8175e+00  8.2267e-01
 1.8180e+00  8.2086e-01
 1.8185e+00  8.1903e-01
 1.8190e+00  8.1719e-01
 1.8195e+00  8.1534e-01
 1.8200e+00  8.1348e-01
 1.8205e+00  8.1162e-01
 1.8210e+00  8.0974e-01
 1.8215e+00  8.0785e-01
 1.8220e+00  8.0595e-01
 1.8225e+00  8.0405e-01
 1.8230e+00  8.0214e-01
 1.8235e+00  8.0022e-01
 1.8240e+00  7.9829e-01
 1.8245e+00  7.9635e-01
 1.8250e+00  7.9442e-01
 1.8255e+00  7.9247e-01
 1.8260e+00  7.9052e-01
 1.8265e+00  7.8856e-01
 1.8270e+00  7.8660e-01
 1.8275e+00  7.8463e-01
 1.8280e+00  7.8266e-01
 1.8285e+00  7.8069e-01
 1.8290e+00  7.7871e-01
 1.8295e+00  7.7672e-01
 1.8300e+00  7.7474e-01
 1.8305e+00  7.7275e-01
 1.8310e+00  7.7076e-01
 1.8315e+00  7.6878e-01
 1.8320e+00  7.6678e-01
 1.8325e+00  7.6479e-01
 1.8330e+00  7.6279e-01
 1.8335e+00  7.6079e-01
 1.8340e+00  7.5880e-01
 1.8345e+00  7.5680e-01
 1.8350e+00  7.5482e-01
 1.8355e+00  7.5283e-01
 1.8360e+00  7.5083e-01
 1.8365e+00  7.4884e-01
 1.8370e+00  7.4685e-01
 1.8375e+00  7.4487e-01
 1.8380e+00  7.4288e-01
 1.8385e+00  7.4090e-01
 1.8390e+00  7.3893e-01
 1.8395e+00  7.3696e-01
 1.8400e+00  7.3499e-01
 1.8405e+00  7.3303e-01
 1.8410e+00  7.3107e-01
 1.8415e+00  7.2912e-01
 1.8420e+00  7.2717e-01
 1.8425e+00  7.2523e-01
 1.8430e+00  7.2329e-01
 1.8435e+00  7.2137e-01
 1.8440e+00  7.1945e-01
 1.8445e+00  7.1753e-01
 1.8450e+00  7.1563e-01
 1.8455e+00  7.1374e-01
 1.8460e+00  7.1184e-01
 1.8465e+00  7.0997e-01
 1.8470e+00  7.0809e-01
 1.8475e+00  7.0624e-01
 1.8480e+00  7.0438e-01
 1.8485e+00  7.0254e-01
 1.8490e+00  7.0071e-01
 1.8495e+00  6.9889e-01
 1.8500e+00  6.9709e-01
 1.8505e+00  6.9529e-01
 1.8510e+00  6.9350e-01
 1.8515e+00  6.9174e-01
 1.8520e+00  6.8998e-01
 1.8525e+00  6.8823e-01
 1.8530e+00  6.8649e-01
 1.8535e+00  6.8477e-01
 1.8540e+00  6.8307e-01
 1.8545e+00  6.8137e-01
 1.8550e+00  6.7970e-01
 1.8555e+00  6.7803e-01
 1.8560e+00  6.7639e-01
 1.8565e+00  6.7475e-01
 1.8570e+00  6.7314e-01
 1.8575e+00  6.7153e-01
 1.8580e+00  6.6994e-01
 1.8585e+00  6.6837e-01
 1.8590e+00  6.6681e-01
 1.8595e+00  6.6528e-01
 1.8600e+00  6.6376e-01
 1.8605e+00  6.6225e-01
 1.8610e+00  6.6076e-01
 1.8615e+00  6.5929e-01
 1.8620e+00  6.5784e-01
 1.8625e+00  6.5641e-01
 1.8630e+00  6.5500e-01
 1.8635e+00  6.5359e-01
 1.8640e+00  6.5222e-01
 1.8645e+00  6.5086e-01
 1.8650e+00  6.4952e-01
 1.8655e+00  6.4820e-01
 1.8660e+00  6.4690e-01
 1.8665e+00  6.4563e-01
 1.8670e+00  6.4437e-01
 1.8675e+00  6.4313e-01
 1.8680e+00  6.4192e-01
 1.8685e+00  6.4071e-01
 1.8690e+00  6.3954e-01
 1.8695e+00  6.3839e-01
 1.8700e+00  6.3726e-01
 1.8705e+00  6.3615e-01
 1.8710e+00  6.3508e-01
 1.8715e+00  6.3402e-01
 1.8720e+00  6.3298e-01
 1.8725e+00  6.3196e-01
 1.8730e+00  6.3097e-01
 1.8735e+00  6.3001e-01
 1.8740e+00  6.2907e-01
 1.8745e+00  6.2815e-01
 1.8750e+00  6.2726e-01
 1.8755e+00  6.2639e-01
 1.8760e+00  6.2555e-01
 1.8765e+00  6.2473e-01
 1.8770e+00  6.2394e-01
 1.8775e+00  6.2318e-01
 1.8780e+00  6.2244e-01
 1.8785e+00  6.2173e-01
 1.8790e+00  6.2104e-01
 1.8795e+00  6.2039e-01
 1.8800e+00  6.1977e-01
 1.8805e+00  6.1916e-01
 1.8810e+00  6.1859e-01
 1.8815e+00  6.1804e-01
 1.8820e+00  6.1753e-01
 1.8825e+00  6.1704e-01
 1.8830e+00  6.1658e-01
 1.8835e+00  6.1616e-01
 1.8840e+00  6.1576e-01
 1.8845e+00  6.1539e-01
 1.8850e+00  6.1505e-01
 1.8855e+00  6.1474e-01
 1.8860e+00  6.1446e-01
 1.8865e+00  6.1422e-01
 1.8870e+00  6.1400e-01
 1.8875e+00  6.1383e-01
 1.8880e+00  6.1367e-01
 1.8885e+00  6.1356e-01
 1.8890e+00  6.1346e-01
 1.8895e+00  6.1341e-01
 1.8900e+00  6.1339e-01
 1.8905e+00  6.1341e-01
 1.8910e+00  6.1345e-01
 1.8915e+00  6.1353e-01
 1.8920e+00  6.1364e-01
 1.8925e+00  6.1379e-01
 1.8930e+00  6.1397e-01
 1.8935e+00  6.1419e-01
 1.8940e+00  6.1444e-01
 1.8945e+00  6.1473e-01
 1.8950e+00  6.1505e-01
 1.8955e+00  6.1541e-01
 1.8960e+00  6.1580e-01
 1.8965e+00  6.1623e-01
 1.8970e+00  6.1670e-01
 1.8975e+00  6.1721e-01
 1.8980e+00  6.1775e-01
 1.8985e+00  6.1833e-01
 1.8990e+00  6.1895e-01
 1.8995e+00  6.1961e-01
 1.9000e+00  6.2030e-01
 1.9005e+00  6.2103e-01
 1.9010e+00  6.2179e-01
 1.9015e+00  6.2261e-01
 1.9020e+00  6.2345e-01
 1.9025e+00  6.2434e-01
 1.9030e+00  6.2527e-01
 1.9035e+00  6.2623e-01
 1.9040e+00  6.2723e-01
 1.9045e+00  6.2827e-01
 1.9050e+00  6.2935e-01
 1.9055e+00  6.3047e-01
 1.9060e+00  6.3162e-01
 1.9065e+00  6.3281e-01
 1.9070e+00  6.3405e-01
 1.9075e+00  6.3532e-01
 1.9080e+00  6.3663e-01
 1.9085e+00  6.3798e-01
 1.9090e+00  6.3936e-01
 1.9095e+00  6.4079e-01
 1.9100e+00  6.4225e-01
 1.9105e+00  6.4375e-01
 1.9110e+00  6.4529e-01
 1.9115e+00  6.4687e-01
 1.9120e+00  6.4848e-01
 1.9125e+00  6.5014e-01
 1.9130e+00  6.5183e-01
 1.9135e+00  6.5356e-01
 1.9140e+00  6.5533e-01
 1.9145e+00  6.5714e-01
 1.9150e+00  6.5898e-01
 1.9155e+00  6.6086e-01
 1.9160e+00  6.6278e-01
 1.9165e+00  6.6474e-01
 1.9170e+00  6.6674e-01
 1.9175e+00  6.6878e-01
 1.9180e+00  6.7085e-01
 1.9185e+00  6.7296e-01
 1.9190e+00  6.7512e-01
 1.9195e+00  6.7730e-01
 1.9200e+00  6.7953e-01
 1.9205e+00  6.8180e-01
 1.9210e+00  6.8410e-01
 1.9215e+00  6.8644e-01
 1.9220e+00  6.8882e-01
 1.9225e+00  6.9124e-01
 1.9230e+00  6.9369e-01
 1.9235e+00  6.9619e-01
 1.9240e+00  6.9873e-01
 1.9245e+00  7.0129e-01
 1.9250e+00  7.0389e-01
 1.9255e+00  7.0655e-01
 1.9260e+00  7.0923e-01
 1.9265e+00  7.1195e-01
 1.9270e+00  7.1471e-01
 1.9275e+00  7.1751e-01
 1.9280e+00  7.2035e-01
 1.9285e+00  7.2321e-01
 1.9290e+00  7.2613e-01
 1.9295e+00  7.2908e-01
 1.9300e+00  7.3206e-01
 1.9305e+00  7.3509e-01
 1.9310e+00  7.3815e-01
 1.9315e+00  7.4125e-01
 1.9320e+00  7.4439e-01
 1.9325e+00  7.4757e-01
 1.9330e+00  7.5078e-01
 1.9335e+00  7.5403e-01
 1.9340e+00  7.5732e-01
 1.9345e+00  7.6066e-01
 1.9350e+00  7.6401e-01
 1.9355e+00  7.6742e-01
 1.9360e+00  7.7086e-01
 1.9365e+00  7.7434e-01
 1.9370e+00  7.7786e-01
 1.9375e+00  7.8140e-01
 1.9380e+00  7.8500e-01
 1.9385e+00  7.8863e-01
 1.9390e+00  7.9230e-01
 1.9395e+00  7.9600e-01
 1.9400e+00  7.9975e-01
 1.9405e+00  8.0352e-01
 1.9410e+00  8.0734e-01
 1.9415e+00  8.1120e-01
 1.9420e+00  8.1509e-01
 1.9425e+00  8.1902e-01
 1.9430e+00  8.2299e-01
 1.9435e+00  8.2700e-01
 1.9440e+00  8.3104e-01
 1.9445e+00  8.3512e-01
 1.9450e+00  8.3924e-01
 1.9455e+00  8.4340e-01
 1.9460e+00  8.4759e-01
 1.9465e+00  8.5183e-01
 1.9470e+00  8.5609e-01
 1.9475e+00  8.6040e-01
 1.9480e+00  8.6474e-01
 1.9485e+00  8.6912e-01
 1.9490e+00  8.7354e-01
 1.9495e+00  8.7799e-01
 1.9500e+00  8.8249e-01
 1.9505e+00  8.8702e-01
 1.9510e+00  8.9158e-01
 1.9515e+00  8.9618e-01
 1.9520e+00  9.0080e-01
 1.9525e+00  9.0544e-01
 1.9530e+00  9.1011e-01
 1.9535e+00  9.1479e-01
 1.9540e+00  9.1948e-01
 1.9545e+00  9.2419e-01
 1.9550e+00  9.2889e-01
 1.9555e+00  9.3360e-01
 1.9560e+00  9.3831e-01
 1.9565e+00  9.4302e-01
 1.9570e+00  9.4771e-01
 1.9575e+00  9.5239e-01
 1.9580e+00  9.5706e-01
 1.9585e+00  9.6171e-01
 1.9590e+00  9.6634e-01
 1.9595e+00  9.7093e-01
 1.9600e+00  9.7550e-01
 1.9605e+00  9.8004e-01
 1.9610e+00  9.8454e-01
 1.9615e+00  9.8900e-01
 1.9620e+00  9.9341e-01
 1.9625e+00  9.9778e-01
 1.9630e+00  1.0021e+00
 1.9635e+00  1.0064e+00
 1.9640e+00  1.0106e+00
 1.9645e+00  1.0147e+00
 1.9650e+00  1.0188e+00
 1.9655e+00  1.0228e+00
 1.9660e+00  1.0267e+00
 1.9665e+00  1.0306e+00
 1.9670e+00  1.0344e+00
 1.9675e+00  1.0381e+00
 1.9680e+00  1.0417e+00
 1.9685e+00  1.0452e+00
 1.9690e+00  1.0486e+00
 1.9695e+00  1.0520e+00
 1.9700e+00  1.0552e+00
 1.9705e+00  1.0583e+00
 1.9710e+00  1.0614e+00
 1.9715e+00  1.0643e+00
 1.9720e+00  1.0671e+00
 1.9725e+00  1.0697e+00
 1.9730e+00  1.0723e+00
 1.9735e+00  1.0747e+00
 1.9740e+00  1.0770e+00
 1.9745e+00  1.0792e+00
 1.9750e+00  1.0812e+00
 1.9755e+00  1.0831e+00
 1.9760e+00  1.0849e+00
 1.9765e+00  1.0865e+00
 1.9770e+00  1.0879e+00
 1.9775e+00  1.0892e+00
 1.9780e+00  1.0904e+00
 1.9785e+00  1.0914e+00
 1.9790e+00  1.0922e+00
 1.9795e+00  1.0928e+00
 1.9800e+00  1.0933e+00
 1.9805e+00  1.0936e+00
 1.9810e+00  1.0938e+00
 1.9815e+00  1.0937e+00
 1.9820e+00  1.0935e+00
 1.9825e+00  1.0930e+00
 1.9830e+00  1.0924e+00
 1.9835e+00  1.0916e+00
 1.9840e+00  1.0906e+00
 1.9845e+00  1.0894e+00
 1.9850e+00  1.0880e+00
 1.9855e+00  1.0863e+00
 1.9860e+00  1.0845e+00
 1.9865e+00  1.0824e+00
 1.9870e+00  1.0801e+00
 1.9875e+00  1.0776e+00
 1.9880e+00  1.0749e+00
 1.9885e+00  1.0719e+00
 1.9890e+00  1.0687e+00
 1.9895e+00  1.0653e+00
 1.9900e+00  1.0616e+00
 1.9905e+00  1.0577e+00
 1.9910e+00  1.0535e+00
 1.9915e+00  1.0491e+00
 1.9920e+00  1.0444e+00
 1.9925e+00  1.0394e+00
 1.9930e+00  1.0342e+00
 1.9935e+00  1.0288e+00
 1.9940e+00  1.0230e+00
 1.9945e+00  1.0170e+00
 1.9950e+00  1.0107e+00
 1.9955e+00  1.0041e+00
 1.9960e+00  9.9728e-01
 1.9965e+00  9.9014e-01
 1.9970e+00  9.8270e-01
 1.9975e+00  9.7497e-01
 1.9980e+00  9.6694e-01
 1.9985e+00  9.5861e-01
 1.9990e+00  9.4997e-01
 1.9995e+00  9.4103e-01
 2.0000e+00  9.3177e-01
