#     mass     R_mu^F
 1.4000e-01  0.0000e+00
 1.4050e-01  3.4022e-13
 1.4100e-01  2.7086e-12
 1.4150e-01  9.0978e-12
 1.4200e-01  2.1462e-11
 1.4250e-01  4.1720e-11
 1.4300e-01  7.1752e-11
 1.4350e-01  1.1341e-10
 1.4400e-01  1.6850e-10
 1.4450e-01  2.3880e-10
 1.4500e-01  3.2607e-10
 1.4550e-01  4.3201e-10
 1.4600e-01  5.5833e-10
 1.4650e-01  7.0666e-10
 1.4700e-01  8.7865e-10
 1.4750e-01  1.0759e-09
 1.4800e-01  1.2999e-09
 1.4850e-01  1.5524e-09
 1.4900e-01  1.8347e-09
 1.4950e-01  2.1484e-09
 1.5000e-01  2.4949e-09
 1.5050e-01  2.8758e-09
 1.5100e-01  3.2924e-09
 1.5150e-01  3.7461e-09
 1.5200e-01  4.2383e-09
 1.5250e-01  4.7703e-09
 1.5300e-01  5.3436e-09
 1.5350e-01  5.9594e-09
 1.5400e-01  6.6190e-09
 1.5450e-01  7.3237e-09
 1.5500e-01  8.0748e-09
 1.5550e-01  8.8734e-09
 1.5600e-01  9.7209e-09
 1.5650e-01  1.0618e-08
 1.5700e-01  1.1567e-08
 1.5750e-01  1.2568e-08
 1.5800e-01  1.3623e-08
 1.5850e-01  1.4732e-08
 1.5900e-01  1.5897e-08
 1.5950e-01  1.7119e-08
 1.6000e-01  1.8400e-08
 1.6050e-01  1.9739e-08
 1.6100e-01  2.1138e-08
 1.6150e-01  2.2599e-08
 1.6200e-01  2.4122e-08
 1.6250e-01  2.5708e-08
 1.6300e-01  2.7359e-08
 1.6350e-01  2.9075e-08
 1.6400e-01  3.0857e-08
 1.6450e-01  3.2707e-08
 1.6500e-01  3.4625e-08
 1.6550e-01  3.6612e-08
 1.6600e-01  3.8670e-08
 1.6650e-01  4.0799e-08
 1.6700e-01  4.3000e-08
 1.6750e-01  4.5274e-08
 1.6800e-01  4.7622e-08
 1.6850e-01  5.0045e-08
 1.6900e-01  5.2543e-08
 1.6950e-01  5.5119e-08
 1.7000e-01  5.7772e-08
 1.7050e-01  6.0503e-08
 1.7100e-01  6.3314e-08
 1.7150e-01  6.6205e-08
 1.7200e-01  6.9177e-08
 1.7250e-01  7.2231e-08
 1.7300e-01  7.5367e-08
 1.7350e-01  7.8588e-08
 1.7400e-01  8.1892e-08
 1.7450e-01  8.5282e-08
 1.7500e-01  8.8758e-08
 1.7550e-01  9.2321e-08
 1.7600e-01  9.5971e-08
 1.7650e-01  9.9710e-08
 1.7700e-01  1.0354e-07
 1.7750e-01  1.0746e-07
 1.7800e-01  1.1146e-07
 1.7850e-01  1.1557e-07
 1.7900e-01  1.1976e-07
 1.7950e-01  1.2404e-07
 1.8000e-01  1.2843e-07
 1.8050e-01  1.3290e-07
 1.8100e-01  1.3747e-07
 1.8150e-01  1.4214e-07
 1.8200e-01  1.4690e-07
 1.8250e-01  1.5176e-07
 1.8300e-01  1.5672e-07
 1.8350e-01  1.6178e-07
 1.8400e-01  1.6694e-07
 1.8450e-01  1.7220e-07
 1.8500e-01  1.7756e-07
 1.8550e-01  1.8303e-07
 1.8600e-01  1.8859e-07
 1.8650e-01  1.9426e-07
 1.8700e-01  2.0004e-07
 1.8750e-01  2.0592e-07
 1.8800e-01  2.1190e-07
 1.8850e-01  2.1799e-07
 1.8900e-01  2.2419e-07
 1.8950e-01  2.3050e-07
 1.9000e-01  2.3691e-07
 1.9050e-01  2.4344e-07
 1.9100e-01  2.5007e-07
 1.9150e-01  2.5682e-07
 1.9200e-01  2.6368e-07
 1.9250e-01  2.7065e-07
 1.9300e-01  2.7773e-07
 1.9350e-01  2.8493e-07
 1.9400e-01  2.9224e-07
 1.9450e-01  2.9966e-07
 1.9500e-01  3.0720e-07
 1.9550e-01  3.1486e-07
 1.9600e-01  3.2264e-07
 1.9650e-01  3.3053e-07
 1.9700e-01  3.3854e-07
 1.9750e-01  3.4667e-07
 1.9800e-01  3.5492e-07
 1.9850e-01  3.6329e-07
 1.9900e-01  3.7178e-07
 1.9950e-01  3.8040e-07
 2.0000e-01  3.8913e-07
 2.0050e-01  3.9799e-07
 2.0100e-01  4.0698e-07
 2.0150e-01  4.1609e-07
 2.0200e-01  4.2532e-07
 2.0250e-01  4.3468e-07
 2.0300e-01  4.4417e-07
 2.0350e-01  4.5379e-07
 2.0400e-01  4.6353e-07
 2.0450e-01  4.7340e-07
 2.0500e-01  4.8341e-07
 2.0550e-01  4.9354e-07
 2.0600e-01  5.0380e-07
 2.0650e-01  5.1420e-07
 2.0700e-01  5.2473e-07
 2.0750e-01  5.3539e-07
 2.0800e-01  5.4619e-07
 2.0850e-01  5.5712e-07
 2.0900e-01  5.6818e-07
 2.0950e-01  5.7938e-07
 2.1000e-01  5.9072e-07
 2.1050e-01  6.0220e-07
 2.1100e-01  6.1381e-07
 2.1150e-01  6.2556e-07
 2.1200e-01  6.3746e-07
 2.1250e-01  6.4949e-07
 2.1300e-01  6.6167e-07
 2.1350e-01  6.7398e-07
 2.1400e-01  6.8644e-07
 2.1450e-01  6.9904e-07
 2.1500e-01  7.1179e-07
 2.1550e-01  7.2468e-07
 2.1600e-01  7.3771e-07
 2.1650e-01  7.5090e-07
 2.1700e-01  7.6422e-07
 2.1750e-01  7.7770e-07
 2.1800e-01  7.9133e-07
 2.1850e-01  8.0510e-07
 2.1900e-01  8.1902e-07
 2.1950e-01  8.3310e-07
 2.2000e-01  8.4732e-07
 2.2050e-01  8.6170e-07
 2.2100e-01  8.7623e-07
 2.2150e-01  8.9092e-07
 2.2200e-01  9.0576e-07
 2.2250e-01  9.2075e-07
 2.2300e-01  9.3590e-07
 2.2350e-01  9.5121e-07
 2.2400e-01  9.6667e-07
 2.2450e-01  9.8229e-07
 2.2500e-01  9.9807e-07
 2.2550e-01  1.0140e-06
 2.2600e-01  1.0301e-06
 2.2650e-01  1.0464e-06
 2.2700e-01  1.0628e-06
 2.2750e-01  1.0794e-06
 2.2800e-01  1.0961e-06
 2.2850e-01  1.1131e-06
 2.2900e-01  1.1301e-06
 2.2950e-01  1.1474e-06
 2.3000e-01  1.1648e-06
 2.3050e-01  1.1824e-06
 2.3100e-01  1.2001e-06
 2.3150e-01  1.2180e-06
 2.3200e-01  1.2361e-06
 2.3250e-01  1.2544e-06
 2.3300e-01  1.2728e-06
 2.3350e-01  1.2914e-06
 2.3400e-01  1.3102e-06
 2.3450e-01  1.3292e-06
 2.3500e-01  1.3483e-06
 2.3550e-01  1.3676e-06
 2.3600e-01  1.3871e-06
 2.3650e-01  1.4067e-06
 2.3700e-01  1.4265e-06
 2.3750e-01  1.4466e-06
 2.3800e-01  1.4668e-06
 2.3850e-01  1.4871e-06
 2.3900e-01  1.5077e-06
 2.3950e-01  1.5284e-06
 2.4000e-01  1.5493e-06
 2.4050e-01  1.5704e-06
 2.4100e-01  1.5917e-06
 2.4150e-01  1.6132e-06
 2.4200e-01  1.6349e-06
 2.4250e-01  1.6567e-06
 2.4300e-01  1.6788e-06
 2.4350e-01  1.7010e-06
 2.4400e-01  1.7234e-06
 2.4450e-01  1.7460e-06
 2.4500e-01  1.7688e-06
 2.4550e-01  1.7918e-06
 2.4600e-01  1.8150e-06
 2.4650e-01  1.8384e-06
 2.4700e-01  1.8620e-06
 2.4750e-01  1.8858e-06
 2.4800e-01  1.9097e-06
 2.4850e-01  1.9339e-06
 2.4900e-01  1.9583e-06
 2.4950e-01  1.9829e-06
 2.5000e-01  2.0076e-06
 2.5050e-01  2.0326e-06
 2.5100e-01  2.0578e-06
 2.5150e-01  2.0832e-06
 2.5200e-01  2.1088e-06
 2.5250e-01  2.1346e-06
 2.5300e-01  2.1606e-06
 2.5350e-01  2.1868e-06
 2.5400e-01  2.2132e-06
 2.5450e-01  2.2399e-06
 2.5500e-01  2.2667e-06
 2.5550e-01  2.2938e-06
 2.5600e-01  2.3210e-06
 2.5650e-01  2.3485e-06
 2.5700e-01  2.3762e-06
 2.5750e-01  2.4042e-06
 2.5800e-01  2.4323e-06
 2.5850e-01  2.4606e-06
 2.5900e-01  2.4892e-06
 2.5950e-01  2.5180e-06
 2.6000e-01  2.5470e-06
 2.6050e-01  2.5763e-06
 2.6100e-01  2.6057e-06
 2.6150e-01  2.6354e-06
 2.6200e-01  2.6653e-06
 2.6250e-01  2.6955e-06
 2.6300e-01  2.7258e-06
 2.6350e-01  2.7564e-06
 2.6400e-01  2.7872e-06
 2.6450e-01  2.8183e-06
 2.6500e-01  2.8496e-06
 2.6550e-01  2.8811e-06
 2.6600e-01  2.9129e-06
 2.6650e-01  2.9449e-06
 2.6700e-01  2.9771e-06
 2.6750e-01  3.0096e-06
 2.6800e-01  3.0423e-06
 2.6850e-01  3.0752e-06
 2.6900e-01  3.1084e-06
 2.6950e-01  3.1418e-06
 2.7000e-01  3.1755e-06
 2.7050e-01  3.2094e-06
 2.7100e-01  3.2436e-06
 2.7150e-01  3.2780e-06
 2.7200e-01  3.3126e-06
 2.7250e-01  3.3476e-06
 2.7300e-01  3.3827e-06
 2.7350e-01  3.4181e-06
 2.7400e-01  3.4538e-06
 2.7450e-01  3.4897e-06
 2.7500e-01  3.5259e-06
 2.7550e-01  3.5623e-06
 2.7600e-01  3.5990e-06
 2.7650e-01  3.6359e-06
 2.7700e-01  3.6732e-06
 2.7750e-01  3.7106e-06
 2.7800e-01  3.7484e-06
 2.7850e-01  3.7864e-06
 2.7900e-01  3.8246e-06
 2.7950e-01  3.8631e-06
 2.8000e-01  3.9019e-06
 2.8050e-01  3.9410e-06
 2.8100e-01  3.9803e-06
 2.8150e-01  4.0200e-06
 2.8200e-01  4.0598e-06
 2.8250e-01  4.1000e-06
 2.8300e-01  4.1404e-06
 2.8350e-01  4.1811e-06
 2.8400e-01  4.2221e-06
 2.8450e-01  4.2634e-06
 2.8500e-01  4.3049e-06
 2.8550e-01  4.3468e-06
 2.8600e-01  4.3889e-06
 2.8650e-01  4.4313e-06
 2.8700e-01  4.4740e-06
 2.8750e-01  4.5170e-06
 2.8800e-01  4.5602e-06
 2.8850e-01  4.6038e-06
 2.8900e-01  4.6476e-06
 2.8950e-01  4.6918e-06
 2.9000e-01  4.7362e-06
 2.9050e-01  4.7810e-06
 2.9100e-01  4.8260e-06
 2.9150e-01  4.8713e-06
 2.9200e-01  4.9170e-06
 2.9250e-01  4.9629e-06
 2.9300e-01  5.0091e-06
 2.9350e-01  5.0557e-06
 2.9400e-01  5.1025e-06
 2.9450e-01  5.1497e-06
 2.9500e-01  5.1972e-06
 2.9550e-01  5.2449e-06
 2.9600e-01  5.2930e-06
 2.9650e-01  5.3415e-06
 2.9700e-01  5.3902e-06
 2.9750e-01  5.4392e-06
 2.9800e-01  5.4886e-06
 2.9850e-01  5.5383e-06
 2.9900e-01  5.5883e-06
 2.9950e-01  5.6386e-06
 3.0000e-01  5.6893e-06
 3.0050e-01  5.7402e-06
 3.0100e-01  5.7916e-06
 3.0150e-01  5.8432e-06
 3.0200e-01  5.8952e-06
 3.0250e-01  5.9475e-06
 3.0300e-01  6.0001e-06
 3.0350e-01  6.0531e-06
 3.0400e-01  6.1064e-06
 3.0450e-01  6.1601e-06
 3.0500e-01  6.2141e-06
 3.0550e-01  6.2685e-06
 3.0600e-01  6.3232e-06
 3.0650e-01  6.3782e-06
 3.0700e-01  6.4336e-06
 3.0750e-01  6.4893e-06
 3.0800e-01  6.5454e-06
 3.0850e-01  6.6019e-06
 3.0900e-01  6.6587e-06
 3.0950e-01  6.7159e-06
 3.1000e-01  6.7734e-06
 3.1050e-01  6.8313e-06
 3.1100e-01  6.8895e-06
 3.1150e-01  6.9481e-06
 3.1200e-01  7.0071e-06
 3.1250e-01  7.0664e-06
 3.1300e-01  7.1262e-06
 3.1350e-01  7.1863e-06
 3.1400e-01  7.2467e-06
 3.1450e-01  7.3076e-06
 3.1500e-01  7.3688e-06
 3.1550e-01  7.4304e-06
 3.1600e-01  7.4924e-06
 3.1650e-01  7.5547e-06
 3.1700e-01  7.6175e-06
 3.1750e-01  7.6807e-06
 3.1800e-01  7.7442e-06
 3.1850e-01  7.8081e-06
 3.1900e-01  7.8724e-06
 3.1950e-01  7.9371e-06
 3.2000e-01  8.0023e-06
 3.2050e-01  8.0678e-06
 3.2100e-01  8.1337e-06
 3.2150e-01  8.2000e-06
 3.2200e-01  8.2667e-06
 3.2250e-01  8.3339e-06
 3.2300e-01  8.4014e-06
 3.2350e-01  8.4694e-06
 3.2400e-01  8.5377e-06
 3.2450e-01  8.6065e-06
 3.2500e-01  8.6757e-06
 3.2550e-01  8.7454e-06
 3.2600e-01  8.8154e-06
 3.2650e-01  8.8859e-06
 3.2700e-01  8.9568e-06
 3.2750e-01  9.0281e-06
 3.2800e-01  9.0999e-06
 3.2850e-01  9.1721e-06
 3.2900e-01  9.2447e-06
 3.2950e-01  9.3178e-06
 3.3000e-01  9.3913e-06
 3.3050e-01  9.4653e-06
 3.3100e-01  9.5397e-06
 3.3150e-01  9.6145e-06
 3.3200e-01  9.6899e-06
 3.3250e-01  9.7656e-06
 3.3300e-01  9.8418e-06
 3.3350e-01  9.9185e-06
 3.3400e-01  9.9956e-06
 3.3450e-01  1.0073e-05
 3.3500e-01  1.0151e-05
 3.3550e-01  1.0230e-05
 3.3600e-01  1.0309e-05
 3.3650e-01  1.0388e-05
 3.3700e-01  1.0468e-05
 3.3750e-01  1.0549e-05
 3.3800e-01  1.0630e-05
 3.3850e-01  1.0711e-05
 3.3900e-01  1.0793e-05
 3.3950e-01  1.0875e-05
 3.4000e-01  1.0958e-05
 3.4050e-01  1.1041e-05
 3.4100e-01  1.1125e-05
 3.4150e-01  1.1209e-05
 3.4200e-01  1.1294e-05
 3.4250e-01  1.1380e-05
 3.4300e-01  1.1465e-05
 3.4350e-01  1.1552e-05
 3.4400e-01  1.1639e-05
 3.4450e-01  1.1726e-05
 3.4500e-01  1.1814e-05
 3.4550e-01  1.1902e-05
 3.4600e-01  1.1991e-05
 3.4650e-01  1.2081e-05
 3.4700e-01  1.2171e-05
 3.4750e-01  1.2261e-05
 3.4800e-01  1.2352e-05
 3.4850e-01  1.2444e-05
 3.4900e-01  1.2536e-05
 3.4950e-01  1.2629e-05
 3.5000e-01  1.2722e-05
 3.5050e-01  1.2815e-05
 3.5100e-01  1.2910e-05
 3.5150e-01  1.3005e-05
 3.5200e-01  1.3100e-05
 3.5250e-01  1.3196e-05
 3.5300e-01  1.3293e-05
 3.5350e-01  1.3390e-05
 3.5400e-01  1.3487e-05
 3.5450e-01  1.3586e-05
 3.5500e-01  1.3684e-05
 3.5550e-01  1.3784e-05
 3.5600e-01  1.3884e-05
 3.5650e-01  1.3984e-05
 3.5700e-01  1.4085e-05
 3.5750e-01  1.4187e-05
 3.5800e-01  1.4289e-05
 3.5850e-01  1.4392e-05
 3.5900e-01  1.4496e-05
 3.5950e-01  1.4600e-05
 3.6000e-01  1.4705e-05
 3.6050e-01  1.4810e-05
 3.6100e-01  1.4916e-05
 3.6150e-01  1.5023e-05
 3.6200e-01  1.5130e-05
 3.6250e-01  1.5238e-05
 3.6300e-01  1.5346e-05
 3.6350e-01  1.5455e-05
 3.6400e-01  1.5565e-05
 3.6450e-01  1.5675e-05
 3.6500e-01  1.5786e-05
 3.6550e-01  1.5898e-05
 3.6600e-01  1.6010e-05
 3.6650e-01  1.6123e-05
 3.6700e-01  1.6236e-05
 3.6750e-01  1.6351e-05
 3.6800e-01  1.6466e-05
 3.6850e-01  1.6581e-05
 3.6900e-01  1.6698e-05
 3.6950e-01  1.6814e-05
 3.7000e-01  1.6932e-05
 3.7050e-01  1.7050e-05
 3.7100e-01  1.7169e-05
 3.7150e-01  1.7289e-05
 3.7200e-01  1.7409e-05
 3.7250e-01  1.7530e-05
 3.7300e-01  1.7652e-05
 3.7350e-01  1.7775e-05
 3.7400e-01  1.7898e-05
 3.7450e-01  1.8022e-05
 3.7500e-01  1.8146e-05
 3.7550e-01  1.8271e-05
 3.7600e-01  1.8398e-05
 3.7650e-01  1.8524e-05
 3.7700e-01  1.8652e-05
 3.7750e-01  1.8780e-05
 3.7800e-01  1.8909e-05
 3.7850e-01  1.9039e-05
 3.7900e-01  1.9169e-05
 3.7950e-01  1.9300e-05
 3.8000e-01  1.9432e-05
 3.8050e-01  1.9565e-05
 3.8100e-01  1.9699e-05
 3.8150e-01  1.9833e-05
 3.8200e-01  1.9968e-05
 3.8250e-01  2.0104e-05
 3.8300e-01  2.0240e-05
 3.8350e-01  2.0378e-05
 3.8400e-01  2.0516e-05
 3.8450e-01  2.0655e-05
 3.8500e-01  2.0795e-05
 3.8550e-01  2.0935e-05
 3.8600e-01  2.1077e-05
 3.8650e-01  2.1219e-05
 3.8700e-01  2.1362e-05
 3.8750e-01  2.1506e-05
 3.8800e-01  2.1651e-05
 3.8850e-01  2.1796e-05
 3.8900e-01  2.1943e-05
 3.8950e-01  2.2090e-05
 3.9000e-01  2.2238e-05
 3.9050e-01  2.2387e-05
 3.9100e-01  2.2537e-05
 3.9150e-01  2.2688e-05
 3.9200e-01  2.2839e-05
 3.9250e-01  2.2992e-05
 3.9300e-01  2.3145e-05
 3.9350e-01  2.3299e-05
 3.9400e-01  2.3454e-05
 3.9450e-01  2.3610e-05
 3.9500e-01  2.3767e-05
 3.9550e-01  2.3925e-05
 3.9600e-01  2.4084e-05
 3.9650e-01  2.4243e-05
 3.9700e-01  2.4404e-05
 3.9750e-01  2.4565e-05
 3.9800e-01  2.4728e-05
 3.9850e-01  2.4891e-05
 3.9900e-01  2.5055e-05
 3.9950e-01  2.5220e-05
 4.0000e-01  2.5387e-05
 4.0050e-01  2.5554e-05
 4.0100e-01  2.5722e-05
 4.0150e-01  2.5891e-05
 4.0200e-01  2.6061e-05
 4.0250e-01  2.6232e-05
 4.0300e-01  2.6404e-05
 4.0350e-01  2.6577e-05
 4.0400e-01  2.6751e-05
 4.0450e-01  2.6926e-05
 4.0500e-01  2.7103e-05
 4.0550e-01  2.7280e-05
 4.0600e-01  2.7458e-05
 4.0650e-01  2.7637e-05
 4.0700e-01  2.7817e-05
 4.0750e-01  2.7998e-05
 4.0800e-01  2.8181e-05
 4.0850e-01  2.8364e-05
 4.0900e-01  2.8549e-05
 4.0950e-01  2.8734e-05
 4.1000e-01  2.8921e-05
 4.1050e-01  2.9108e-05
 4.1100e-01  2.9297e-05
 4.1150e-01  2.9487e-05
 4.1200e-01  2.9678e-05
 4.1250e-01  2.9870e-05
 4.1300e-01  3.0063e-05
 4.1350e-01  3.0257e-05
 4.1400e-01  3.0453e-05
 4.1450e-01  3.0649e-05
 4.1500e-01  3.0847e-05
 4.1550e-01  3.1046e-05
 4.1600e-01  3.1246e-05
 4.1650e-01  3.1447e-05
 4.1700e-01  3.1650e-05
 4.1750e-01  3.1853e-05
 4.1800e-01  3.2058e-05
 4.1850e-01  3.2264e-05
 4.1900e-01  3.2471e-05
 4.1950e-01  3.2679e-05
 4.2000e-01  3.2889e-05
 4.2050e-01  3.3100e-05
 4.2100e-01  3.3312e-05
 4.2150e-01  3.3525e-05
 4.2200e-01  3.3740e-05
 4.2250e-01  3.3956e-05
 4.2300e-01  3.4173e-05
 4.2350e-01  3.4391e-05
 4.2400e-01  3.4611e-05
 4.2450e-01  3.4832e-05
 4.2500e-01  3.5054e-05
 4.2550e-01  3.5277e-05
 4.2600e-01  3.5502e-05
 4.2650e-01  3.5728e-05
 4.2700e-01  3.5956e-05
 4.2750e-01  3.6184e-05
 4.2800e-01  3.6415e-05
 4.2850e-01  3.6646e-05
 4.2900e-01  3.6879e-05
 4.2950e-01  3.7113e-05
 4.3000e-01  3.7349e-05
 4.3050e-01  3.7586e-05
 4.3100e-01  3.7824e-05
 4.3150e-01  3.8064e-05
 4.3200e-01  3.8306e-05
 4.3250e-01  3.8548e-05
 4.3300e-01  3.8792e-05
 4.3350e-01  3.9038e-05
 4.3400e-01  3.9285e-05
 4.3450e-01  3.9533e-05
 4.3500e-01  3.9783e-05
 4.3550e-01  4.0035e-05
 4.3600e-01  4.0288e-05
 4.3650e-01  4.0542e-05
 4.3700e-01  4.0798e-05
 4.3750e-01  4.1056e-05
 4.3800e-01  4.1314e-05
 4.3850e-01  4.1575e-05
 4.3900e-01  4.1837e-05
 4.3950e-01  4.2101e-05
 4.4000e-01  4.2366e-05
 4.4050e-01  4.2633e-05
 4.4100e-01  4.2901e-05
 4.4150e-01  4.3171e-05
 4.4200e-01  4.3443e-05
 4.4250e-01  4.3716e-05
 4.4300e-01  4.3991e-05
 4.4350e-01  4.4267e-05
 4.4400e-01  4.4546e-05
 4.4450e-01  4.4825e-05
 4.4500e-01  4.5107e-05
 4.4550e-01  4.5390e-05
 4.4600e-01  4.5675e-05
 4.4650e-01  4.5962e-05
 4.4700e-01  4.6250e-05
 4.4750e-01  4.6540e-05
 4.4800e-01  4.6832e-05
 4.4850e-01  4.7125e-05
 4.4900e-01  4.7421e-05
 4.4950e-01  4.7718e-05
 4.5000e-01  4.8017e-05
 4.5050e-01  4.8317e-05
 4.5100e-01  4.8620e-05
 4.5150e-01  4.8924e-05
 4.5200e-01  4.9231e-05
 4.5250e-01  4.9539e-05
 4.5300e-01  4.9849e-05
 4.5350e-01  5.0160e-05
 4.5400e-01  5.0474e-05
 4.5450e-01  5.0790e-05
 4.5500e-01  5.1107e-05
 4.5550e-01  5.1426e-05
 4.5600e-01  5.1748e-05
 4.5650e-01  5.2071e-05
 4.5700e-01  5.2397e-05
 4.5750e-01  5.2724e-05
 4.5800e-01  5.3053e-05
 4.5850e-01  5.3384e-05
 4.5900e-01  5.3718e-05
 4.5950e-01  5.4053e-05
 4.6000e-01  5.4391e-05
 4.6050e-01  5.4730e-05
 4.6100e-01  5.5072e-05
 4.6150e-01  5.5415e-05
 4.6200e-01  5.5761e-05
 4.6250e-01  5.6109e-05
 4.6300e-01  5.6459e-05
 4.6350e-01  5.6811e-05
 4.6400e-01  5.7165e-05
 4.6450e-01  5.7522e-05
 4.6500e-01  5.7881e-05
 4.6550e-01  5.8242e-05
 4.6600e-01  5.8605e-05
 4.6650e-01  5.8970e-05
 4.6700e-01  5.9338e-05
 4.6750e-01  5.9708e-05
 4.6800e-01  6.0080e-05
 4.6850e-01  6.0455e-05
 4.6900e-01  6.0832e-05
 4.6950e-01  6.1211e-05
 4.7000e-01  6.1592e-05
 4.7050e-01  6.1976e-05
 4.7100e-01  6.2363e-05
 4.7150e-01  6.2751e-05
 4.7200e-01  6.3143e-05
 4.7250e-01  6.3536e-05
 4.7300e-01  6.3932e-05
 4.7350e-01  6.4331e-05
 4.7400e-01  6.4732e-05
 4.7450e-01  6.5136e-05
 4.7500e-01  6.5542e-05
 4.7550e-01  6.5950e-05
 4.7600e-01  6.6361e-05
 4.7650e-01  6.6775e-05
 4.7700e-01  6.7192e-05
 4.7750e-01  6.7611e-05
 4.7800e-01  6.8032e-05
 4.7850e-01  6.8457e-05
 4.7900e-01  6.8884e-05
 4.7950e-01  6.9313e-05
 4.8000e-01  6.9746e-05
 4.8050e-01  7.0181e-05
 4.8100e-01  7.0619e-05
 4.8150e-01  7.1060e-05
 4.8200e-01  7.1503e-05
 4.8250e-01  7.1950e-05
 4.8300e-01  7.2399e-05
 4.8350e-01  7.2851e-05
 4.8400e-01  7.3306e-05
 4.8450e-01  7.3763e-05
 4.8500e-01  7.4224e-05
 4.8550e-01  7.4688e-05
 4.8600e-01  7.5155e-05
 4.8650e-01  7.5624e-05
 4.8700e-01  7.6097e-05
 4.8750e-01  7.6573e-05
 4.8800e-01  7.7051e-05
 4.8850e-01  7.7533e-05
 4.8900e-01  7.8018e-05
 4.8950e-01  7.8506e-05
 4.9000e-01  7.8997e-05
 4.9050e-01  7.9492e-05
 4.9100e-01  7.9990e-05
 4.9150e-01  8.0490e-05
 4.9200e-01  8.0994e-05
 4.9250e-01  8.1502e-05
 4.9300e-01  8.2012e-05
 4.9350e-01  8.2526e-05
 4.9400e-01  8.3044e-05
 4.9450e-01  8.3564e-05
 4.9500e-01  8.4088e-05
 4.9550e-01  8.4616e-05
 4.9600e-01  8.5147e-05
 4.9650e-01  8.5681e-05
 4.9700e-01  8.6219e-05
 4.9750e-01  8.6760e-05
 4.9800e-01  8.7305e-05
 4.9850e-01  8.7854e-05
 4.9900e-01  8.8406e-05
 4.9950e-01  8.8962e-05
 5.0000e-01  8.9522e-05
 5.0050e-01  9.0085e-05
 5.0100e-01  9.0652e-05
 5.0150e-01  9.1222e-05
 5.0200e-01  9.1797e-05
 5.0250e-01  9.2375e-05
 5.0300e-01  9.2957e-05
 5.0350e-01  9.3543e-05
 5.0400e-01  9.4133e-05
 5.0450e-01  9.4727e-05
 5.0500e-01  9.5325e-05
 5.0550e-01  9.5926e-05
 5.0600e-01  9.6532e-05
 5.0650e-01  9.7142e-05
 5.0700e-01  9.7756e-05
 5.0750e-01  9.8374e-05
 5.0800e-01  9.8996e-05
 5.0850e-01  9.9622e-05
 5.0900e-01  1.0025e-04
 5.0950e-01  1.0089e-04
 5.1000e-01  1.0153e-04
 5.1050e-01  1.0217e-04
 5.1100e-01  1.0282e-04
 5.1150e-01  1.0347e-04
 5.1200e-01  1.0413e-04
 5.1250e-01  1.0479e-04
 5.1300e-01  1.0545e-04
 5.1350e-01  1.0612e-04
 5.1400e-01  1.0680e-04
 5.1450e-01  1.0748e-04
 5.1500e-01  1.0816e-04
 5.1550e-01  1.0885e-04
 5.1600e-01  1.0954e-04
 5.1650e-01  1.1024e-04
 5.1700e-01  1.1095e-04
 5.1750e-01  1.1165e-04
 5.1800e-01  1.1236e-04
 5.1850e-01  1.1308e-04
 5.1900e-01  1.1380e-04
 5.1950e-01  1.1453e-04
 5.2000e-01  1.1527e-04
 5.2050e-01  1.1600e-04
 5.2100e-01  1.1675e-04
 5.2150e-01  1.1749e-04
 5.2200e-01  1.1825e-04
 5.2250e-01  1.1901e-04
 5.2300e-01  1.1977e-04
 5.2350e-01  1.2054e-04
 5.2400e-01  1.2131e-04
 5.2450e-01  1.2209e-04
 5.2500e-01  1.2288e-04
 5.2550e-01  1.2367e-04
 5.2600e-01  1.2446e-04
 5.2650e-01  1.2527e-04
 5.2700e-01  1.2607e-04
 5.2750e-01  1.2689e-04
 5.2800e-01  1.2771e-04
 5.2850e-01  1.2853e-04
 5.2900e-01  1.2936e-04
 5.2950e-01  1.3020e-04
 5.3000e-01  1.3104e-04
 5.3050e-01  1.3189e-04
 5.3100e-01  1.3275e-04
 5.3150e-01  1.3360e-04
 5.3200e-01  1.3447e-04
 5.3250e-01  1.3535e-04
 5.3300e-01  1.3622e-04
 5.3350e-01  1.3711e-04
 5.3400e-01  1.3800e-04
 5.3450e-01  1.3890e-04
 5.3500e-01  1.3981e-04
 5.3550e-01  1.4072e-04
 5.3600e-01  1.4164e-04
 5.3650e-01  1.4256e-04
 5.3700e-01  1.4349e-04
 5.3750e-01  1.4443e-04
 5.3800e-01  1.4538e-04
 5.3850e-01  1.4633e-04
 5.3900e-01  1.4729e-04
 5.3950e-01  1.4825e-04
 5.4000e-01  1.4923e-04
 5.4050e-01  1.5021e-04
 5.4100e-01  1.5119e-04
 5.4150e-01  1.5219e-04
 5.4200e-01  1.5319e-04
 5.4250e-01  1.5420e-04
 5.4300e-01  1.5522e-04
 5.4350e-01  1.5624e-04
 5.4400e-01  1.5727e-04
 5.4450e-01  1.5831e-04
 5.4500e-01  1.5936e-04
 5.4550e-01  1.6042e-04
 5.4600e-01  1.6148e-04
 5.4650e-01  1.6255e-04
 5.4700e-01  1.6363e-04
 5.4750e-01  1.6472e-04
 5.4800e-01  1.6582e-04
 5.4850e-01  1.6692e-04
 5.4900e-01  1.6803e-04
 5.4950e-01  1.6915e-04
 5.5000e-01  1.7028e-04
 5.5050e-01  1.7142e-04
 5.5100e-01  1.7257e-04
 5.5150e-01  1.7372e-04
 5.5200e-01  1.7488e-04
 5.5250e-01  1.7606e-04
 5.5300e-01  1.7724e-04
 5.5350e-01  1.7843e-04
 5.5400e-01  1.7963e-04
 5.5450e-01  1.8084e-04
 5.5500e-01  1.8206e-04
 5.5550e-01  1.8328e-04
 5.5600e-01  1.8452e-04
 5.5650e-01  1.8577e-04
 5.5700e-01  1.8702e-04
 5.5750e-01  1.8829e-04
 5.5800e-01  1.8957e-04
 5.5850e-01  1.9085e-04
 5.5900e-01  1.9215e-04
 5.5950e-01  1.9345e-04
 5.6000e-01  1.9477e-04
 5.6050e-01  1.9610e-04
 5.6100e-01  1.9743e-04
 5.6150e-01  1.9878e-04
 5.6200e-01  2.0014e-04
 5.6250e-01  2.0151e-04
 5.6300e-01  2.0289e-04
 5.6350e-01  2.0428e-04
 5.6400e-01  2.0568e-04
 5.6450e-01  2.0709e-04
 5.6500e-01  2.0852e-04
 5.6550e-01  2.0996e-04
 5.6600e-01  2.1140e-04
 5.6650e-01  2.1286e-04
 5.6700e-01  2.1433e-04
 5.6750e-01  2.1581e-04
 5.6800e-01  2.1731e-04
 5.6850e-01  2.1881e-04
 5.6900e-01  2.2033e-04
 5.6950e-01  2.2186e-04
 5.7000e-01  2.2341e-04
 5.7050e-01  2.2496e-04
 5.7100e-01  2.2653e-04
 5.7150e-01  2.2811e-04
 5.7200e-01  2.2971e-04
 5.7250e-01  2.3131e-04
 5.7300e-01  2.3293e-04
 5.7350e-01  2.3457e-04
 5.7400e-01  2.3622e-04
 5.7450e-01  2.3788e-04
 5.7500e-01  2.3955e-04
 5.7550e-01  2.4124e-04
 5.7600e-01  2.4294e-04
 5.7650e-01  2.4466e-04
 5.7700e-01  2.4639e-04
 5.7750e-01  2.4814e-04
 5.7800e-01  2.4990e-04
 5.7850e-01  2.5167e-04
 5.7900e-01  2.5346e-04
 5.7950e-01  2.5527e-04
 5.8000e-01  2.5709e-04
 5.8050e-01  2.5892e-04
 5.8100e-01  2.6077e-04
 5.8150e-01  2.6264e-04
 5.8200e-01  2.6452e-04
 5.8250e-01  2.6642e-04
 5.8300e-01  2.6834e-04
 5.8350e-01  2.7027e-04
 5.8400e-01  2.7222e-04
 5.8450e-01  2.7418e-04
 5.8500e-01  2.7616e-04
 5.8550e-01  2.7816e-04
 5.8600e-01  2.8018e-04
 5.8650e-01  2.8221e-04
 5.8700e-01  2.8426e-04
 5.8750e-01  2.8633e-04
 5.8800e-01  2.8842e-04
 5.8850e-01  2.9053e-04
 5.8900e-01  2.9265e-04
 5.8950e-01  2.9479e-04
 5.9000e-01  2.9696e-04
 5.9050e-01  2.9914e-04
 5.9100e-01  3.0134e-04
 5.9150e-01  3.0356e-04
 5.9200e-01  3.0579e-04
 5.9250e-01  3.0805e-04
 5.9300e-01  3.1033e-04
 5.9350e-01  3.1263e-04
 5.9400e-01  3.1495e-04
 5.9450e-01  3.1729e-04
 5.9500e-01  3.1966e-04
 5.9550e-01  3.2204e-04
 5.9600e-01  3.2445e-04
 5.9650e-01  3.2687e-04
 5.9700e-01  3.2932e-04
 5.9750e-01  3.3179e-04
 5.9800e-01  3.3429e-04
 5.9850e-01  3.3681e-04
 5.9900e-01  3.3935e-04
 5.9950e-01  3.4191e-04
 6.0000e-01  3.4450e-04
 6.0050e-01  3.4711e-04
 6.0100e-01  3.4974e-04
 6.0150e-01  3.5240e-04
 6.0200e-01  3.5508e-04
 6.0250e-01  3.5779e-04
 6.0300e-01  3.6053e-04
 6.0350e-01  3.6329e-04
 6.0400e-01  3.6607e-04
 6.0450e-01  3.6889e-04
 6.0500e-01  3.7172e-04
 6.0550e-01  3.7459e-04
 6.0600e-01  3.7748e-04
 6.0650e-01  3.8040e-04
 6.0700e-01  3.8335e-04
 6.0750e-01  3.8633e-04
 6.0800e-01  3.8933e-04
 6.0850e-01  3.9236e-04
 6.0900e-01  3.9543e-04
 6.0950e-01  3.9852e-04
 6.1000e-01  4.0164e-04
 6.1050e-01  4.0479e-04
 6.1100e-01  4.0798e-04
 6.1150e-01  4.1119e-04
 6.1200e-01  4.1444e-04
 6.1250e-01  4.1771e-04
 6.1300e-01  4.2102e-04
 6.1350e-01  4.2437e-04
 6.1400e-01  4.2774e-04
 6.1450e-01  4.3115e-04
 6.1500e-01  4.3459e-04
 6.1550e-01  4.3807e-04
 6.1600e-01  4.4158e-04
 6.1650e-01  4.4512e-04
 6.1700e-01  4.4871e-04
 6.1750e-01  4.5232e-04
 6.1800e-01  4.5598e-04
 6.1850e-01  4.5967e-04
 6.1900e-01  4.6340e-04
 6.1950e-01  4.6716e-04
 6.2000e-01  4.7097e-04
 6.2050e-01  4.7481e-04
 6.2100e-01  4.7870e-04
 6.2150e-01  4.8262e-04
 6.2200e-01  4.8658e-04
 6.2250e-01  4.9058e-04
 6.2300e-01  4.9463e-04
 6.2350e-01  4.9872e-04
 6.2400e-01  5.0285e-04
 6.2450e-01  5.0702e-04
 6.2500e-01  5.1124e-04
 6.2550e-01  5.1550e-04
 6.2600e-01  5.1981e-04
 6.2650e-01  5.2416e-04
 6.2700e-01  5.2855e-04
 6.2750e-01  5.3300e-04
 6.2800e-01  5.3749e-04
 6.2850e-01  5.4203e-04
 6.2900e-01  5.4662e-04
 6.2950e-01  5.5126e-04
 6.3000e-01  5.5594e-04
 6.3050e-01  5.6068e-04
 6.3100e-01  5.6547e-04
 6.3150e-01  5.7031e-04
 6.3200e-01  5.7521e-04
 6.3250e-01  5.8016e-04
 6.3300e-01  5.8516e-04
 6.3350e-01  5.9021e-04
 6.3400e-01  5.9533e-04
 6.3450e-01  6.0050e-04
 6.3500e-01  6.0572e-04
 6.3550e-01  6.1101e-04
 6.3600e-01  6.1635e-04
 6.3650e-01  6.2176e-04
 6.3700e-01  6.2722e-04
 6.3750e-01  6.3275e-04
 6.3800e-01  6.3834e-04
 6.3850e-01  6.4399e-04
 6.3900e-01  6.4970e-04
 6.3950e-01  6.5549e-04
 6.4000e-01  6.6133e-04
 6.4050e-01  6.6725e-04
 6.4100e-01  6.7323e-04
 6.4150e-01  6.7928e-04
 6.4200e-01  6.8541e-04
 6.4250e-01  6.9160e-04
 6.4300e-01  6.9786e-04
 6.4350e-01  7.0420e-04
 6.4400e-01  7.1062e-04
 6.4450e-01  7.1711e-04
 6.4500e-01  7.2367e-04
 6.4550e-01  7.3032e-04
 6.4600e-01  7.3704e-04
 6.4650e-01  7.4384e-04
 6.4700e-01  7.5073e-04
 6.4750e-01  7.5769e-04
 6.4800e-01  7.6475e-04
 6.4850e-01  7.7188e-04
 6.4900e-01  7.7910e-04
 6.4950e-01  7.8642e-04
 6.5000e-01  7.9382e-04
 6.5050e-01  8.0131e-04
 6.5100e-01  8.0889e-04
 6.5150e-01  8.1657e-04
 6.5200e-01  8.2434e-04
 6.5250e-01  8.3221e-04
 6.5300e-01  8.4018e-04
 6.5350e-01  8.4825e-04
 6.5400e-01  8.5641e-04
 6.5450e-01  8.6469e-04
 6.5500e-01  8.7306e-04
 6.5550e-01  8.8155e-04
 6.5600e-01  8.9014e-04
 6.5650e-01  8.9884e-04
 6.5700e-01  9.0765e-04
 6.5750e-01  9.1658e-04
 6.5800e-01  9.2562e-04
 6.5850e-01  9.3478e-04
 6.5900e-01  9.4406e-04
 6.5950e-01  9.5346e-04
 6.6000e-01  9.6298e-04
 6.6050e-01  9.7263e-04
 6.6100e-01  9.8241e-04
 6.6150e-01  9.9232e-04
 6.6200e-01  1.0024e-03
 6.6250e-01  1.0125e-03
 6.6300e-01  1.0228e-03
 6.6350e-01  1.0333e-03
 6.6400e-01  1.0439e-03
 6.6450e-01  1.0546e-03
 6.6500e-01  1.0655e-03
 6.6550e-01  1.0765e-03
 6.6600e-01  1.0877e-03
 6.6650e-01  1.0990e-03
 6.6700e-01  1.1105e-03
 6.6750e-01  1.1222e-03
 6.6800e-01  1.1340e-03
 6.6850e-01  1.1460e-03
 6.6900e-01  1.1581e-03
 6.6950e-01  1.1705e-03
 6.7000e-01  1.1830e-03
 6.7050e-01  1.1956e-03
 6.7100e-01  1.2085e-03
 6.7150e-01  1.2216e-03
 6.7200e-01  1.2348e-03
 6.7250e-01  1.2482e-03
 6.7300e-01  1.2618e-03
 6.7350e-01  1.2756e-03
 6.7400e-01  1.2897e-03
 6.7450e-01  1.3039e-03
 6.7500e-01  1.3183e-03
 6.7550e-01  1.3330e-03
 6.7600e-01  1.3479e-03
 6.7650e-01  1.3630e-03
 6.7700e-01  1.3783e-03
 6.7750e-01  1.3939e-03
 6.7800e-01  1.4096e-03
 6.7850e-01  1.4257e-03
 6.7900e-01  1.4420e-03
 6.7950e-01  1.4585e-03
 6.8000e-01  1.4753e-03
 6.8050e-01  1.4923e-03
 6.8100e-01  1.5096e-03
 6.8150e-01  1.5272e-03
 6.8200e-01  1.5451e-03
 6.8250e-01  1.5633e-03
 6.8300e-01  1.5817e-03
 6.8350e-01  1.6004e-03
 6.8400e-01  1.6195e-03
 6.8450e-01  1.6388e-03
 6.8500e-01  1.6585e-03
 6.8550e-01  1.6785e-03
 6.8600e-01  1.6988e-03
 6.8650e-01  1.7194e-03
 6.8700e-01  1.7404e-03
 6.8750e-01  1.7617e-03
 6.8800e-01  1.7834e-03
 6.8850e-01  1.8055e-03
 6.8900e-01  1.8279e-03
 6.8950e-01  1.8507e-03
 6.9000e-01  1.8739e-03
 6.9050e-01  1.8975e-03
 6.9100e-01  1.9215e-03
 6.9150e-01  1.9459e-03
 6.9200e-01  1.9708e-03
 6.9250e-01  1.9961e-03
 6.9300e-01  2.0218e-03
 6.9350e-01  2.0480e-03
 6.9400e-01  2.0746e-03
 6.9450e-01  2.1017e-03
 6.9500e-01  2.1294e-03
 6.9550e-01  2.1575e-03
 6.9600e-01  2.1861e-03
 6.9650e-01  2.2152e-03
 6.9700e-01  2.2449e-03
 6.9750e-01  2.2751e-03
 6.9800e-01  2.3059e-03
 6.9850e-01  2.3373e-03
 6.9900e-01  2.3693e-03
 6.9950e-01  2.4018e-03
 7.0000e-01  2.4350e-03
 7.0050e-01  2.4688e-03
 7.0100e-01  2.5033e-03
 7.0150e-01  2.5384e-03
 7.0200e-01  2.5742e-03
 7.0250e-01  2.6108e-03
 7.0300e-01  2.6480e-03
 7.0350e-01  2.6860e-03
 7.0400e-01  2.7247e-03
 7.0450e-01  2.7642e-03
 7.0500e-01  2.8045e-03
 7.0550e-01  2.8457e-03
 7.0600e-01  2.8876e-03
 7.0650e-01  2.9305e-03
 7.0700e-01  2.9742e-03
 7.0750e-01  3.0188e-03
 7.0800e-01  3.0644e-03
 7.0850e-01  3.1109e-03
 7.0900e-01  3.1584e-03
 7.0950e-01  3.2070e-03
 7.1000e-01  3.2565e-03
 7.1050e-01  3.3072e-03
 7.1100e-01  3.3590e-03
 7.1150e-01  3.4119e-03
 7.1200e-01  3.4659e-03
 7.1250e-01  3.5212e-03
 7.1300e-01  3.5777e-03
 7.1350e-01  3.6355e-03
 7.1400e-01  3.6945e-03
 7.1450e-01  3.7550e-03
 7.1500e-01  3.8168e-03
 7.1550e-01  3.8801e-03
 7.1600e-01  3.9448e-03
 7.1650e-01  4.0111e-03
 7.1700e-01  4.0789e-03
 7.1750e-01  4.1484e-03
 7.1800e-01  4.2195e-03
 7.1850e-01  4.2924e-03
 7.1900e-01  4.3670e-03
 7.1950e-01  4.4435e-03
 7.2000e-01  4.5219e-03
 7.2050e-01  4.6022e-03
 7.2100e-01  4.6846e-03
 7.2150e-01  4.7690e-03
 7.2200e-01  4.8556e-03
 7.2250e-01  4.9445e-03
 7.2300e-01  5.0356e-03
 7.2350e-01  5.1291e-03
 7.2400e-01  5.2252e-03
 7.2450e-01  5.3237e-03
 7.2500e-01  5.4250e-03
 7.2550e-01  5.5289e-03
 7.2600e-01  5.6357e-03
 7.2650e-01  5.7455e-03
 7.2700e-01  5.8583e-03
 7.2750e-01  5.9743e-03
 7.2800e-01  6.0935e-03
 7.2850e-01  6.2162e-03
 7.2900e-01  6.3424e-03
 7.2950e-01  6.4722e-03
 7.3000e-01  6.6059e-03
 7.3050e-01  6.7435e-03
 7.3100e-01  6.8852e-03
 7.3150e-01  7.0312e-03
 7.3200e-01  7.1817e-03
 7.3250e-01  7.3368e-03
 7.3300e-01  7.4967e-03
 7.3350e-01  7.6616e-03
 7.3400e-01  7.8317e-03
 7.3450e-01  8.0073e-03
 7.3500e-01  8.1885e-03
 7.3550e-01  8.3757e-03
 7.3600e-01  8.5690e-03
 7.3650e-01  8.7688e-03
 7.3700e-01  8.9753e-03
 7.3750e-01  9.1888e-03
 7.3800e-01  9.4096e-03
 7.3850e-01  9.6382e-03
 7.3900e-01  9.8747e-03
 7.3950e-01  1.0120e-02
 7.4000e-01  1.0374e-02
 7.4050e-01  1.0637e-02
 7.4100e-01  1.0909e-02
 7.4150e-01  1.1192e-02
 7.4200e-01  1.1486e-02
 7.4250e-01  1.1790e-02
 7.4300e-01  1.2107e-02
 7.4350e-01  1.2435e-02
 7.4400e-01  1.2777e-02
 7.4450e-01  1.3133e-02
 7.4500e-01  1.3503e-02
 7.4550e-01  1.3888e-02
 7.4600e-01  1.4289e-02
 7.4650e-01  1.4707e-02
 7.4700e-01  1.5142e-02
 7.4750e-01  1.5597e-02
 7.4800e-01  1.6072e-02
 7.4850e-01  1.6568e-02
 7.4900e-01  1.7086e-02
 7.4950e-01  1.7628e-02
 7.5000e-01  1.8195e-02
 7.5050e-01  1.8789e-02
 7.5100e-01  1.9411e-02
 7.5150e-01  2.0063e-02
 7.5200e-01  2.0748e-02
 7.5250e-01  2.1467e-02
 7.5300e-01  2.2223e-02
 7.5350e-01  2.3018e-02
 7.5400e-01  2.3854e-02
 7.5450e-01  2.4735e-02
 7.5500e-01  2.5665e-02
 7.5550e-01  2.6646e-02
 7.5600e-01  2.7682e-02
 7.5650e-01  2.8777e-02
 7.5700e-01  2.9936e-02
 7.5750e-01  3.1165e-02
 7.5800e-01  3.2467e-02
 7.5850e-01  3.3851e-02
 7.5900e-01  3.5321e-02
 7.5950e-01  3.6886e-02
 7.6000e-01  3.8553e-02
 7.6050e-01  4.0332e-02
 7.6100e-01  4.2232e-02
 7.6150e-01  4.4265e-02
 7.6200e-01  4.6442e-02
 7.6250e-01  4.8778e-02
 7.6300e-01  5.1289e-02
 7.6350e-01  5.3991e-02
 7.6400e-01  5.6903e-02
 7.6450e-01  6.0049e-02
 7.6500e-01  6.3452e-02
 7.6550e-01  6.7141e-02
 7.6600e-01  7.1148e-02
 7.6650e-01  7.5509e-02
 7.6700e-01  8.0265e-02
 7.6750e-01  8.5464e-02
 7.6800e-01  9.1161e-02
 7.6850e-01  9.7419e-02
 7.6900e-01  1.0431e-01
 7.6950e-01  1.1192e-01
 7.7000e-01  1.2035e-01
 7.7050e-01  1.2970e-01
 7.7100e-01  1.4012e-01
 7.7150e-01  1.5177e-01
 7.7200e-01  1.6481e-01
 7.7250e-01  1.7949e-01
 7.7300e-01  1.9603e-01
 7.7350e-01  2.1476e-01
 7.7400e-01  2.3603e-01
 7.7450e-01  2.6024e-01
 7.7500e-01  2.8789e-01
 7.7550e-01  3.1953e-01
 7.7600e-01  3.5580e-01
 7.7650e-01  3.9739e-01
 7.7700e-01  4.4504e-01
 7.7750e-01  4.9944e-01
 7.7800e-01  5.6116e-01
 7.7850e-01  6.3042e-01
 7.7900e-01  7.0682e-01
 7.7950e-01  7.8890e-01
 7.8000e-01  8.7374e-01
 7.8050e-01  9.5652e-01
 7.8100e-01  1.0306e+00
 7.8150e-01  1.0881e+00
 7.8200e-01  1.1217e+00
 7.8250e-01  1.1266e+00
 7.8300e-01  1.1023e+00
 7.8350e-01  1.0523e+00
 7.8400e-01  9.8359e-01
 7.8450e-01  9.0390e-01
 7.8500e-01  8.2027e-01
 7.8550e-01  7.3804e-01
 7.8600e-01  6.6062e-01
 7.8650e-01  5.8984e-01
 7.8700e-01  5.2637e-01
 7.8750e-01  4.7017e-01
 7.8800e-01  4.2078e-01
 7.8850e-01  3.7755e-01
 7.8900e-01  3.3977e-01
 7.8950e-01  3.0675e-01
 7.9000e-01  2.7785e-01
 7.9050e-01  2.5251e-01
 7.9100e-01  2.3024e-01
 7.9150e-01  2.1060e-01
 7.9200e-01  1.9322e-01
 7.9250e-01  1.7781e-01
 7.9300e-01  1.6409e-01
 7.9350e-01  1.5183e-01
 7.9400e-01  1.4085e-01
 7.9450e-01  1.3099e-01
 7.9500e-01  1.2209e-01
 7.9550e-01  1.1405e-01
 7.9600e-01  1.0677e-01
 7.9650e-01  1.0014e-01
 7.9700e-01  9.4108e-02
 7.9750e-01  8.8595e-02
 7.9800e-01  8.3546e-02
 7.9850e-01  7.8913e-02
 7.9900e-01  7.4652e-02
 7.9950e-01  7.0724e-02
 8.0000e-01  6.7097e-02
 8.0050e-01  6.3741e-02
 8.0100e-01  6.0630e-02
 8.0150e-01  5.7741e-02
 8.0200e-01  5.5054e-02
 8.0250e-01  5.2550e-02
 8.0300e-01  5.0214e-02
 8.0350e-01  4.8031e-02
 8.0400e-01  4.5988e-02
 8.0450e-01  4.4074e-02
 8.0500e-01  4.2277e-02
 8.0550e-01  4.0589e-02
 8.0600e-01  3.9001e-02
 8.0650e-01  3.7505e-02
 8.0700e-01  3.6094e-02
 8.0750e-01  3.4763e-02
 8.0800e-01  3.3504e-02
 8.0850e-01  3.2314e-02
 8.0900e-01  3.1187e-02
 8.0950e-01  3.0119e-02
 8.1000e-01  2.9105e-02
 8.1050e-01  2.8143e-02
 8.1100e-01  2.7228e-02
 8.1150e-01  2.6358e-02
 8.1200e-01  2.5530e-02
 8.1250e-01  2.4741e-02
 8.1300e-01  2.3989e-02
 8.1350e-01  2.3271e-02
 8.1400e-01  2.2585e-02
 8.1450e-01  2.1930e-02
 8.1500e-01  2.1304e-02
 8.1550e-01  2.0705e-02
 8.1600e-01  2.0131e-02
 8.1650e-01  1.9582e-02
 8.1700e-01  1.9055e-02
 8.1750e-01  1.8549e-02
 8.1800e-01  1.8064e-02
 8.1850e-01  1.7599e-02
 8.1900e-01  1.7151e-02
 8.1950e-01  1.6721e-02
 8.2000e-01  1.6307e-02
 8.2050e-01  1.5909e-02
 8.2100e-01  1.5526e-02
 8.2150e-01  1.5156e-02
 8.2200e-01  1.4801e-02
 8.2250e-01  1.4457e-02
 8.2300e-01  1.4127e-02
 8.2350e-01  1.3807e-02
 8.2400e-01  1.3499e-02
 8.2450e-01  1.3201e-02
 8.2500e-01  1.2914e-02
 8.2550e-01  1.2636e-02
 8.2600e-01  1.2367e-02
 8.2650e-01  1.2107e-02
 8.2700e-01  1.1855e-02
 8.2750e-01  1.1611e-02
 8.2800e-01  1.1375e-02
 8.2850e-01  1.1147e-02
 8.2900e-01  1.0925e-02
 8.2950e-01  1.0711e-02
 8.3000e-01  1.0502e-02
 8.3050e-01  1.0301e-02
 8.3100e-01  1.0105e-02
 8.3150e-01  9.9144e-03
 8.3200e-01  9.7298e-03
 8.3250e-01  9.5504e-03
 8.3300e-01  9.3762e-03
 8.3350e-01  9.2069e-03
 8.3400e-01  9.0423e-03
 8.3450e-01  8.8823e-03
 8.3500e-01  8.7267e-03
 8.3550e-01  8.5753e-03
 8.3600e-01  8.4280e-03
 8.3650e-01  8.2846e-03
 8.3700e-01  8.1450e-03
 8.3750e-01  8.0090e-03
 8.3800e-01  7.8766e-03
 8.3850e-01  7.7476e-03
 8.3900e-01  7.6219e-03
 8.3950e-01  7.4994e-03
 8.4000e-01  7.3799e-03
 8.4050e-01  7.2634e-03
 8.4100e-01  7.1498e-03
 8.4150e-01  7.0389e-03
 8.4200e-01  6.9307e-03
 8.4250e-01  6.8252e-03
 8.4300e-01  6.7221e-03
 8.4350e-01  6.6215e-03
 8.4400e-01  6.5232e-03
 8.4450e-01  6.4272e-03
 8.4500e-01  6.3334e-03
 8.4550e-01  6.2418e-03
 8.4600e-01  6.1523e-03
 8.4650e-01  6.0647e-03
 8.4700e-01  5.9791e-03
 8.4750e-01  5.8954e-03
 8.4800e-01  5.8136e-03
 8.4850e-01  5.7335e-03
 8.4900e-01  5.6552e-03
 8.4950e-01  5.5786e-03
 8.5000e-01  5.5036e-03
 8.5050e-01  5.4301e-03
 8.5100e-01  5.3582e-03
 8.5150e-01  5.2879e-03
 8.5200e-01  5.2189e-03
 8.5250e-01  5.1514e-03
 8.5300e-01  5.0853e-03
 8.5350e-01  5.0205e-03
 8.5400e-01  4.9570e-03
 8.5450e-01  4.8948e-03
 8.5500e-01  4.8338e-03
 8.5550e-01  4.7740e-03
 8.5600e-01  4.7154e-03
 8.5650e-01  4.6579e-03
 8.5700e-01  4.6016e-03
 8.5750e-01  4.5463e-03
 8.5800e-01  4.4921e-03
 8.5850e-01  4.4389e-03
 8.5900e-01  4.3866e-03
 8.5950e-01  4.3354e-03
 8.6000e-01  4.2851e-03
 8.6050e-01  4.2358e-03
 8.6100e-01  4.1873e-03
 8.6150e-01  4.1398e-03
 8.6200e-01  4.0930e-03
 8.6250e-01  4.0472e-03
 8.6300e-01  4.0021e-03
 8.6350e-01  3.9578e-03
 8.6400e-01  3.9144e-03
 8.6450e-01  3.8716e-03
 8.6500e-01  3.8297e-03
 8.6550e-01  3.7884e-03
 8.6600e-01  3.7479e-03
 8.6650e-01  3.7080e-03
 8.6700e-01  3.6689e-03
 8.6750e-01  3.6304e-03
 8.6800e-01  3.5925e-03
 8.6850e-01  3.5552e-03
 8.6900e-01  3.5186e-03
 8.6950e-01  3.4826e-03
 8.7000e-01  3.4472e-03
 8.7050e-01  3.4124e-03
 8.7100e-01  3.3781e-03
 8.7150e-01  3.3443e-03
 8.7200e-01  3.3112e-03
 8.7250e-01  3.2785e-03
 8.7300e-01  3.2463e-03
 8.7350e-01  3.2147e-03
 8.7400e-01  3.1836e-03
 8.7450e-01  3.1529e-03
 8.7500e-01  3.1227e-03
 8.7550e-01  3.0930e-03
 8.7600e-01  3.0637e-03
 8.7650e-01  3.0349e-03
 8.7700e-01  3.0065e-03
 8.7750e-01  2.9786e-03
 8.7800e-01  2.9510e-03
 8.7850e-01  2.9239e-03
 8.7900e-01  2.8972e-03
 8.7950e-01  2.8708e-03
 8.8000e-01  2.8449e-03
 8.8050e-01  2.8193e-03
 8.8100e-01  2.7941e-03
 8.8150e-01  2.7693e-03
 8.8200e-01  2.7448e-03
 8.8250e-01  2.7207e-03
 8.8300e-01  2.6969e-03
 8.8350e-01  2.6734e-03
 8.8400e-01  2.6503e-03
 8.8450e-01  2.6275e-03
 8.8500e-01  2.6050e-03
 8.8550e-01  2.5829e-03
 8.8600e-01  2.5610e-03
 8.8650e-01  2.5395e-03
 8.8700e-01  2.5182e-03
 8.8750e-01  2.4972e-03
 8.8800e-01  2.4765e-03
 8.8850e-01  2.4561e-03
 8.8900e-01  2.4360e-03
 8.8950e-01  2.4161e-03
 8.9000e-01  2.3965e-03
 8.9050e-01  2.3777e-03
 8.9100e-01  2.3585e-03
 8.9150e-01  2.3395e-03
 8.9200e-01  2.3208e-03
 8.9250e-01  2.3023e-03
 8.9300e-01  2.2841e-03
 8.9350e-01  2.2661e-03
 8.9400e-01  2.2483e-03
 8.9450e-01  2.2308e-03
 8.9500e-01  2.2135e-03
 8.9550e-01  2.1964e-03
 8.9600e-01  2.1795e-03
 8.9650e-01  2.1628e-03
 8.9700e-01  2.1463e-03
 8.9750e-01  2.1301e-03
 8.9800e-01  2.1140e-03
 8.9850e-01  2.0982e-03
 8.9900e-01  2.0825e-03
 8.9950e-01  2.0670e-03
 9.0000e-01  2.0517e-03
 9.0050e-01  2.0366e-03
 9.0100e-01  2.0217e-03
 9.0150e-01  2.0070e-03
 9.0200e-01  1.9924e-03
 9.0250e-01  1.9780e-03
 9.0300e-01  1.9638e-03
 9.0350e-01  1.9497e-03
 9.0400e-01  1.9359e-03
 9.0450e-01  1.9221e-03
 9.0500e-01  1.9086e-03
 9.0550e-01  1.8951e-03
 9.0600e-01  1.8819e-03
 9.0650e-01  1.8688e-03
 9.0700e-01  1.8558e-03
 9.0750e-01  1.8430e-03
 9.0800e-01  1.8304e-03
 9.0850e-01  1.8179e-03
 9.0900e-01  1.8055e-03
 9.0950e-01  1.7932e-03
 9.1000e-01  1.7812e-03
 9.1050e-01  1.7692e-03
 9.1100e-01  1.7573e-03
 9.1150e-01  1.7456e-03
 9.1200e-01  1.7341e-03
 9.1250e-01  1.7226e-03
 9.1300e-01  1.7113e-03
 9.1350e-01  1.7001e-03
 9.1400e-01  1.6890e-03
 9.1450e-01  1.6781e-03
 9.1500e-01  1.6672e-03
 9.1550e-01  1.6565e-03
 9.1600e-01  1.6459e-03
 9.1650e-01  1.6354e-03
 9.1700e-01  1.6250e-03
 9.1750e-01  1.6147e-03
 9.1800e-01  1.6045e-03
 9.1850e-01  1.5945e-03
 9.1900e-01  1.5845e-03
 9.1950e-01  1.5746e-03
 9.2000e-01  1.5649e-03
 9.2050e-01  1.5552e-03
 9.2100e-01  1.5457e-03
 9.2150e-01  1.5362e-03
 9.2200e-01  1.5268e-03
 9.2250e-01  1.5176e-03
 9.2300e-01  1.5084e-03
 9.2350e-01  1.4993e-03
 9.2400e-01  1.4903e-03
 9.2450e-01  1.4814e-03
 9.2500e-01  1.4726e-03
 9.2550e-01  1.4639e-03
 9.2600e-01  1.4552e-03
 9.2650e-01  1.4467e-03
 9.2700e-01  1.4382e-03
 9.2750e-01  1.4298e-03
 9.2800e-01  1.4215e-03
 9.2850e-01  1.4133e-03
 9.2900e-01  1.4051e-03
 9.2950e-01  1.3971e-03
 9.3000e-01  1.3891e-03
 9.3050e-01  1.3812e-03
 9.3100e-01  1.3733e-03
 9.3150e-01  1.3655e-03
 9.3200e-01  1.3578e-03
 9.3250e-01  1.3502e-03
 9.3300e-01  1.3427e-03
 9.3350e-01  1.3352e-03
 9.3400e-01  1.3278e-03
 9.3450e-01  1.3204e-03
 9.3500e-01  1.3132e-03
 9.3550e-01  1.3060e-03
 9.3600e-01  1.2988e-03
 9.3650e-01  1.2917e-03
 9.3700e-01  1.2847e-03
 9.3750e-01  1.2778e-03
 9.3800e-01  1.2709e-03
 9.3850e-01  1.2641e-03
 9.3900e-01  1.2573e-03
 9.3950e-01  1.2506e-03
 9.4000e-01  1.2440e-03
 9.4050e-01  1.2374e-03
 9.4100e-01  1.2309e-03
 9.4150e-01  1.2244e-03
 9.4200e-01  1.2180e-03
 9.4250e-01  1.2117e-03
 9.4300e-01  1.2054e-03
 9.4350e-01  1.1991e-03
 9.4400e-01  1.1929e-03
 9.4450e-01  1.1868e-03
 9.4500e-01  1.1807e-03
 9.4550e-01  1.1747e-03
 9.4600e-01  1.1687e-03
 9.4650e-01  1.1628e-03
 9.4700e-01  1.1569e-03
 9.4750e-01  1.1511e-03
 9.4800e-01  1.1453e-03
 9.4850e-01  1.1396e-03
 9.4900e-01  1.1339e-03
 9.4950e-01  1.1283e-03
 9.5000e-01  1.1227e-03
 9.5050e-01  1.1172e-03
 9.5100e-01  1.1117e-03
 9.5150e-01  1.1063e-03
 9.5200e-01  1.1009e-03
 9.5250e-01  1.0955e-03
 9.5300e-01  1.0902e-03
 9.5350e-01  1.0850e-03
 9.5400e-01  1.0797e-03
 9.5450e-01  1.0745e-03
 9.5500e-01  1.0694e-03
 9.5550e-01  1.0643e-03
 9.5600e-01  1.0592e-03
 9.5650e-01  1.0542e-03
 9.5700e-01  1.0493e-03
 9.5750e-01  1.0443e-03
 9.5800e-01  1.0394e-03
 9.5850e-01  1.0346e-03
 9.5900e-01  1.0298e-03
 9.5950e-01  1.0250e-03
 9.6000e-01  1.0202e-03
 9.6050e-01  1.0155e-03
 9.6100e-01  1.0109e-03
 9.6150e-01  1.0062e-03
 9.6200e-01  1.0016e-03
 9.6250e-01  9.9708e-04
 9.6300e-01  9.9256e-04
 9.6350e-01  9.8807e-04
 9.6400e-01  9.8361e-04
 9.6450e-01  9.7919e-04
 9.6500e-01  9.7481e-04
 9.6550e-01  9.7045e-04
 9.6600e-01  9.6614e-04
 9.6650e-01  9.6185e-04
 9.6700e-01  9.5759e-04
 9.6750e-01  9.5337e-04
 9.6800e-01  9.4918e-04
 9.6850e-01  9.4502e-04
 9.6900e-01  9.4089e-04
 9.6950e-01  9.3679e-04
 9.7000e-01  9.3273e-04
 9.7050e-01  9.2869e-04
 9.7100e-01  9.2468e-04
 9.7150e-01  9.2070e-04
 9.7200e-01  9.1676e-04
 9.7250e-01  9.1284e-04
 9.7300e-01  9.0895e-04
 9.7350e-01  9.0509e-04
 9.7400e-01  9.0125e-04
 9.7450e-01  8.9744e-04
 9.7500e-01  8.9367e-04
 9.7550e-01  8.8991e-04
 9.7600e-01  8.8619e-04
 9.7650e-01  8.8249e-04
 9.7700e-01  8.7882e-04
 9.7750e-01  8.7517e-04
 9.7800e-01  8.7156e-04
 9.7850e-01  8.6796e-04
 9.7900e-01  8.6439e-04
 9.7950e-01  8.6085e-04
 9.8000e-01  8.5733e-04
 9.8050e-01  8.5384e-04
 9.8100e-01  8.5037e-04
 9.8150e-01  8.4693e-04
 9.8200e-01  8.4351e-04
 9.8250e-01  8.4011e-04
 9.8300e-01  8.3674e-04
 9.8350e-01  8.3339e-04
 9.8400e-01  8.3006e-04
 9.8450e-01  8.2675e-04
 9.8500e-01  8.2347e-04
 9.8550e-01  8.2022e-04
 9.8600e-01  8.1698e-04
 9.8650e-01  8.1376e-04
 9.8700e-01  8.1057e-04
 9.8750e-01  8.0740e-04
 9.8800e-01  8.0425e-04
 9.8850e-01  8.0112e-04
 9.8900e-01  7.9801e-04
 9.8950e-01  7.9493e-04
 9.9000e-01  7.9186e-04
 9.9050e-01  7.8881e-04
 9.9100e-01  7.8579e-04
 9.9150e-01  7.8278e-04
 9.9200e-01  7.7980e-04
 9.9250e-01  7.7683e-04
 9.9300e-01  7.7388e-04
 9.9350e-01  7.7096e-04
 9.9400e-01  7.6805e-04
 9.9450e-01  7.6516e-04
 9.9500e-01  7.6229e-04
 9.9550e-01  7.5944e-04
 9.9600e-01  7.5661e-04
 9.9650e-01  7.5379e-04
 9.9700e-01  7.5099e-04
 9.9750e-01  7.4822e-04
 9.9800e-01  7.4546e-04
 9.9850e-01  7.4271e-04
 9.9900e-01  7.3999e-04
 9.9950e-01  7.3728e-04
 1.0000e+00  7.3459e-04
 1.0005e+00  7.3191e-04
 1.0010e+00  7.2926e-04
 1.0015e+00  7.2662e-04
 1.0020e+00  7.2399e-04
 1.0025e+00  7.2139e-04
 1.0030e+00  7.1880e-04
 1.0035e+00  7.1622e-04
 1.0040e+00  7.1366e-04
 1.0045e+00  7.1112e-04
 1.0050e+00  7.0859e-04
 1.0055e+00  7.0608e-04
 1.0060e+00  7.0359e-04
 1.0065e+00  7.0111e-04
 1.0070e+00  6.9864e-04
 1.0075e+00  6.9619e-04
 1.0080e+00  6.9376e-04
 1.0085e+00  6.9133e-04
 1.0090e+00  6.8893e-04
 1.0095e+00  6.8654e-04
 1.0100e+00  6.8416e-04
 1.0105e+00  6.8180e-04
 1.0110e+00  6.7945e-04
 1.0115e+00  6.7712e-04
 1.0120e+00  6.7480e-04
 1.0125e+00  6.7249e-04
 1.0130e+00  6.7020e-04
 1.0135e+00  6.6792e-04
 1.0140e+00  6.6566e-04
 1.0145e+00  6.6341e-04
 1.0150e+00  6.6117e-04
 1.0155e+00  6.5894e-04
 1.0160e+00  6.5673e-04
 1.0165e+00  6.5453e-04
 1.0170e+00  6.5235e-04
 1.0175e+00  6.5018e-04
 1.0180e+00  6.4802e-04
 1.0185e+00  6.4587e-04
 1.0190e+00  6.4373e-04
 1.0195e+00  6.4161e-04
 1.0200e+00  6.3950e-04
 1.0205e+00  6.3740e-04
 1.0210e+00  6.3531e-04
 1.0215e+00  6.3324e-04
 1.0220e+00  6.3118e-04
 1.0225e+00  6.2913e-04
 1.0230e+00  6.2709e-04
 1.0235e+00  6.2506e-04
 1.0240e+00  6.2304e-04
 1.0245e+00  6.2104e-04
 1.0250e+00  6.1905e-04
 1.0255e+00  6.1706e-04
 1.0260e+00  6.1509e-04
 1.0265e+00  6.1314e-04
 1.0270e+00  6.1119e-04
 1.0275e+00  6.0925e-04
 1.0280e+00  6.0732e-04
 1.0285e+00  6.0541e-04
 1.0290e+00  6.0350e-04
 1.0295e+00  6.0160e-04
 1.0300e+00  5.9972e-04
 1.0305e+00  5.9785e-04
 1.0310e+00  5.9598e-04
 1.0315e+00  5.9413e-04
 1.0320e+00  5.9229e-04
 1.0325e+00  5.9045e-04
 1.0330e+00  5.8863e-04
 1.0335e+00  5.8682e-04
 1.0340e+00  5.8502e-04
 1.0345e+00  5.8322e-04
 1.0350e+00  5.8144e-04
 1.0355e+00  5.7966e-04
 1.0360e+00  5.7790e-04
 1.0365e+00  5.7614e-04
 1.0370e+00  5.7440e-04
 1.0375e+00  5.7266e-04
 1.0380e+00  5.7093e-04
 1.0385e+00  5.6922e-04
 1.0390e+00  5.6751e-04
 1.0395e+00  5.6581e-04
 1.0400e+00  5.6412e-04
 1.0405e+00  5.6244e-04
 1.0410e+00  5.6076e-04
 1.0415e+00  5.5910e-04
 1.0420e+00  5.5745e-04
 1.0425e+00  5.5580e-04
 1.0430e+00  5.5416e-04
 1.0435e+00  5.5253e-04
 1.0440e+00  5.5091e-04
 1.0445e+00  5.4930e-04
 1.0450e+00  5.4770e-04
 1.0455e+00  5.4610e-04
 1.0460e+00  5.4451e-04
 1.0465e+00  5.4294e-04
 1.0470e+00  5.4136e-04
 1.0475e+00  5.3980e-04
 1.0480e+00  5.3825e-04
 1.0485e+00  5.3670e-04
 1.0490e+00  5.3516e-04
 1.0495e+00  5.3363e-04
 1.0500e+00  5.3211e-04
 1.0505e+00  5.3059e-04
 1.0510e+00  5.2908e-04
 1.0515e+00  5.2758e-04
 1.0520e+00  5.2609e-04
 1.0525e+00  5.2461e-04
 1.0530e+00  5.2313e-04
 1.0535e+00  5.2166e-04
 1.0540e+00  5.2019e-04
 1.0545e+00  5.1874e-04
 1.0550e+00  5.1729e-04
 1.0555e+00  5.1585e-04
 1.0560e+00  5.1442e-04
 1.0565e+00  5.1299e-04
 1.0570e+00  5.1157e-04
 1.0575e+00  5.1016e-04
 1.0580e+00  5.0875e-04
 1.0585e+00  5.0736e-04
 1.0590e+00  5.0596e-04
 1.0595e+00  5.0458e-04
 1.0600e+00  5.0320e-04
 1.0605e+00  5.0183e-04
 1.0610e+00  5.0046e-04
 1.0615e+00  4.9911e-04
 1.0620e+00  4.9775e-04
 1.0625e+00  4.9641e-04
 1.0630e+00  4.9507e-04
 1.0635e+00  4.9374e-04
 1.0640e+00  4.9241e-04
 1.0645e+00  4.9109e-04
 1.0650e+00  4.8978e-04
 1.0655e+00  4.8848e-04
 1.0660e+00  4.8718e-04
 1.0665e+00  4.8588e-04
 1.0670e+00  4.8459e-04
 1.0675e+00  4.8331e-04
 1.0680e+00  4.8204e-04
 1.0685e+00  4.8077e-04
 1.0690e+00  4.7950e-04
 1.0695e+00  4.7825e-04
 1.0700e+00  4.7700e-04
 1.0705e+00  4.7575e-04
 1.0710e+00  4.7451e-04
 1.0715e+00  4.7327e-04
 1.0720e+00  4.7205e-04
 1.0725e+00  4.7082e-04
 1.0730e+00  4.6961e-04
 1.0735e+00  4.6840e-04
 1.0740e+00  4.6719e-04
 1.0745e+00  4.6599e-04
 1.0750e+00  4.6480e-04
 1.0755e+00  4.6361e-04
 1.0760e+00  4.6242e-04
 1.0765e+00  4.6125e-04
 1.0770e+00  4.6007e-04
 1.0775e+00  4.5891e-04
 1.0780e+00  4.5775e-04
 1.0785e+00  4.5659e-04
 1.0790e+00  4.5544e-04
 1.0795e+00  4.5429e-04
 1.0800e+00  4.5315e-04
 1.0805e+00  4.5202e-04
 1.0810e+00  4.5089e-04
 1.0815e+00  4.4976e-04
 1.0820e+00  4.4864e-04
 1.0825e+00  4.4752e-04
 1.0830e+00  4.4641e-04
 1.0835e+00  4.4531e-04
 1.0840e+00  4.4421e-04
 1.0845e+00  4.4312e-04
 1.0850e+00  4.4203e-04
 1.0855e+00  4.4094e-04
 1.0860e+00  4.3986e-04
 1.0865e+00  4.3878e-04
 1.0870e+00  4.3771e-04
 1.0875e+00  4.3664e-04
 1.0880e+00  4.3558e-04
 1.0885e+00  4.3453e-04
 1.0890e+00  4.3348e-04
 1.0895e+00  4.3243e-04
 1.0900e+00  4.3138e-04
 1.0905e+00  4.3035e-04
 1.0910e+00  4.2931e-04
 1.0915e+00  4.2828e-04
 1.0920e+00  4.2726e-04
 1.0925e+00  4.2624e-04
 1.0930e+00  4.2522e-04
 1.0935e+00  4.2421e-04
 1.0940e+00  4.2320e-04
 1.0945e+00  4.2220e-04
 1.0950e+00  4.2120e-04
 1.0955e+00  4.2021e-04
 1.0960e+00  4.1922e-04
 1.0965e+00  4.1823e-04
 1.0970e+00  4.1725e-04
 1.0975e+00  4.1627e-04
 1.0980e+00  4.1530e-04
 1.0985e+00  4.1433e-04
 1.0990e+00  4.1337e-04
 1.0995e+00  4.1241e-04
 1.1000e+00  4.1145e-04
 1.1005e+00  4.1050e-04
 1.1010e+00  4.0955e-04
 1.1015e+00  4.0860e-04
 1.1020e+00  4.0766e-04
 1.1025e+00  4.0673e-04
 1.1030e+00  4.0579e-04
 1.1035e+00  4.0487e-04
 1.1040e+00  4.0394e-04
 1.1045e+00  4.0302e-04
 1.1050e+00  4.0210e-04
 1.1055e+00  4.0119e-04
 1.1060e+00  4.0028e-04
 1.1065e+00  3.9937e-04
 1.1070e+00  3.9847e-04
 1.1075e+00  3.9757e-04
 1.1080e+00  3.9668e-04
 1.1085e+00  3.9579e-04
 1.1090e+00  3.9490e-04
 1.1095e+00  3.9402e-04
 1.1100e+00  3.9314e-04
 1.1105e+00  3.9226e-04
 1.1110e+00  3.9139e-04
 1.1115e+00  3.9052e-04
 1.1120e+00  3.8965e-04
 1.1125e+00  3.8879e-04
 1.1130e+00  3.8793e-04
 1.1135e+00  3.8708e-04
 1.1140e+00  3.8623e-04
 1.1145e+00  3.8538e-04
 1.1150e+00  3.8453e-04
 1.1155e+00  3.8369e-04
 1.1160e+00  3.8285e-04
 1.1165e+00  3.8202e-04
 1.1170e+00  3.8119e-04
 1.1175e+00  3.8036e-04
 1.1180e+00  3.7954e-04
 1.1185e+00  3.7872e-04
 1.1190e+00  3.7790e-04
 1.1195e+00  3.7708e-04
 1.1200e+00  3.7627e-04
 1.1205e+00  3.7546e-04
 1.1210e+00  3.7466e-04
 1.1215e+00  3.7385e-04
 1.1220e+00  3.7306e-04
 1.1225e+00  3.7226e-04
 1.1230e+00  3.7147e-04
 1.1235e+00  3.7068e-04
 1.1240e+00  3.6989e-04
 1.1245e+00  3.6911e-04
 1.1250e+00  3.6833e-04
 1.1255e+00  3.6755e-04
 1.1260e+00  3.6678e-04
 1.1265e+00  3.6601e-04
 1.1270e+00  3.6524e-04
 1.1275e+00  3.6448e-04
 1.1280e+00  3.6371e-04
 1.1285e+00  3.6295e-04
 1.1290e+00  3.6220e-04
 1.1295e+00  3.6145e-04
 1.1300e+00  3.6069e-04
 1.1305e+00  3.5995e-04
 1.1310e+00  3.5920e-04
 1.1315e+00  3.5846e-04
 1.1320e+00  3.5772e-04
 1.1325e+00  3.5699e-04
 1.1330e+00  3.5625e-04
 1.1335e+00  3.5552e-04
 1.1340e+00  3.5479e-04
 1.1345e+00  3.5407e-04
 1.1350e+00  3.5335e-04
 1.1355e+00  3.5263e-04
 1.1360e+00  3.5191e-04
 1.1365e+00  3.5120e-04
 1.1370e+00  3.5049e-04
 1.1375e+00  3.4978e-04
 1.1380e+00  3.4907e-04
 1.1385e+00  3.4837e-04
 1.1390e+00  3.4767e-04
 1.1395e+00  3.4697e-04
 1.1400e+00  3.4627e-04
 1.1405e+00  3.4558e-04
 1.1410e+00  3.4489e-04
 1.1415e+00  3.4420e-04
 1.1420e+00  3.4352e-04
 1.1425e+00  3.4284e-04
 1.1430e+00  3.4216e-04
 1.1435e+00  3.4148e-04
 1.1440e+00  3.4080e-04
 1.1445e+00  3.4013e-04
 1.1450e+00  3.3946e-04
 1.1455e+00  3.3879e-04
 1.1460e+00  3.3813e-04
 1.1465e+00  3.3747e-04
 1.1470e+00  3.3681e-04
 1.1475e+00  3.3615e-04
 1.1480e+00  3.3549e-04
 1.1485e+00  3.3484e-04
 1.1490e+00  3.3419e-04
 1.1495e+00  3.3354e-04
 1.1500e+00  3.3289e-04
 1.1505e+00  3.3225e-04
 1.1510e+00  3.3161e-04
 1.1515e+00  3.3097e-04
 1.1520e+00  3.3033e-04
 1.1525e+00  3.2970e-04
 1.1530e+00  3.2907e-04
 1.1535e+00  3.2844e-04
 1.1540e+00  3.2781e-04
 1.1545e+00  3.2719e-04
 1.1550e+00  3.2656e-04
 1.1555e+00  3.2594e-04
 1.1560e+00  3.2532e-04
 1.1565e+00  3.2471e-04
 1.1570e+00  3.2409e-04
 1.1575e+00  3.2348e-04
 1.1580e+00  3.2287e-04
 1.1585e+00  3.2226e-04
 1.1590e+00  3.2166e-04
 1.1595e+00  3.2105e-04
 1.1600e+00  3.2045e-04
 1.1605e+00  3.1986e-04
 1.1610e+00  3.1926e-04
 1.1615e+00  3.1866e-04
 1.1620e+00  3.1807e-04
 1.1625e+00  3.1748e-04
 1.1630e+00  3.1689e-04
 1.1635e+00  3.1630e-04
 1.1640e+00  3.1572e-04
 1.1645e+00  3.1514e-04
 1.1650e+00  3.1456e-04
 1.1655e+00  3.1398e-04
 1.1660e+00  3.1340e-04
 1.1665e+00  3.1283e-04
 1.1670e+00  3.1225e-04
 1.1675e+00  3.1168e-04
 1.1680e+00  3.1112e-04
 1.1685e+00  3.1055e-04
 1.1690e+00  3.0998e-04
 1.1695e+00  3.0942e-04
 1.1700e+00  3.0886e-04
 1.1705e+00  3.0830e-04
 1.1710e+00  3.0775e-04
 1.1715e+00  3.0719e-04
 1.1720e+00  3.0664e-04
 1.1725e+00  3.0609e-04
 1.1730e+00  3.0554e-04
 1.1735e+00  3.0499e-04
 1.1740e+00  3.0444e-04
 1.1745e+00  3.0390e-04
 1.1750e+00  3.0336e-04
 1.1755e+00  3.0282e-04
 1.1760e+00  3.0228e-04
 1.1765e+00  3.0174e-04
 1.1770e+00  3.0121e-04
 1.1775e+00  3.0068e-04
 1.1780e+00  3.0014e-04
 1.1785e+00  2.9961e-04
 1.1790e+00  2.9909e-04
 1.1795e+00  2.9856e-04
 1.1800e+00  2.9804e-04
 1.1805e+00  2.9752e-04
 1.1810e+00  2.9699e-04
 1.1815e+00  2.9648e-04
 1.1820e+00  2.9596e-04
 1.1825e+00  2.9544e-04
 1.1830e+00  2.9493e-04
 1.1835e+00  2.9442e-04
 1.1840e+00  2.9391e-04
 1.1845e+00  2.9340e-04
 1.1850e+00  2.9289e-04
 1.1855e+00  2.9239e-04
 1.1860e+00  2.9188e-04
 1.1865e+00  2.9138e-04
 1.1870e+00  2.9088e-04
 1.1875e+00  2.9038e-04
 1.1880e+00  2.8989e-04
 1.1885e+00  2.8939e-04
 1.1890e+00  2.8890e-04
 1.1895e+00  2.8840e-04
 1.1900e+00  2.8792e-04
 1.1905e+00  2.8743e-04
 1.1910e+00  2.8694e-04
 1.1915e+00  2.8645e-04
 1.1920e+00  2.8597e-04
 1.1925e+00  2.8549e-04
 1.1930e+00  2.8501e-04
 1.1935e+00  2.8452e-04
 1.1940e+00  2.8405e-04
 1.1945e+00  2.8357e-04
 1.1950e+00  2.8310e-04
 1.1955e+00  2.8262e-04
 1.1960e+00  2.8215e-04
 1.1965e+00  2.8168e-04
 1.1970e+00  2.8121e-04
 1.1975e+00  2.8074e-04
 1.1980e+00  2.8028e-04
 1.1985e+00  2.7981e-04
 1.1990e+00  2.7935e-04
 1.1995e+00  2.7889e-04
 1.2000e+00  2.7843e-04
 1.2005e+00  2.7797e-04
 1.2010e+00  2.7751e-04
 1.2015e+00  2.7706e-04
 1.2020e+00  2.7660e-04
 1.2025e+00  2.7615e-04
 1.2030e+00  2.7570e-04
 1.2035e+00  2.7525e-04
 1.2040e+00  2.7480e-04
 1.2045e+00  2.7435e-04
 1.2050e+00  2.7391e-04
 1.2055e+00  2.7347e-04
 1.2060e+00  2.7302e-04
 1.2065e+00  2.7258e-04
 1.2070e+00  2.7214e-04
 1.2075e+00  2.7170e-04
 1.2080e+00  2.7126e-04
 1.2085e+00  2.7083e-04
 1.2090e+00  2.7039e-04
 1.2095e+00  2.6996e-04
 1.2100e+00  2.6953e-04
 1.2105e+00  2.6910e-04
 1.2110e+00  2.6867e-04
 1.2115e+00  2.6824e-04
 1.2120e+00  2.6781e-04
 1.2125e+00  2.6739e-04
 1.2130e+00  2.6696e-04
 1.2135e+00  2.6654e-04
 1.2140e+00  2.6612e-04
 1.2145e+00  2.6570e-04
 1.2150e+00  2.6528e-04
 1.2155e+00  2.6486e-04
 1.2160e+00  2.6444e-04
 1.2165e+00  2.6403e-04
 1.2170e+00  2.6362e-04
 1.2175e+00  2.6320e-04
 1.2180e+00  2.6279e-04
 1.2185e+00  2.6238e-04
 1.2190e+00  2.6197e-04
 1.2195e+00  2.6157e-04
 1.2200e+00  2.6116e-04
 1.2205e+00  2.6075e-04
 1.2210e+00  2.6035e-04
 1.2215e+00  2.5995e-04
 1.2220e+00  2.5955e-04
 1.2225e+00  2.5915e-04
 1.2230e+00  2.5875e-04
 1.2235e+00  2.5835e-04
 1.2240e+00  2.5795e-04
 1.2245e+00  2.5756e-04
 1.2250e+00  2.5716e-04
 1.2255e+00  2.5677e-04
 1.2260e+00  2.5638e-04
 1.2265e+00  2.5599e-04
 1.2270e+00  2.5560e-04
 1.2275e+00  2.5521e-04
 1.2280e+00  2.5482e-04
 1.2285e+00  2.5443e-04
 1.2290e+00  2.5405e-04
 1.2295e+00  2.5366e-04
 1.2300e+00  2.5328e-04
 1.2305e+00  2.5290e-04
 1.2310e+00  2.5252e-04
 1.2315e+00  2.5214e-04
 1.2320e+00  2.5176e-04
 1.2325e+00  2.5138e-04
 1.2330e+00  2.5101e-04
 1.2335e+00  2.5063e-04
 1.2340e+00  2.5026e-04
 1.2345e+00  2.4988e-04
 1.2350e+00  2.4951e-04
 1.2355e+00  2.4914e-04
 1.2360e+00  2.4877e-04
 1.2365e+00  2.4840e-04
 1.2370e+00  2.4804e-04
 1.2375e+00  2.4767e-04
 1.2380e+00  2.4731e-04
 1.2385e+00  2.4694e-04
 1.2390e+00  2.4658e-04
 1.2395e+00  2.4621e-04
 1.2400e+00  2.4585e-04
 1.2405e+00  2.4549e-04
 1.2410e+00  2.4513e-04
 1.2415e+00  2.4478e-04
 1.2420e+00  2.4442e-04
 1.2425e+00  2.4406e-04
 1.2430e+00  2.4371e-04
 1.2435e+00  2.4335e-04
 1.2440e+00  2.4300e-04
 1.2445e+00  2.4265e-04
 1.2450e+00  2.4230e-04
 1.2455e+00  2.4195e-04
 1.2460e+00  2.4160e-04
 1.2465e+00  2.4125e-04
 1.2470e+00  2.4090e-04
 1.2475e+00  2.4056e-04
 1.2480e+00  2.4021e-04
 1.2485e+00  2.3987e-04
 1.2490e+00  2.3953e-04
 1.2495e+00  2.3918e-04
 1.2500e+00  2.3884e-04
 1.2505e+00  2.3850e-04
 1.2510e+00  2.3816e-04
 1.2515e+00  2.3782e-04
 1.2520e+00  2.3749e-04
 1.2525e+00  2.3715e-04
 1.2530e+00  2.3681e-04
 1.2535e+00  2.3648e-04
 1.2540e+00  2.3614e-04
 1.2545e+00  2.3581e-04
 1.2550e+00  2.3548e-04
 1.2555e+00  2.3515e-04
 1.2560e+00  2.3482e-04
 1.2565e+00  2.3449e-04
 1.2570e+00  2.3416e-04
 1.2575e+00  2.3383e-04
 1.2580e+00  2.3351e-04
 1.2585e+00  2.3318e-04
 1.2590e+00  2.3286e-04
 1.2595e+00  2.3253e-04
 1.2600e+00  2.3221e-04
 1.2605e+00  2.3189e-04
 1.2610e+00  2.3157e-04
 1.2615e+00  2.3125e-04
 1.2620e+00  2.3093e-04
 1.2625e+00  2.3061e-04
 1.2630e+00  2.3029e-04
 1.2635e+00  2.2998e-04
 1.2640e+00  2.2966e-04
 1.2645e+00  2.2934e-04
 1.2650e+00  2.2903e-04
 1.2655e+00  2.2872e-04
 1.2660e+00  2.2840e-04
 1.2665e+00  2.2809e-04
 1.2670e+00  2.2778e-04
 1.2675e+00  2.2747e-04
 1.2680e+00  2.2716e-04
 1.2685e+00  2.2686e-04
 1.2690e+00  2.2655e-04
 1.2695e+00  2.2624e-04
 1.2700e+00  2.2594e-04
 1.2705e+00  2.2563e-04
 1.2710e+00  2.2533e-04
 1.2715e+00  2.2502e-04
 1.2720e+00  2.2472e-04
 1.2725e+00  2.2442e-04
 1.2730e+00  2.2412e-04
 1.2735e+00  2.2382e-04
 1.2740e+00  2.2352e-04
 1.2745e+00  2.2322e-04
 1.2750e+00  2.2292e-04
 1.2755e+00  2.2263e-04
 1.2760e+00  2.2233e-04
 1.2765e+00  2.2203e-04
 1.2770e+00  2.2174e-04
 1.2775e+00  2.2144e-04
 1.2780e+00  2.2115e-04
 1.2785e+00  2.2086e-04
 1.2790e+00  2.2057e-04
 1.2795e+00  2.2028e-04
 1.2800e+00  2.1999e-04
 1.2805e+00  2.1970e-04
 1.2810e+00  2.1941e-04
 1.2815e+00  2.1912e-04
 1.2820e+00  2.1883e-04
 1.2825e+00  2.1855e-04
 1.2830e+00  2.1826e-04
 1.2835e+00  2.1798e-04
 1.2840e+00  2.1770e-04
 1.2845e+00  2.1741e-04
 1.2850e+00  2.1713e-04
 1.2855e+00  2.1685e-04
 1.2860e+00  2.1657e-04
 1.2865e+00  2.1629e-04
 1.2870e+00  2.1601e-04
 1.2875e+00  2.1573e-04
 1.2880e+00  2.1545e-04
 1.2885e+00  2.1517e-04
 1.2890e+00  2.1489e-04
 1.2895e+00  2.1462e-04
 1.2900e+00  2.1434e-04
 1.2905e+00  2.1407e-04
 1.2910e+00  2.1379e-04
 1.2915e+00  2.1352e-04
 1.2920e+00  2.1325e-04
 1.2925e+00  2.1298e-04
 1.2930e+00  2.1271e-04
 1.2935e+00  2.1243e-04
 1.2940e+00  2.1217e-04
 1.2945e+00  2.1190e-04
 1.2950e+00  2.1163e-04
 1.2955e+00  2.1136e-04
 1.2960e+00  2.1109e-04
 1.2965e+00  2.1083e-04
 1.2970e+00  2.1056e-04
 1.2975e+00  2.1030e-04
 1.2980e+00  2.1003e-04
 1.2985e+00  2.0977e-04
 1.2990e+00  2.0950e-04
 1.2995e+00  2.0924e-04
 1.3000e+00  2.0898e-04
 1.3005e+00  2.0872e-04
 1.3010e+00  2.0846e-04
 1.3015e+00  2.0820e-04
 1.3020e+00  2.0794e-04
 1.3025e+00  2.0768e-04
 1.3030e+00  2.0742e-04
 1.3035e+00  2.0717e-04
 1.3040e+00  2.0691e-04
 1.3045e+00  2.0666e-04
 1.3050e+00  2.0640e-04
 1.3055e+00  2.0614e-04
 1.3060e+00  2.0589e-04
 1.3065e+00  2.0564e-04
 1.3070e+00  2.0538e-04
 1.3075e+00  2.0513e-04
 1.3080e+00  2.0488e-04
 1.3085e+00  2.0463e-04
 1.3090e+00  2.0438e-04
 1.3095e+00  2.0413e-04
 1.3100e+00  2.0388e-04
 1.3105e+00  2.0363e-04
 1.3110e+00  2.0338e-04
 1.3115e+00  2.0314e-04
 1.3120e+00  2.0289e-04
 1.3125e+00  2.0264e-04
 1.3130e+00  2.0240e-04
 1.3135e+00  2.0215e-04
 1.3140e+00  2.0191e-04
 1.3145e+00  2.0167e-04
 1.3150e+00  2.0142e-04
 1.3155e+00  2.0118e-04
 1.3160e+00  2.0094e-04
 1.3165e+00  2.0070e-04
 1.3170e+00  2.0046e-04
 1.3175e+00  2.0022e-04
 1.3180e+00  1.9998e-04
 1.3185e+00  1.9974e-04
 1.3190e+00  1.9950e-04
 1.3195e+00  1.9926e-04
 1.3200e+00  1.9902e-04
 1.3205e+00  1.9879e-04
 1.3210e+00  1.9855e-04
 1.3215e+00  1.9832e-04
 1.3220e+00  1.9808e-04
 1.3225e+00  1.9785e-04
 1.3230e+00  1.9761e-04
 1.3235e+00  1.9738e-04
 1.3240e+00  1.9715e-04
 1.3245e+00  1.9692e-04
 1.3250e+00  1.9668e-04
 1.3255e+00  1.9645e-04
 1.3260e+00  1.9622e-04
 1.3265e+00  1.9599e-04
 1.3270e+00  1.9576e-04
 1.3275e+00  1.9553e-04
 1.3280e+00  1.9530e-04
 1.3285e+00  1.9508e-04
 1.3290e+00  1.9485e-04
 1.3295e+00  1.9462e-04
 1.3300e+00  1.9440e-04
 1.3305e+00  1.9417e-04
 1.3310e+00  1.9395e-04
 1.3315e+00  1.9372e-04
 1.3320e+00  1.9350e-04
 1.3325e+00  1.9327e-04
 1.3330e+00  1.9305e-04
 1.3335e+00  1.9283e-04
 1.3340e+00  1.9260e-04
 1.3345e+00  1.9238e-04
 1.3350e+00  1.9216e-04
 1.3355e+00  1.9194e-04
 1.3360e+00  1.9172e-04
 1.3365e+00  1.9150e-04
 1.3370e+00  1.9128e-04
 1.3375e+00  1.9106e-04
 1.3380e+00  1.9085e-04
 1.3385e+00  1.9063e-04
 1.3390e+00  1.9041e-04
 1.3395e+00  1.9019e-04
 1.3400e+00  1.8998e-04
 1.3405e+00  1.8976e-04
 1.3410e+00  1.8955e-04
 1.3415e+00  1.8933e-04
 1.3420e+00  1.8912e-04
 1.3425e+00  1.8891e-04
 1.3430e+00  1.8869e-04
 1.3435e+00  1.8848e-04
 1.3440e+00  1.8827e-04
 1.3445e+00  1.8806e-04
 1.3450e+00  1.8785e-04
 1.3455e+00  1.8763e-04
 1.3460e+00  1.8742e-04
 1.3465e+00  1.8722e-04
 1.3470e+00  1.8701e-04
 1.3475e+00  1.8680e-04
 1.3480e+00  1.8659e-04
 1.3485e+00  1.8638e-04
 1.3490e+00  1.8617e-04
 1.3495e+00  1.8597e-04
 1.3500e+00  1.8576e-04
 1.3505e+00  1.8556e-04
 1.3510e+00  1.8535e-04
 1.3515e+00  1.8514e-04
 1.3520e+00  1.8494e-04
 1.3525e+00  1.8473e-04
 1.3530e+00  1.8453e-04
 1.3535e+00  1.8433e-04
 1.3540e+00  1.8413e-04
 1.3545e+00  1.8392e-04
 1.3550e+00  1.8372e-04
 1.3555e+00  1.8352e-04
 1.3560e+00  1.8332e-04
 1.3565e+00  1.8312e-04
 1.3570e+00  1.8292e-04
 1.3575e+00  1.8272e-04
 1.3580e+00  1.8252e-04
 1.3585e+00  1.8232e-04
 1.3590e+00  1.8212e-04
 1.3595e+00  1.8192e-04
 1.3600e+00  1.8173e-04
 1.3605e+00  1.8153e-04
 1.3610e+00  1.8133e-04
 1.3615e+00  1.8114e-04
 1.3620e+00  1.8094e-04
 1.3625e+00  1.8075e-04
 1.3630e+00  1.8055e-04
 1.3635e+00  1.8036e-04
 1.3640e+00  1.8016e-04
 1.3645e+00  1.7997e-04
 1.3650e+00  1.7978e-04
 1.3655e+00  1.7958e-04
 1.3660e+00  1.7939e-04
 1.3665e+00  1.7920e-04
 1.3670e+00  1.7901e-04
 1.3675e+00  1.7882e-04
 1.3680e+00  1.7862e-04
 1.3685e+00  1.7844e-04
 1.3690e+00  1.7824e-04
 1.3695e+00  1.7806e-04
 1.3700e+00  1.7787e-04
 1.3705e+00  1.7768e-04
 1.3710e+00  1.7749e-04
 1.3715e+00  1.7730e-04
 1.3720e+00  1.7711e-04
 1.3725e+00  1.7693e-04
 1.3730e+00  1.7674e-04
 1.3735e+00  1.7655e-04
 1.3740e+00  1.7637e-04
 1.3745e+00  1.7618e-04
 1.3750e+00  1.7600e-04
 1.3755e+00  1.7581e-04
 1.3760e+00  1.7563e-04
 1.3765e+00  1.7545e-04
 1.3770e+00  1.7526e-04
 1.3775e+00  1.7508e-04
 1.3780e+00  1.7489e-04
 1.3785e+00  1.7471e-04
 1.3790e+00  1.7453e-04
 1.3795e+00  1.7435e-04
 1.3800e+00  1.7417e-04
 1.3805e+00  1.7399e-04
 1.3810e+00  1.7381e-04
 1.3815e+00  1.7363e-04
 1.3820e+00  1.7345e-04
 1.3825e+00  1.7327e-04
 1.3830e+00  1.7309e-04
 1.3835e+00  1.7291e-04
 1.3840e+00  1.7273e-04
 1.3845e+00  1.7255e-04
 1.3850e+00  1.7238e-04
 1.3855e+00  1.7220e-04
 1.3860e+00  1.7202e-04
 1.3865e+00  1.7185e-04
 1.3870e+00  1.7167e-04
 1.3875e+00  1.7149e-04
 1.3880e+00  1.7132e-04
 1.3885e+00  1.7114e-04
 1.3890e+00  1.7097e-04
 1.3895e+00  1.7080e-04
 1.3900e+00  1.7062e-04
 1.3905e+00  1.7045e-04
 1.3910e+00  1.7028e-04
 1.3915e+00  1.7010e-04
 1.3920e+00  1.6993e-04
 1.3925e+00  1.6976e-04
 1.3930e+00  1.6959e-04
 1.3935e+00  1.6941e-04
 1.3940e+00  1.6924e-04
 1.3945e+00  1.6907e-04
 1.3950e+00  1.6890e-04
 1.3955e+00  1.6873e-04
 1.3960e+00  1.6856e-04
 1.3965e+00  1.6839e-04
 1.3970e+00  1.6822e-04
 1.3975e+00  1.6805e-04
 1.3980e+00  1.6789e-04
 1.3985e+00  1.6772e-04
 1.3990e+00  1.6755e-04
 1.3995e+00  1.6738e-04
 1.4000e+00  1.6722e-04
 1.4005e+00  1.6705e-04
 1.4010e+00  1.6688e-04
 1.4015e+00  1.6672e-04
 1.4020e+00  1.6655e-04
 1.4025e+00  1.6639e-04
 1.4030e+00  1.6622e-04
 1.4035e+00  1.6606e-04
 1.4040e+00  1.6589e-04
 1.4045e+00  1.6573e-04
 1.4050e+00  1.6557e-04
 1.4055e+00  1.6540e-04
 1.4060e+00  1.6524e-04
 1.4065e+00  1.6508e-04
 1.4070e+00  1.6491e-04
 1.4075e+00  1.6475e-04
 1.4080e+00  1.6459e-04
 1.4085e+00  1.6443e-04
 1.4090e+00  1.6427e-04
 1.4095e+00  1.6411e-04
 1.4100e+00  1.6395e-04
 1.4105e+00  1.6379e-04
 1.4110e+00  1.6363e-04
 1.4115e+00  1.6347e-04
 1.4120e+00  1.6331e-04
 1.4125e+00  1.6315e-04
 1.4130e+00  1.6299e-04
 1.4135e+00  1.6283e-04
 1.4140e+00  1.6267e-04
 1.4145e+00  1.6252e-04
 1.4150e+00  1.6236e-04
 1.4155e+00  1.6220e-04
 1.4160e+00  1.6204e-04
 1.4165e+00  1.6189e-04
 1.4170e+00  1.6173e-04
 1.4175e+00  1.6158e-04
 1.4180e+00  1.6142e-04
 1.4185e+00  1.6126e-04
 1.4190e+00  1.6111e-04
 1.4195e+00  1.6095e-04
 1.4200e+00  1.6080e-04
 1.4205e+00  1.6065e-04
 1.4210e+00  1.6049e-04
 1.4215e+00  1.6034e-04
 1.4220e+00  1.6018e-04
 1.4225e+00  1.6003e-04
 1.4230e+00  1.5988e-04
 1.4235e+00  1.5973e-04
 1.4240e+00  1.5957e-04
 1.4245e+00  1.5942e-04
 1.4250e+00  1.5927e-04
 1.4255e+00  1.5912e-04
 1.4260e+00  1.5897e-04
 1.4265e+00  1.5882e-04
 1.4270e+00  1.5867e-04
 1.4275e+00  1.5852e-04
 1.4280e+00  1.5837e-04
 1.4285e+00  1.5822e-04
 1.4290e+00  1.5807e-04
 1.4295e+00  1.5792e-04
 1.4300e+00  1.5777e-04
 1.4305e+00  1.5762e-04
 1.4310e+00  1.5747e-04
 1.4315e+00  1.5733e-04
 1.4320e+00  1.5718e-04
 1.4325e+00  1.5703e-04
 1.4330e+00  1.5688e-04
 1.4335e+00  1.5674e-04
 1.4340e+00  1.5659e-04
 1.4345e+00  1.5645e-04
 1.4350e+00  1.5630e-04
 1.4355e+00  1.5615e-04
 1.4360e+00  1.5601e-04
 1.4365e+00  1.5586e-04
 1.4370e+00  1.5572e-04
 1.4375e+00  1.5557e-04
 1.4380e+00  1.5543e-04
 1.4385e+00  1.5528e-04
 1.4390e+00  1.5514e-04
 1.4395e+00  1.5500e-04
 1.4400e+00  1.5485e-04
 1.4405e+00  1.5471e-04
 1.4410e+00  1.5457e-04
 1.4415e+00  1.5442e-04
 1.4420e+00  1.5428e-04
 1.4425e+00  1.5414e-04
 1.4430e+00  1.5400e-04
 1.4435e+00  1.5386e-04
 1.4440e+00  1.5371e-04
 1.4445e+00  1.5357e-04
 1.4450e+00  1.5343e-04
 1.4455e+00  1.5329e-04
 1.4460e+00  1.5315e-04
 1.4465e+00  1.5301e-04
 1.4470e+00  1.5287e-04
 1.4475e+00  1.5273e-04
 1.4480e+00  1.5259e-04
 1.4485e+00  1.5245e-04
 1.4490e+00  1.5232e-04
 1.4495e+00  1.5218e-04
 1.4500e+00  1.5204e-04
 1.4505e+00  1.5190e-04
 1.4510e+00  1.5176e-04
 1.4515e+00  1.5163e-04
 1.4520e+00  1.5149e-04
 1.4525e+00  1.5135e-04
 1.4530e+00  1.5121e-04
 1.4535e+00  1.5108e-04
 1.4540e+00  1.5094e-04
 1.4545e+00  1.5080e-04
 1.4550e+00  1.5067e-04
 1.4555e+00  1.5053e-04
 1.4560e+00  1.5040e-04
 1.4565e+00  1.5026e-04
 1.4570e+00  1.5013e-04
 1.4575e+00  1.4999e-04
 1.4580e+00  1.4986e-04
 1.4585e+00  1.4972e-04
 1.4590e+00  1.4959e-04
 1.4595e+00  1.4945e-04
 1.4600e+00  1.4932e-04
 1.4605e+00  1.4919e-04
 1.4610e+00  1.4905e-04
 1.4615e+00  1.4892e-04
 1.4620e+00  1.4879e-04
 1.4625e+00  1.4866e-04
 1.4630e+00  1.4852e-04
 1.4635e+00  1.4839e-04
 1.4640e+00  1.4826e-04
 1.4645e+00  1.4813e-04
 1.4650e+00  1.4800e-04
 1.4655e+00  1.4787e-04
 1.4660e+00  1.4773e-04
 1.4665e+00  1.4760e-04
 1.4670e+00  1.4747e-04
 1.4675e+00  1.4734e-04
 1.4680e+00  1.4721e-04
 1.4685e+00  1.4708e-04
 1.4690e+00  1.4695e-04
 1.4695e+00  1.4682e-04
 1.4700e+00  1.4669e-04
 1.4705e+00  1.4656e-04
 1.4710e+00  1.4644e-04
 1.4715e+00  1.4631e-04
 1.4720e+00  1.4618e-04
 1.4725e+00  1.4605e-04
 1.4730e+00  1.4592e-04
 1.4735e+00  1.4580e-04
 1.4740e+00  1.4567e-04
 1.4745e+00  1.4554e-04
 1.4750e+00  1.4541e-04
 1.4755e+00  1.4529e-04
 1.4760e+00  1.4516e-04
 1.4765e+00  1.4503e-04
 1.4770e+00  1.4491e-04
 1.4775e+00  1.4478e-04
 1.4780e+00  1.4465e-04
 1.4785e+00  1.4453e-04
 1.4790e+00  1.4440e-04
 1.4795e+00  1.4428e-04
 1.4800e+00  1.4415e-04
 1.4805e+00  1.4403e-04
 1.4810e+00  1.4390e-04
 1.4815e+00  1.4378e-04
 1.4820e+00  1.4365e-04
 1.4825e+00  1.4353e-04
 1.4830e+00  1.4341e-04
 1.4835e+00  1.4328e-04
 1.4840e+00  1.4316e-04
 1.4845e+00  1.4304e-04
 1.4850e+00  1.4291e-04
 1.4855e+00  1.4279e-04
 1.4860e+00  1.4267e-04
 1.4865e+00  1.4254e-04
 1.4870e+00  1.4242e-04
 1.4875e+00  1.4230e-04
 1.4880e+00  1.4218e-04
 1.4885e+00  1.4206e-04
 1.4890e+00  1.4193e-04
 1.4895e+00  1.4181e-04
 1.4900e+00  1.4169e-04
 1.4905e+00  1.4157e-04
 1.4910e+00  1.4145e-04
 1.4915e+00  1.4133e-04
 1.4920e+00  1.4121e-04
 1.4925e+00  1.4109e-04
 1.4930e+00  1.4097e-04
 1.4935e+00  1.4085e-04
 1.4940e+00  1.4073e-04
 1.4945e+00  1.4061e-04
 1.4950e+00  1.4049e-04
 1.4955e+00  1.4037e-04
 1.4960e+00  1.4025e-04
 1.4965e+00  1.4013e-04
 1.4970e+00  1.4002e-04
 1.4975e+00  1.3990e-04
 1.4980e+00  1.3978e-04
 1.4985e+00  1.3966e-04
 1.4990e+00  1.3954e-04
 1.4995e+00  1.3942e-04
 1.5000e+00  1.3931e-04
 1.5005e+00  1.3920e-04
 1.5010e+00  1.3910e-04
 1.5015e+00  1.3899e-04
 1.5020e+00  1.3889e-04
 1.5025e+00  1.3878e-04
 1.5030e+00  1.3868e-04
 1.5035e+00  1.3858e-04
 1.5040e+00  1.3847e-04
 1.5045e+00  1.3837e-04
 1.5050e+00  1.3826e-04
 1.5055e+00  1.3816e-04
 1.5060e+00  1.3806e-04
 1.5065e+00  1.3795e-04
 1.5070e+00  1.3785e-04
 1.5075e+00  1.3775e-04
 1.5080e+00  1.3765e-04
 1.5085e+00  1.3755e-04
 1.5090e+00  1.3744e-04
 1.5095e+00  1.3734e-04
 1.5100e+00  1.3724e-04
 1.5105e+00  1.3714e-04
 1.5110e+00  1.3703e-04
 1.5115e+00  1.3693e-04
 1.5120e+00  1.3683e-04
 1.5125e+00  1.3673e-04
 1.5130e+00  1.3663e-04
 1.5135e+00  1.3653e-04
 1.5140e+00  1.3643e-04
 1.5145e+00  1.3633e-04
 1.5150e+00  1.3623e-04
 1.5155e+00  1.3613e-04
 1.5160e+00  1.3603e-04
 1.5165e+00  1.3593e-04
 1.5170e+00  1.3583e-04
 1.5175e+00  1.3573e-04
 1.5180e+00  1.3563e-04
 1.5185e+00  1.3553e-04
 1.5190e+00  1.3543e-04
 1.5195e+00  1.3533e-04
 1.5200e+00  1.3523e-04
 1.5205e+00  1.3513e-04
 1.5210e+00  1.3503e-04
 1.5215e+00  1.3494e-04
 1.5220e+00  1.3484e-04
 1.5225e+00  1.3474e-04
 1.5230e+00  1.3464e-04
 1.5235e+00  1.3454e-04
 1.5240e+00  1.3445e-04
 1.5245e+00  1.3435e-04
 1.5250e+00  1.3425e-04
 1.5255e+00  1.3415e-04
 1.5260e+00  1.3406e-04
 1.5265e+00  1.3396e-04
 1.5270e+00  1.3386e-04
 1.5275e+00  1.3377e-04
 1.5280e+00  1.3367e-04
 1.5285e+00  1.3357e-04
 1.5290e+00  1.3348e-04
 1.5295e+00  1.3338e-04
 1.5300e+00  1.3329e-04
 1.5305e+00  1.3319e-04
 1.5310e+00  1.3309e-04
 1.5315e+00  1.3300e-04
 1.5320e+00  1.3290e-04
 1.5325e+00  1.3281e-04
 1.5330e+00  1.3271e-04
 1.5335e+00  1.3262e-04
 1.5340e+00  1.3252e-04
 1.5345e+00  1.3243e-04
 1.5350e+00  1.3233e-04
 1.5355e+00  1.3224e-04
 1.5360e+00  1.3214e-04
 1.5365e+00  1.3205e-04
 1.5370e+00  1.3196e-04
 1.5375e+00  1.3186e-04
 1.5380e+00  1.3177e-04
 1.5385e+00  1.3168e-04
 1.5390e+00  1.3158e-04
 1.5395e+00  1.3149e-04
 1.5400e+00  1.3140e-04
 1.5405e+00  1.3130e-04
 1.5410e+00  1.3121e-04
 1.5415e+00  1.3112e-04
 1.5420e+00  1.3102e-04
 1.5425e+00  1.3093e-04
 1.5430e+00  1.3084e-04
 1.5435e+00  1.3075e-04
 1.5440e+00  1.3066e-04
 1.5445e+00  1.3056e-04
 1.5450e+00  1.3047e-04
 1.5455e+00  1.3038e-04
 1.5460e+00  1.3029e-04
 1.5465e+00  1.3020e-04
 1.5470e+00  1.3011e-04
 1.5475e+00  1.3002e-04
 1.5480e+00  1.2993e-04
 1.5485e+00  1.2983e-04
 1.5490e+00  1.2974e-04
 1.5495e+00  1.2965e-04
 1.5500e+00  1.2956e-04
 1.5505e+00  1.2947e-04
 1.5510e+00  1.2938e-04
 1.5515e+00  1.2929e-04
 1.5520e+00  1.2920e-04
 1.5525e+00  1.2911e-04
 1.5530e+00  1.2902e-04
 1.5535e+00  1.2893e-04
 1.5540e+00  1.2884e-04
 1.5545e+00  1.2875e-04
 1.5550e+00  1.2867e-04
 1.5555e+00  1.2858e-04
 1.5560e+00  1.2849e-04
 1.5565e+00  1.2840e-04
 1.5570e+00  1.2831e-04
 1.5575e+00  1.2822e-04
 1.5580e+00  1.2813e-04
 1.5585e+00  1.2804e-04
 1.5590e+00  1.2796e-04
 1.5595e+00  1.2787e-04
 1.5600e+00  1.2778e-04
 1.5605e+00  1.2769e-04
 1.5610e+00  1.2761e-04
 1.5615e+00  1.2752e-04
 1.5620e+00  1.2743e-04
 1.5625e+00  1.2734e-04
 1.5630e+00  1.2726e-04
 1.5635e+00  1.2717e-04
 1.5640e+00  1.2708e-04
 1.5645e+00  1.2699e-04
 1.5650e+00  1.2691e-04
 1.5655e+00  1.2682e-04
 1.5660e+00  1.2673e-04
 1.5665e+00  1.2665e-04
 1.5670e+00  1.2656e-04
 1.5675e+00  1.2648e-04
 1.5680e+00  1.2639e-04
 1.5685e+00  1.2631e-04
 1.5690e+00  1.2622e-04
 1.5695e+00  1.2613e-04
 1.5700e+00  1.2605e-04
 1.5705e+00  1.2596e-04
 1.5710e+00  1.2588e-04
 1.5715e+00  1.2579e-04
 1.5720e+00  1.2571e-04
 1.5725e+00  1.2562e-04
 1.5730e+00  1.2554e-04
 1.5735e+00  1.2545e-04
 1.5740e+00  1.2537e-04
 1.5745e+00  1.2528e-04
 1.5750e+00  1.2520e-04
 1.5755e+00  1.2512e-04
 1.5760e+00  1.2503e-04
 1.5765e+00  1.2495e-04
 1.5770e+00  1.2486e-04
 1.5775e+00  1.2478e-04
 1.5780e+00  1.2470e-04
 1.5785e+00  1.2462e-04
 1.5790e+00  1.2453e-04
 1.5795e+00  1.2445e-04
 1.5800e+00  1.2437e-04
 1.5805e+00  1.2428e-04
 1.5810e+00  1.2420e-04
 1.5815e+00  1.2412e-04
 1.5820e+00  1.2403e-04
 1.5825e+00  1.2395e-04
 1.5830e+00  1.2387e-04
 1.5835e+00  1.2379e-04
 1.5840e+00  1.2370e-04
 1.5845e+00  1.2362e-04
 1.5850e+00  1.2354e-04
 1.5855e+00  1.2346e-04
 1.5860e+00  1.2338e-04
 1.5865e+00  1.2330e-04
 1.5870e+00  1.2322e-04
 1.5875e+00  1.2313e-04
 1.5880e+00  1.2305e-04
 1.5885e+00  1.2297e-04
 1.5890e+00  1.2289e-04
 1.5895e+00  1.2281e-04
 1.5900e+00  1.2273e-04
 1.5905e+00  1.2265e-04
 1.5910e+00  1.2257e-04
 1.5915e+00  1.2249e-04
 1.5920e+00  1.2241e-04
 1.5925e+00  1.2233e-04
 1.5930e+00  1.2225e-04
 1.5935e+00  1.2217e-04
 1.5940e+00  1.2209e-04
 1.5945e+00  1.2201e-04
 1.5950e+00  1.2193e-04
 1.5955e+00  1.2185e-04
 1.5960e+00  1.2177e-04
 1.5965e+00  1.2169e-04
 1.5970e+00  1.2161e-04
 1.5975e+00  1.2153e-04
 1.5980e+00  1.2145e-04
 1.5985e+00  1.2137e-04
 1.5990e+00  1.2129e-04
 1.5995e+00  1.2121e-04
 1.6000e+00  1.2114e-04
 1.6005e+00  1.2106e-04
 1.6010e+00  1.2098e-04
 1.6015e+00  1.2090e-04
 1.6020e+00  1.2082e-04
 1.6025e+00  1.2074e-04
 1.6030e+00  1.2067e-04
 1.6035e+00  1.2059e-04
 1.6040e+00  1.2051e-04
 1.6045e+00  1.2043e-04
 1.6050e+00  1.2036e-04
 1.6055e+00  1.2028e-04
 1.6060e+00  1.2020e-04
 1.6065e+00  1.2012e-04
 1.6070e+00  1.2005e-04
 1.6075e+00  1.1997e-04
 1.6080e+00  1.1989e-04
 1.6085e+00  1.1982e-04
 1.6090e+00  1.1974e-04
 1.6095e+00  1.1966e-04
 1.6100e+00  1.1959e-04
 1.6105e+00  1.1951e-04
 1.6110e+00  1.1943e-04
 1.6115e+00  1.1936e-04
 1.6120e+00  1.1928e-04
 1.6125e+00  1.1920e-04
 1.6130e+00  1.1913e-04
 1.6135e+00  1.1905e-04
 1.6140e+00  1.1898e-04
 1.6145e+00  1.1890e-04
 1.6150e+00  1.1883e-04
 1.6155e+00  1.1875e-04
 1.6160e+00  1.1868e-04
 1.6165e+00  1.1860e-04
 1.6170e+00  1.1852e-04
 1.6175e+00  1.1845e-04
 1.6180e+00  1.1838e-04
 1.6185e+00  1.1830e-04
 1.6190e+00  1.1823e-04
 1.6195e+00  1.1815e-04
 1.6200e+00  1.1808e-04
 1.6205e+00  1.1800e-04
 1.6210e+00  1.1793e-04
 1.6215e+00  1.1785e-04
 1.6220e+00  1.1778e-04
 1.6225e+00  1.1771e-04
 1.6230e+00  1.1763e-04
 1.6235e+00  1.1756e-04
 1.6240e+00  1.1749e-04
 1.6245e+00  1.1741e-04
 1.6250e+00  1.1734e-04
 1.6255e+00  1.1726e-04
 1.6260e+00  1.1719e-04
 1.6265e+00  1.1712e-04
 1.6270e+00  1.1704e-04
 1.6275e+00  1.1697e-04
 1.6280e+00  1.1690e-04
 1.6285e+00  1.1683e-04
 1.6290e+00  1.1675e-04
 1.6295e+00  1.1668e-04
 1.6300e+00  1.1661e-04
 1.6305e+00  1.1653e-04
 1.6310e+00  1.1646e-04
 1.6315e+00  1.1639e-04
 1.6320e+00  1.1632e-04
 1.6325e+00  1.1625e-04
 1.6330e+00  1.1617e-04
 1.6335e+00  1.1610e-04
 1.6340e+00  1.1603e-04
 1.6345e+00  1.1596e-04
 1.6350e+00  1.1589e-04
 1.6355e+00  1.1582e-04
 1.6360e+00  1.1574e-04
 1.6365e+00  1.1567e-04
 1.6370e+00  1.1560e-04
 1.6375e+00  1.1553e-04
 1.6380e+00  1.1546e-04
 1.6385e+00  1.1539e-04
 1.6390e+00  1.1532e-04
 1.6395e+00  1.1525e-04
 1.6400e+00  1.1518e-04
 1.6405e+00  1.1511e-04
 1.6410e+00  1.1503e-04
 1.6415e+00  1.1496e-04
 1.6420e+00  1.1489e-04
 1.6425e+00  1.1482e-04
 1.6430e+00  1.1475e-04
 1.6435e+00  1.1468e-04
 1.6440e+00  1.1461e-04
 1.6445e+00  1.1454e-04
 1.6450e+00  1.1447e-04
 1.6455e+00  1.1440e-04
 1.6460e+00  1.1433e-04
 1.6465e+00  1.1427e-04
 1.6470e+00  1.1420e-04
 1.6475e+00  1.1413e-04
 1.6480e+00  1.1406e-04
 1.6485e+00  1.1399e-04
 1.6490e+00  1.1392e-04
 1.6495e+00  1.1385e-04
 1.6500e+00  1.1378e-04
 1.6505e+00  1.1371e-04
 1.6510e+00  1.1364e-04
 1.6515e+00  1.1357e-04
 1.6520e+00  1.1351e-04
 1.6525e+00  1.1344e-04
 1.6530e+00  1.1337e-04
 1.6535e+00  1.1330e-04
 1.6540e+00  1.1323e-04
 1.6545e+00  1.1317e-04
 1.6550e+00  1.1310e-04
 1.6555e+00  1.1303e-04
 1.6560e+00  1.1296e-04
 1.6565e+00  1.1289e-04
 1.6570e+00  1.1283e-04
 1.6575e+00  1.1276e-04
 1.6580e+00  1.1269e-04
 1.6585e+00  1.1262e-04
 1.6590e+00  1.1256e-04
 1.6595e+00  1.1249e-04
 1.6600e+00  1.1242e-04
 1.6605e+00  1.1235e-04
 1.6610e+00  1.1229e-04
 1.6615e+00  1.1222e-04
 1.6620e+00  1.1215e-04
 1.6625e+00  1.1209e-04
 1.6630e+00  1.1202e-04
 1.6635e+00  1.1195e-04
 1.6640e+00  1.1189e-04
 1.6645e+00  1.1182e-04
 1.6650e+00  1.1175e-04
 1.6655e+00  1.1169e-04
 1.6660e+00  1.1162e-04
 1.6665e+00  1.1156e-04
 1.6670e+00  1.1149e-04
 1.6675e+00  1.1142e-04
 1.6680e+00  1.1136e-04
 1.6685e+00  1.1129e-04
 1.6690e+00  1.1123e-04
 1.6695e+00  1.1116e-04
 1.6700e+00  1.1110e-04
 1.6705e+00  1.1103e-04
 1.6710e+00  1.1097e-04
 1.6715e+00  1.1090e-04
 1.6720e+00  1.1083e-04
 1.6725e+00  1.1077e-04
 1.6730e+00  1.1070e-04
 1.6735e+00  1.1064e-04
 1.6740e+00  1.1057e-04
 1.6745e+00  1.1051e-04
 1.6750e+00  1.1045e-04
 1.6755e+00  1.1038e-04
 1.6760e+00  1.1032e-04
 1.6765e+00  1.1025e-04
 1.6770e+00  1.1019e-04
 1.6775e+00  1.1012e-04
 1.6780e+00  1.1006e-04
 1.6785e+00  1.0999e-04
 1.6790e+00  1.0993e-04
 1.6795e+00  1.0987e-04
 1.6800e+00  1.0980e-04
 1.6805e+00  1.0974e-04
 1.6810e+00  1.0967e-04
 1.6815e+00  1.0961e-04
 1.6820e+00  1.0955e-04
 1.6825e+00  1.0948e-04
 1.6830e+00  1.0942e-04
 1.6835e+00  1.0936e-04
 1.6840e+00  1.0929e-04
 1.6845e+00  1.0923e-04
 1.6850e+00  1.0917e-04
 1.6855e+00  1.0910e-04
 1.6860e+00  1.0904e-04
 1.6865e+00  1.0898e-04
 1.6870e+00  1.0892e-04
 1.6875e+00  1.0885e-04
 1.6880e+00  1.0879e-04
 1.6885e+00  1.0873e-04
 1.6890e+00  1.0867e-04
 1.6895e+00  1.0860e-04
 1.6900e+00  1.0854e-04
 1.6905e+00  1.0848e-04
 1.6910e+00  1.0842e-04
 1.6915e+00  1.0835e-04
 1.6920e+00  1.0829e-04
 1.6925e+00  1.0823e-04
 1.6930e+00  1.0817e-04
 1.6935e+00  1.0811e-04
 1.6940e+00  1.0804e-04
 1.6945e+00  1.0798e-04
 1.6950e+00  1.0792e-04
 1.6955e+00  1.0786e-04
 1.6960e+00  1.0780e-04
 1.6965e+00  1.0774e-04
 1.6970e+00  1.0768e-04
 1.6975e+00  1.0761e-04
 1.6980e+00  1.0755e-04
 1.6985e+00  1.0749e-04
 1.6990e+00  1.0743e-04
 1.6995e+00  1.0737e-04
 1.7000e+00  1.0731e-04
 1.7005e+00  1.0725e-04
 1.7010e+00  1.0719e-04
 1.7015e+00  1.0713e-04
 1.7020e+00  1.0707e-04
 1.7025e+00  1.0700e-04
 1.7030e+00  1.0695e-04
 1.7035e+00  1.0689e-04
 1.7040e+00  1.0682e-04
 1.7045e+00  1.0676e-04
 1.7050e+00  1.0670e-04
 1.7055e+00  1.0664e-04
 1.7060e+00  1.0658e-04
 1.7065e+00  1.0652e-04
 1.7070e+00  1.0646e-04
 1.7075e+00  1.0640e-04
 1.7080e+00  1.0634e-04
 1.7085e+00  1.0628e-04
 1.7090e+00  1.0622e-04
 1.7095e+00  1.0617e-04
 1.7100e+00  1.0611e-04
 1.7105e+00  1.0605e-04
 1.7110e+00  1.0599e-04
 1.7115e+00  1.0593e-04
 1.7120e+00  1.0587e-04
 1.7125e+00  1.0581e-04
 1.7130e+00  1.0575e-04
 1.7135e+00  1.0569e-04
 1.7140e+00  1.0563e-04
 1.7145e+00  1.0557e-04
 1.7150e+00  1.0552e-04
 1.7155e+00  1.0546e-04
 1.7160e+00  1.0540e-04
 1.7165e+00  1.0534e-04
 1.7170e+00  1.0528e-04
 1.7175e+00  1.0522e-04
 1.7180e+00  1.0517e-04
 1.7185e+00  1.0511e-04
 1.7190e+00  1.0505e-04
 1.7195e+00  1.0499e-04
 1.7200e+00  1.0493e-04
 1.7205e+00  1.0487e-04
 1.7210e+00  1.0482e-04
 1.7215e+00  1.0476e-04
 1.7220e+00  1.0470e-04
 1.7225e+00  1.0464e-04
 1.7230e+00  1.0459e-04
 1.7235e+00  1.0453e-04
 1.7240e+00  1.0447e-04
 1.7245e+00  1.0441e-04
 1.7250e+00  1.0435e-04
 1.7255e+00  1.0430e-04
 1.7260e+00  1.0424e-04
 1.7265e+00  1.0418e-04
 1.7270e+00  1.0413e-04
 1.7275e+00  1.0407e-04
 1.7280e+00  1.0401e-04
 1.7285e+00  1.0396e-04
 1.7290e+00  1.0390e-04
 1.7295e+00  1.0384e-04
 1.7300e+00  1.0378e-04
 1.7305e+00  1.0373e-04
 1.7310e+00  1.0367e-04
 1.7315e+00  1.0362e-04
 1.7320e+00  1.0356e-04
 1.7325e+00  1.0350e-04
 1.7330e+00  1.0345e-04
 1.7335e+00  1.0339e-04
 1.7340e+00  1.0333e-04
 1.7345e+00  1.0328e-04
 1.7350e+00  1.0322e-04
 1.7355e+00  1.0317e-04
 1.7360e+00  1.0311e-04
 1.7365e+00  1.0305e-04
 1.7370e+00  1.0300e-04
 1.7375e+00  1.0294e-04
 1.7380e+00  1.0289e-04
 1.7385e+00  1.0283e-04
 1.7390e+00  1.0278e-04
 1.7395e+00  1.0272e-04
 1.7400e+00  1.0266e-04
 1.7405e+00  1.0261e-04
 1.7410e+00  1.0255e-04
 1.7415e+00  1.0250e-04
 1.7420e+00  1.0244e-04
 1.7425e+00  1.0239e-04
 1.7430e+00  1.0233e-04
 1.7435e+00  1.0228e-04
 1.7440e+00  1.0222e-04
 1.7445e+00  1.0217e-04
 1.7450e+00  1.0211e-04
 1.7455e+00  1.0206e-04
 1.7460e+00  1.0200e-04
 1.7465e+00  1.0195e-04
 1.7470e+00  1.0189e-04
 1.7475e+00  1.0184e-04
 1.7480e+00  1.0179e-04
 1.7485e+00  1.0173e-04
 1.7490e+00  1.0168e-04
 1.7495e+00  1.0162e-04
 1.7500e+00  1.0157e-04
 1.7505e+00  1.0152e-04
 1.7510e+00  1.0146e-04
 1.7515e+00  1.0141e-04
 1.7520e+00  1.0135e-04
 1.7525e+00  1.0130e-04
 1.7530e+00  1.0125e-04
 1.7535e+00  1.0119e-04
 1.7540e+00  1.0114e-04
 1.7545e+00  1.0108e-04
 1.7550e+00  1.0103e-04
 1.7555e+00  1.0098e-04
 1.7560e+00  1.0092e-04
 1.7565e+00  1.0087e-04
 1.7570e+00  1.0082e-04
 1.7575e+00  1.0076e-04
 1.7580e+00  1.0071e-04
 1.7585e+00  1.0066e-04
 1.7590e+00  1.0060e-04
 1.7595e+00  1.0055e-04
 1.7600e+00  1.0050e-04
 1.7605e+00  1.0045e-04
 1.7610e+00  1.0039e-04
 1.7615e+00  1.0034e-04
 1.7620e+00  1.0029e-04
 1.7625e+00  1.0024e-04
 1.7630e+00  1.0018e-04
 1.7635e+00  1.0013e-04
 1.7640e+00  1.0008e-04
 1.7645e+00  1.0003e-04
 1.7650e+00  9.9972e-05
 1.7655e+00  9.9920e-05
 1.7660e+00  9.9868e-05
 1.7665e+00  9.9816e-05
 1.7670e+00  9.9763e-05
 1.7675e+00  9.9712e-05
 1.7680e+00  9.9659e-05
 1.7685e+00  9.9608e-05
 1.7690e+00  9.9556e-05
 1.7695e+00  9.9504e-05
 1.7700e+00  9.9452e-05
 1.7705e+00  9.9400e-05
 1.7710e+00  9.9348e-05
 1.7715e+00  9.9297e-05
 1.7720e+00  9.9245e-05
 1.7725e+00  9.9194e-05
 1.7730e+00  9.9142e-05
 1.7735e+00  9.9091e-05
 1.7740e+00  9.9040e-05
 1.7745e+00  9.8988e-05
 1.7750e+00  9.8937e-05
 1.7755e+00  9.8886e-05
 1.7760e+00  9.8835e-05
 1.7765e+00  9.8784e-05
 1.7770e+00  9.8733e-05
 1.7775e+00  9.8682e-05
 1.7780e+00  9.8631e-05
 1.7785e+00  9.8580e-05
 1.7790e+00  9.8529e-05
 1.7795e+00  9.8479e-05
 1.7800e+00  9.8428e-05
 1.7805e+00  9.8377e-05
 1.7810e+00  9.8327e-05
 1.7815e+00  9.8276e-05
 1.7820e+00  9.8226e-05
 1.7825e+00  9.8175e-05
 1.7830e+00  9.8125e-05
 1.7835e+00  9.8075e-05
 1.7840e+00  9.8025e-05
 1.7845e+00  9.7975e-05
 1.7850e+00  9.7924e-05
 1.7855e+00  9.7874e-05
 1.7860e+00  9.7824e-05
 1.7865e+00  9.7774e-05
 1.7870e+00  9.7724e-05
 1.7875e+00  9.7675e-05
 1.7880e+00  9.7625e-05
 1.7885e+00  9.7575e-05
 1.7890e+00  9.7525e-05
 1.7895e+00  9.7476e-05
 1.7900e+00  9.7426e-05
 1.7905e+00  9.7377e-05
 1.7910e+00  9.7327e-05
 1.7915e+00  9.7278e-05
 1.7920e+00  9.7229e-05
 1.7925e+00  9.7179e-05
 1.7930e+00  9.7130e-05
 1.7935e+00  9.7081e-05
 1.7940e+00  9.7032e-05
 1.7945e+00  9.6982e-05
 1.7950e+00  9.6933e-05
 1.7955e+00  9.6884e-05
 1.7960e+00  9.6836e-05
 1.7965e+00  9.6787e-05
 1.7970e+00  9.6738e-05
 1.7975e+00  9.6689e-05
 1.7980e+00  9.6640e-05
 1.7985e+00  9.6592e-05
 1.7990e+00  9.6543e-05
 1.7995e+00  9.6494e-05
 1.8000e+00  9.6446e-05
 1.8005e+00  9.6397e-05
 1.8010e+00  9.6349e-05
 1.8015e+00  9.6301e-05
 1.8020e+00  9.6252e-05
 1.8025e+00  9.6204e-05
 1.8030e+00  9.6156e-05
 1.8035e+00  9.6108e-05
 1.8040e+00  9.6060e-05
 1.8045e+00  9.6012e-05
 1.8050e+00  9.5964e-05
 1.8055e+00  9.5916e-05
 1.8060e+00  9.5868e-05
 1.8065e+00  9.5820e-05
 1.8070e+00  9.5772e-05
 1.8075e+00  9.5725e-05
 1.8080e+00  9.5677e-05
 1.8085e+00  9.5629e-05
 1.8090e+00  9.5582e-05
 1.8095e+00  9.5534e-05
 1.8100e+00  9.5487e-05
 1.8105e+00  9.5439e-05
 1.8110e+00  9.5392e-05
 1.8115e+00  9.5344e-05
 1.8120e+00  9.5297e-05
 1.8125e+00  9.5250e-05
 1.8130e+00  9.5203e-05
 1.8135e+00  9.5156e-05
 1.8140e+00  9.5109e-05
 1.8145e+00  9.5061e-05
 1.8150e+00  9.5015e-05
 1.8155e+00  9.4967e-05
 1.8160e+00  9.4921e-05
 1.8165e+00  9.4874e-05
 1.8170e+00  9.4827e-05
 1.8175e+00  9.4780e-05
 1.8180e+00  9.4734e-05
 1.8185e+00  9.4687e-05
 1.8190e+00  9.4640e-05
 1.8195e+00  9.4594e-05
 1.8200e+00  9.4547e-05
 1.8205e+00  9.4501e-05
 1.8210e+00  9.4454e-05
 1.8215e+00  9.4408e-05
 1.8220e+00  9.4362e-05
 1.8225e+00  9.4316e-05
 1.8230e+00  9.4269e-05
 1.8235e+00  9.4223e-05
 1.8240e+00  9.4177e-05
 1.8245e+00  9.4131e-05
 1.8250e+00  9.4085e-05
 1.8255e+00  9.4039e-05
 1.8260e+00  9.3993e-05
 1.8265e+00  9.3947e-05
 1.8270e+00  9.3902e-05
 1.8275e+00  9.3856e-05
 1.8280e+00  9.3810e-05
 1.8285e+00  9.3764e-05
 1.8290e+00  9.3719e-05
 1.8295e+00  9.3673e-05
 1.8300e+00  9.3628e-05
 1.8305e+00  9.3582e-05
 1.8310e+00  9.3537e-05
 1.8315e+00  9.3491e-05
 1.8320e+00  9.3446e-05
 1.8325e+00  9.3401e-05
 1.8330e+00  9.3355e-05
 1.8335e+00  9.3310e-05
 1.8340e+00  9.3265e-05
 1.8345e+00  9.3220e-05
 1.8350e+00  9.3175e-05
 1.8355e+00  9.3130e-05
 1.8360e+00  9.3085e-05
 1.8365e+00  9.3040e-05
 1.8370e+00  9.2995e-05
 1.8375e+00  9.2950e-05
 1.8380e+00  9.2906e-05
 1.8385e+00  9.2861e-05
 1.8390e+00  9.2816e-05
 1.8395e+00  9.2771e-05
 1.8400e+00  9.2727e-05
 1.8405e+00  9.2682e-05
 1.8410e+00  9.2638e-05
 1.8415e+00  9.2593e-05
 1.8420e+00  9.2549e-05
 1.8425e+00  9.2505e-05
 1.8430e+00  9.2460e-05
 1.8435e+00  9.2416e-05
 1.8440e+00  9.2372e-05
 1.8445e+00  9.2328e-05
 1.8450e+00  9.2283e-05
 1.8455e+00  9.2239e-05
 1.8460e+00  9.2195e-05
 1.8465e+00  9.2151e-05
 1.8470e+00  9.2107e-05
 1.8475e+00  9.2063e-05
 1.8480e+00  9.2019e-05
 1.8485e+00  9.1976e-05
 1.8490e+00  9.1932e-05
 1.8495e+00  9.1888e-05
 1.8500e+00  9.1844e-05
 1.8505e+00  9.1801e-05
 1.8510e+00  9.1757e-05
 1.8515e+00  9.1713e-05
 1.8520e+00  9.1670e-05
 1.8525e+00  9.1627e-05
 1.8530e+00  9.1583e-05
 1.8535e+00  9.1540e-05
 1.8540e+00  9.1496e-05
 1.8545e+00  9.1453e-05
 1.8550e+00  9.1410e-05
 1.8555e+00  9.1367e-05
 1.8560e+00  9.1323e-05
 1.8565e+00  9.1280e-05
 1.8570e+00  9.1237e-05
 1.8575e+00  9.1194e-05
 1.8580e+00  9.1151e-05
 1.8585e+00  9.1108e-05
 1.8590e+00  9.1065e-05
 1.8595e+00  9.1023e-05
 1.8600e+00  9.0980e-05
 1.8605e+00  9.0937e-05
 1.8610e+00  9.0894e-05
 1.8615e+00  9.0851e-05
 1.8620e+00  9.0809e-05
 1.8625e+00  9.0766e-05
 1.8630e+00  9.0724e-05
 1.8635e+00  9.0681e-05
 1.8640e+00  9.0639e-05
 1.8645e+00  9.0596e-05
 1.8650e+00  9.0554e-05
 1.8655e+00  9.0511e-05
 1.8660e+00  9.0469e-05
 1.8665e+00  9.0427e-05
 1.8670e+00  9.0385e-05
 1.8675e+00  9.0343e-05
 1.8680e+00  9.0300e-05
 1.8685e+00  9.0258e-05
 1.8690e+00  9.0216e-05
 1.8695e+00  9.0174e-05
 1.8700e+00  9.0132e-05
 1.8705e+00  9.0090e-05
 1.8710e+00  9.0048e-05
 1.8715e+00  9.0007e-05
 1.8720e+00  8.9965e-05
 1.8725e+00  8.9923e-05
 1.8730e+00  8.9881e-05
 1.8735e+00  8.9840e-05
 1.8740e+00  8.9798e-05
 1.8745e+00  8.9756e-05
 1.8750e+00  8.9715e-05
 1.8755e+00  8.9673e-05
 1.8760e+00  8.9632e-05
 1.8765e+00  8.9590e-05
 1.8770e+00  8.9549e-05
 1.8775e+00  8.9508e-05
 1.8780e+00  8.9466e-05
 1.8785e+00  8.9425e-05
 1.8790e+00  8.9384e-05
 1.8795e+00  8.9343e-05
 1.8800e+00  8.9301e-05
 1.8805e+00  8.9260e-05
 1.8810e+00  8.9219e-05
 1.8815e+00  8.9178e-05
 1.8820e+00  8.9137e-05
 1.8825e+00  8.9096e-05
 1.8830e+00  8.9056e-05
 1.8835e+00  8.9015e-05
 1.8840e+00  8.8974e-05
 1.8845e+00  8.8933e-05
 1.8850e+00  8.8892e-05
 1.8855e+00  8.8852e-05
 1.8860e+00  8.8811e-05
 1.8865e+00  8.8770e-05
 1.8870e+00  8.8730e-05
 1.8875e+00  8.8689e-05
 1.8880e+00  8.8649e-05
 1.8885e+00  8.8608e-05
 1.8890e+00  8.8568e-05
 1.8895e+00  8.8527e-05
 1.8900e+00  8.8487e-05
 1.8905e+00  8.8447e-05
 1.8910e+00  8.8407e-05
 1.8915e+00  8.8366e-05
 1.8920e+00  8.8326e-05
 1.8925e+00  8.8286e-05
 1.8930e+00  8.8246e-05
 1.8935e+00  8.8206e-05
 1.8940e+00  8.8166e-05
 1.8945e+00  8.8126e-05
 1.8950e+00  8.8086e-05
 1.8955e+00  8.8046e-05
 1.8960e+00  8.8006e-05
 1.8965e+00  8.7966e-05
 1.8970e+00  8.7926e-05
 1.8975e+00  8.7887e-05
 1.8980e+00  8.7847e-05
 1.8985e+00  8.7807e-05
 1.8990e+00  8.7768e-05
 1.8995e+00  8.7728e-05
 1.9000e+00  8.7688e-05
 1.9005e+00  8.7649e-05
 1.9010e+00  8.7609e-05
 1.9015e+00  8.7570e-05
 1.9020e+00  8.7530e-05
 1.9025e+00  8.7491e-05
 1.9030e+00  8.7452e-05
 1.9035e+00  8.7413e-05
 1.9040e+00  8.7373e-05
 1.9045e+00  8.7334e-05
 1.9050e+00  8.7295e-05
 1.9055e+00  8.7256e-05
 1.9060e+00  8.7217e-05
 1.9065e+00  8.7178e-05
 1.9070e+00  8.7138e-05
 1.9075e+00  8.7099e-05
 1.9080e+00  8.7060e-05
 1.9085e+00  8.7022e-05
 1.9090e+00  8.6983e-05
 1.9095e+00  8.6944e-05
 1.9100e+00  8.6905e-05
 1.9105e+00  8.6866e-05
 1.9110e+00  8.6827e-05
 1.9115e+00  8.6789e-05
 1.9120e+00  8.6750e-05
 1.9125e+00  8.6711e-05
 1.9130e+00  8.6673e-05
 1.9135e+00  8.6634e-05
 1.9140e+00  8.6596e-05
 1.9145e+00  8.6557e-05
 1.9150e+00  8.6519e-05
 1.9155e+00  8.6481e-05
 1.9160e+00  8.6442e-05
 1.9165e+00  8.6404e-05
 1.9170e+00  8.6365e-05
 1.9175e+00  8.6327e-05
 1.9180e+00  8.6289e-05
 1.9185e+00  8.6251e-05
 1.9190e+00  8.6213e-05
 1.9195e+00  8.6175e-05
 1.9200e+00  8.6136e-05
 1.9205e+00  8.6098e-05
 1.9210e+00  8.6060e-05
 1.9215e+00  8.6023e-05
 1.9220e+00  8.5985e-05
 1.9225e+00  8.5947e-05
 1.9230e+00  8.5909e-05
 1.9235e+00  8.5871e-05
 1.9240e+00  8.5833e-05
 1.9245e+00  8.5795e-05
 1.9250e+00  8.5758e-05
 1.9255e+00  8.5720e-05
 1.9260e+00  8.5682e-05
 1.9265e+00  8.5645e-05
 1.9270e+00  8.5607e-05
 1.9275e+00  8.5570e-05
 1.9280e+00  8.5532e-05
 1.9285e+00  8.5495e-05
 1.9290e+00  8.5457e-05
 1.9295e+00  8.5420e-05
 1.9300e+00  8.5382e-05
 1.9305e+00  8.5345e-05
 1.9310e+00  8.5308e-05
 1.9315e+00  8.5271e-05
 1.9320e+00  8.5233e-05
 1.9325e+00  8.5196e-05
 1.9330e+00  8.5159e-05
 1.9335e+00  8.5122e-05
 1.9340e+00  8.5085e-05
 1.9345e+00  8.5048e-05
 1.9350e+00  8.5011e-05
 1.9355e+00  8.4974e-05
 1.9360e+00  8.4937e-05
 1.9365e+00  8.4900e-05
 1.9370e+00  8.4863e-05
 1.9375e+00  8.4826e-05
 1.9380e+00  8.4789e-05
 1.9385e+00  8.4753e-05
 1.9390e+00  8.4716e-05
 1.9395e+00  8.4679e-05
 1.9400e+00  8.4642e-05
 1.9405e+00  8.4606e-05
 1.9410e+00  8.4569e-05
 1.9415e+00  8.4533e-05
 1.9420e+00  8.4496e-05
 1.9425e+00  8.4460e-05
 1.9430e+00  8.4423e-05
 1.9435e+00  8.4387e-05
 1.9440e+00  8.4350e-05
 1.9445e+00  8.4314e-05
 1.9450e+00  8.4278e-05
 1.9455e+00  8.4241e-05
 1.9460e+00  8.4205e-05
 1.9465e+00  8.4169e-05
 1.9470e+00  8.4133e-05
 1.9475e+00  8.4096e-05
 1.9480e+00  8.4060e-05
 1.9485e+00  8.4024e-05
 1.9490e+00  8.3988e-05
 1.9495e+00  8.3952e-05
 1.9500e+00  8.3916e-05
 1.9505e+00  8.3880e-05
 1.9510e+00  8.3844e-05
 1.9515e+00  8.3808e-05
 1.9520e+00  8.3772e-05
 1.9525e+00  8.3737e-05
 1.9530e+00  8.3701e-05
 1.9535e+00  8.3665e-05
 1.9540e+00  8.3629e-05
 1.9545e+00  8.3594e-05
 1.9550e+00  8.3558e-05
 1.9555e+00  8.3522e-05
 1.9560e+00  8.3487e-05
 1.9565e+00  8.3451e-05
 1.9570e+00  8.3415e-05
 1.9575e+00  8.3380e-05
 1.9580e+00  8.3345e-05
 1.9585e+00  8.3309e-05
 1.9590e+00  8.3274e-05
 1.9595e+00  8.3238e-05
 1.9600e+00  8.3203e-05
 1.9605e+00  8.3168e-05
 1.9610e+00  8.3132e-05
 1.9615e+00  8.3097e-05
 1.9620e+00  8.3062e-05
 1.9625e+00  8.3027e-05
 1.9630e+00  8.2992e-05
 1.9635e+00  8.2957e-05
 1.9640e+00  8.2921e-05
 1.9645e+00  8.2886e-05
 1.9650e+00  8.2851e-05
 1.9655e+00  8.2816e-05
 1.9660e+00  8.2781e-05
 1.9665e+00  8.2746e-05
 1.9670e+00  8.2711e-05
 1.9675e+00  8.2677e-05
 1.9680e+00  8.2642e-05
 1.9685e+00  8.2607e-05
 1.9690e+00  8.2572e-05
 1.9695e+00  8.2537e-05
 1.9700e+00  8.2503e-05
 1.9705e+00  8.2468e-05
 1.9710e+00  8.2433e-05
 1.9715e+00  8.2399e-05
 1.9720e+00  8.2364e-05
 1.9725e+00  8.2330e-05
 1.9730e+00  8.2295e-05
 1.9735e+00  8.2261e-05
 1.9740e+00  8.2226e-05
 1.9745e+00  8.2192e-05
 1.9750e+00  8.2157e-05
 1.9755e+00  8.2123e-05
 1.9760e+00  8.2089e-05
 1.9765e+00  8.2054e-05
 1.9770e+00  8.2020e-05
 1.9775e+00  8.1986e-05
 1.9780e+00  8.1952e-05
 1.9785e+00  8.1917e-05
 1.9790e+00  8.1883e-05
 1.9795e+00  8.1849e-05
 1.9800e+00  8.1815e-05
 1.9805e+00  8.1781e-05
 1.9810e+00  8.1747e-05
 1.9815e+00  8.1713e-05
 1.9820e+00  8.1679e-05
 1.9825e+00  8.1645e-05
 1.9830e+00  8.1611e-05
 1.9835e+00  8.1577e-05
 1.9840e+00  8.1543e-05
 1.9845e+00  8.1510e-05
 1.9850e+00  8.1476e-05
 1.9855e+00  8.1442e-05
 1.9860e+00  8.1408e-05
 1.9865e+00  8.1375e-05
 1.9870e+00  8.1341e-05
 1.9875e+00  8.1307e-05
 1.9880e+00  8.1274e-05
 1.9885e+00  8.1240e-05
 1.9890e+00  8.1207e-05
 1.9895e+00  8.1173e-05
 1.9900e+00  8.1140e-05
 1.9905e+00  8.1106e-05
 1.9910e+00  8.1073e-05
 1.9915e+00  8.1039e-05
 1.9920e+00  8.1006e-05
 1.9925e+00  8.0973e-05
 1.9930e+00  8.0939e-05
 1.9935e+00  8.0906e-05
 1.9940e+00  8.0873e-05
 1.9945e+00  8.0840e-05
 1.9950e+00  8.0807e-05
 1.9955e+00  8.0773e-05
 1.9960e+00  8.0740e-05
 1.9965e+00  8.0707e-05
 1.9970e+00  8.0674e-05
 1.9975e+00  8.0641e-05
 1.9980e+00  8.0608e-05
 1.9985e+00  8.0575e-05
 1.9990e+00  8.0542e-05
 1.9995e+00  8.0509e-05
 2.0000e+00  8.0476e-05
