#     mass     R_mu^F
 5.3650e-01  0.0000e+00
 5.3700e-01  1.0218e-05
 5.3750e-01  1.0058e-05
 5.3800e-01  1.0413e-05
 5.3850e-01  1.0282e-05
 5.3900e-01  1.0666e-05
 5.3950e-01  1.0565e-05
 5.4000e-01  1.0979e-05
 5.4050e-01  1.0909e-05
 5.4100e-01  1.0854e-05
 5.4150e-01  1.1314e-05
 5.4200e-01  1.1291e-05
 5.4250e-01  1.1783e-05
 5.4300e-01  1.1792e-05
 5.4350e-01  1.1817e-05
 5.4400e-01  1.1859e-05
 5.4450e-01  1.1917e-05
 5.4500e-01  1.2493e-05
 5.4550e-01  1.2585e-05
 5.4600e-01  1.2695e-05
 5.4650e-01  1.2823e-05
 5.4700e-01  1.2968e-05
 5.4750e-01  1.3132e-05
 5.4800e-01  1.3313e-05
 5.4850e-01  1.3514e-05
 5.4900e-01  1.3732e-05
 5.4950e-01  1.3970e-05
 5.5000e-01  1.4226e-05
 5.5050e-01  1.4003e-05
 5.5100e-01  1.4298e-05
 5.5150e-01  1.4613e-05
 5.5200e-01  1.4949e-05
 5.5250e-01  1.4805e-05
 5.5300e-01  1.5180e-05
 5.5350e-01  1.5077e-05
 5.5400e-01  1.5495e-05
 5.5450e-01  1.5434e-05
 5.5500e-01  1.5895e-05
 5.5550e-01  1.5877e-05
 5.5600e-01  1.6381e-05
 5.5650e-01  1.6407e-05
 5.5700e-01  1.6457e-05
 5.5750e-01  1.7029e-05
 5.5800e-01  1.7124e-05
 5.5850e-01  1.7242e-05
 5.5900e-01  1.7384e-05
 5.5950e-01  1.7551e-05
 5.6000e-01  1.7741e-05
 5.6050e-01  1.7956e-05
 5.6100e-01  1.8195e-05
 5.6150e-01  1.8460e-05
 5.6200e-01  1.8750e-05
 5.6250e-01  1.9066e-05
 5.6300e-01  1.9408e-05
 5.6350e-01  1.9776e-05
 5.6400e-01  1.9671e-05
 5.6450e-01  2.0093e-05
 5.6500e-01  2.0543e-05
 5.6550e-01  2.0520e-05
 5.6600e-01  2.1025e-05
 5.6650e-01  2.1058e-05
 5.6700e-01  2.1121e-05
 5.6750e-01  2.1712e-05
 5.6800e-01  2.1833e-05
 5.6850e-01  2.1984e-05
 5.6900e-01  2.2164e-05
 5.6950e-01  2.2876e-05
 5.7000e-01  2.3118e-05
 5.7050e-01  2.3392e-05
 5.7100e-01  2.3697e-05
 5.7150e-01  2.4035e-05
 5.7200e-01  2.3905e-05
 5.7250e-01  2.4308e-05
 5.7300e-01  2.3744e-05
 5.7350e-01  2.6714e-05
 5.7400e-01  2.4718e-05
 5.7450e-01  2.7757e-05
 5.7500e-01  2.5831e-05
 5.7550e-01  2.3941e-05
 5.7600e-01  2.7086e-05
 5.7650e-01  2.5268e-05
 5.7700e-01  2.8487e-05
 5.7750e-01  2.6743e-05
 5.7800e-01  3.0038e-05
 5.7850e-01  2.8369e-05
 5.7900e-01  2.6741e-05
 5.7950e-01  3.0151e-05
 5.8000e-01  2.8601e-05
 5.8050e-01  2.7092e-05
 5.8100e-01  3.0623e-05
 5.8150e-01  2.9196e-05
 5.8200e-01  3.2811e-05
 5.8250e-01  3.1468e-05
 5.8300e-01  3.0168e-05
 5.8350e-01  3.3912e-05
 5.8400e-01  3.2700e-05
 5.8450e-01  3.1532e-05
 5.8500e-01  3.0410e-05
 5.8550e-01  3.4333e-05
 5.8600e-01  3.3303e-05
 5.8650e-01  3.2321e-05
 5.8700e-01  3.6386e-05
 5.8750e-01  3.5499e-05
 5.8800e-01  3.4661e-05
 5.8850e-01  3.3873e-05
 5.8900e-01  3.8135e-05
 5.8950e-01  3.7448e-05
 5.9000e-01  3.6813e-05
 5.9050e-01  3.6230e-05
 5.9100e-01  3.5700e-05
 5.9150e-01  4.0224e-05
 5.9200e-01  3.9802e-05
 5.9250e-01  3.9435e-05
 5.9300e-01  3.9125e-05
 5.9350e-01  3.8871e-05
 5.9400e-01  3.8674e-05
 5.9450e-01  3.8536e-05
 5.9500e-01  4.3456e-05
 5.9550e-01  4.3436e-05
 5.9600e-01  4.3477e-05
 5.9650e-01  4.3579e-05
 5.9700e-01  4.3744e-05
 5.9750e-01  4.3972e-05
 5.9800e-01  4.4263e-05
 5.9850e-01  4.4619e-05
 5.9900e-01  4.5042e-05
 5.9950e-01  4.5530e-05
 6.0000e-01  4.6087e-05
 6.0050e-01  4.6713e-05
 6.0100e-01  4.7406e-05
 6.0150e-01  4.8170e-05
 6.0200e-01  4.9004e-05
 6.0250e-01  4.9914e-05
 6.0300e-01  5.0898e-05
 6.0350e-01  5.1953e-05
 6.0400e-01  5.3083e-05
 6.0450e-01  4.9293e-05
 6.0500e-01  5.0578e-05
 6.0550e-01  5.1938e-05
 6.0600e-01  5.3384e-05
 6.0650e-01  5.4910e-05
 6.0700e-01  5.6516e-05
 6.0750e-01  5.3208e-05
 6.0800e-01  5.4979e-05
 6.0850e-01  5.6841e-05
 6.0900e-01  5.8788e-05
 6.0950e-01  5.5820e-05
 6.1000e-01  5.7943e-05
 6.1050e-01  6.0161e-05
 6.1100e-01  5.7464e-05
 6.1150e-01  5.9867e-05
 6.1200e-01  6.2360e-05
 6.1250e-01  5.9949e-05
 6.1300e-01  6.2637e-05
 6.1350e-01  6.5422e-05
 6.1400e-01  6.3306e-05
 6.1450e-01  6.6295e-05
 6.1500e-01  6.4385e-05
 6.1550e-01  6.7580e-05
 6.1600e-01  6.5881e-05
 6.1650e-01  6.9291e-05
 6.1700e-01  6.7807e-05
 6.1750e-01  7.1438e-05
 6.1800e-01  7.0180e-05
 6.1850e-01  6.9036e-05
 6.1900e-01  7.3008e-05
 6.1950e-01  7.2100e-05
 6.2000e-01  7.1307e-05
 6.2050e-01  7.5635e-05
 6.2100e-01  7.5088e-05
 6.2150e-01  7.4666e-05
 6.2200e-01  7.9369e-05
 6.2250e-01  7.9203e-05
 6.2300e-01  7.9172e-05
 6.2350e-01  7.9261e-05
 6.2400e-01  7.9496e-05
 6.2450e-01  7.9861e-05
 6.2500e-01  8.0371e-05
 6.2550e-01  8.1016e-05
 6.2600e-01  8.6807e-05
 6.2650e-01  8.7743e-05
 6.2700e-01  8.3824e-05
 6.2750e-01  8.5056e-05
 6.2800e-01  8.6443e-05
 6.2850e-01  8.7985e-05
 6.2900e-01  8.9677e-05
 6.2950e-01  9.1530e-05
 6.3000e-01  9.3553e-05
 6.3050e-01  9.5727e-05
 6.3100e-01  9.3080e-05
 6.3150e-01  9.5594e-05
 6.3200e-01  9.8284e-05
 6.3250e-01  9.6148e-05
 6.3300e-01  9.9193e-05
 6.3350e-01  1.0242e-04
 6.3400e-01  1.0082e-04
 6.3450e-01  1.0442e-04
 6.3500e-01  1.0320e-04
 6.3550e-01  1.0717e-04
 6.3600e-01  1.0634e-04
 6.3650e-01  1.0571e-04
 6.3700e-01  1.1029e-04
 6.3750e-01  1.1006e-04
 6.3800e-01  1.1005e-04
 6.3850e-01  1.1024e-04
 6.3900e-01  1.1565e-04
 6.3950e-01  1.1628e-04
 6.4000e-01  1.1714e-04
 6.4050e-01  1.1822e-04
 6.4100e-01  1.1953e-04
 6.4150e-01  1.2108e-04
 6.4200e-01  1.2286e-04
 6.4250e-01  1.2488e-04
 6.4300e-01  1.2715e-04
 6.4350e-01  1.2467e-04
 6.4400e-01  1.2745e-04
 6.4450e-01  1.3048e-04
 6.4500e-01  1.2877e-04
 6.4550e-01  1.3234e-04
 6.4600e-01  1.3117e-04
 6.4650e-01  1.3528e-04
 6.4700e-01  1.3467e-04
 6.4750e-01  1.3935e-04
 6.4800e-01  1.3932e-04
 6.4850e-01  1.3959e-04
 6.4900e-01  1.4516e-04
 6.4950e-01  1.4603e-04
 6.5000e-01  1.4721e-04
 6.5050e-01  1.4872e-04
 6.5100e-01  1.5055e-04
 6.5150e-01  1.5270e-04
 6.5200e-01  1.5519e-04
 6.5250e-01  1.5302e-04
 6.5300e-01  1.5620e-04
 6.5350e-01  1.5973e-04
 6.5400e-01  1.5861e-04
 6.5450e-01  1.6286e-04
 6.5500e-01  1.6249e-04
 6.5550e-01  1.6750e-04
 6.5600e-01  1.6789e-04
 6.5650e-01  1.6867e-04
 6.5700e-01  1.7485e-04
 6.5750e-01  1.7644e-04
 6.5800e-01  1.7845e-04
 6.5850e-01  1.8087e-04
 6.5900e-01  1.7873e-04
 6.5950e-01  1.8203e-04
 6.6000e-01  1.8577e-04
 6.6050e-01  1.8997e-04
 6.6100e-01  1.8962e-04
 6.6150e-01  1.8976e-04
 6.6200e-01  1.9537e-04
 6.6250e-01  1.9647e-04
 6.6300e-01  1.9807e-04
 6.6350e-01  2.0019e-04
 6.6400e-01  2.0281e-04
 6.6450e-01  2.0597e-04
 6.6500e-01  2.0966e-04
 6.6550e-01  2.0891e-04
 6.6600e-01  2.1372e-04
 6.6650e-01  2.1409e-04
 6.6700e-01  2.2005e-04
 6.6750e-01  2.2160e-04
 6.6800e-01  2.2375e-04
 6.6850e-01  2.2653e-04
 6.6900e-01  2.2993e-04
 6.6950e-01  2.3397e-04
 6.7000e-01  2.3368e-04
 6.7050e-01  2.3904e-04
 6.7100e-01  2.4009e-04
 6.7150e-01  2.4183e-04
 6.7200e-01  2.4928e-04
 6.7250e-01  2.5246e-04
 6.7300e-01  2.5138e-04
 6.7350e-01  2.5604e-04
 6.7400e-01  2.6148e-04
 6.7450e-01  2.6271e-04
 6.7500e-01  2.6473e-04
 6.7550e-01  2.6758e-04
 6.7600e-01  2.7125e-04
 6.7650e-01  2.7578e-04
 6.7700e-01  2.8119e-04
 6.7750e-01  2.8248e-04
 6.7800e-01  2.8469e-04
 6.7850e-01  2.8781e-04
 6.7900e-01  2.9189e-04
 6.7950e-01  2.9693e-04
 6.8000e-01  3.0297e-04
 6.8050e-01  3.0501e-04
 6.8100e-01  3.0809e-04
 6.8150e-01  3.1223e-04
 6.8200e-01  3.1744e-04
 6.8250e-01  3.1875e-04
 6.8300e-01  3.2620e-04
 6.8350e-01  3.2980e-04
 6.8400e-01  3.2957e-04
 6.8450e-01  3.3555e-04
 6.8500e-01  3.4276e-04
 6.8550e-01  3.4624e-04
 6.8600e-01  3.5100e-04
 6.8650e-01  3.5208e-04
 6.8700e-01  3.5951e-04
 6.8750e-01  3.6333e-04
 6.8800e-01  3.6855e-04
 6.8850e-01  3.7022e-04
 6.8900e-01  3.7837e-04
 6.8950e-01  3.8301e-04
 6.9000e-01  3.8426e-04
 6.9050e-01  3.9206e-04
 6.9100e-01  3.9646e-04
 6.9150e-01  4.0256e-04
 6.9200e-01  4.0537e-04
 6.9250e-01  4.0992e-04
 6.9300e-01  4.1623e-04
 6.9350e-01  4.2438e-04
 6.9400e-01  4.2944e-04
 6.9450e-01  4.3640e-04
 6.9500e-01  4.4036e-04
 6.9550e-01  4.4632e-04
 6.9600e-01  4.4933e-04
 6.9650e-01  4.5954e-04
 6.9700e-01  4.6185e-04
 6.9750e-01  4.7147e-04
 6.9800e-01  4.7833e-04
 6.9850e-01  4.8255e-04
 6.9900e-01  4.8916e-04
 6.9950e-01  4.9328e-04
 7.0000e-01  4.9995e-04
 7.0050e-01  5.0917e-04
 7.0100e-01  5.1614e-04
 7.0150e-01  5.2081e-04
 7.0200e-01  5.2833e-04
 7.0250e-01  5.3876e-04
 7.0300e-01  5.4213e-04
 7.0350e-01  5.5360e-04
 7.0400e-01  5.5813e-04
 7.0450e-01  5.6601e-04
 7.0500e-01  5.7714e-04
 7.0550e-01  5.8172e-04
 7.0600e-01  5.8975e-04
 7.0650e-01  6.0143e-04
 7.0700e-01  6.0681e-04
 7.0750e-01  6.1604e-04
 7.0800e-01  6.2413e-04
 7.0850e-01  6.3132e-04
 7.0900e-01  6.4265e-04
 7.0950e-01  6.5329e-04
 7.1000e-01  6.5828e-04
 7.1050e-01  6.6787e-04
 7.1100e-01  6.7711e-04
 7.1150e-01  6.9116e-04
 7.1200e-01  7.0015e-04
 7.1250e-01  7.0924e-04
 7.1300e-01  7.1864e-04
 7.1350e-01  7.2849e-04
 7.1400e-01  7.3894e-04
 7.1450e-01  7.5009e-04
 7.1500e-01  7.6229e-04
 7.1550e-01  7.7559e-04
 7.1600e-01  7.8525e-04
 7.1650e-01  7.9650e-04
 7.1700e-01  8.0946e-04
 7.1750e-01  8.1941e-04
 7.1800e-01  8.3162e-04
 7.1850e-01  8.4623e-04
 7.1900e-01  8.5860e-04
 7.1950e-01  8.6886e-04
 7.2000e-01  8.8237e-04
 7.2050e-01  8.9944e-04
 7.2100e-01  9.1026e-04
 7.2150e-01  9.2522e-04
 7.2200e-01  9.3959e-04
 7.2250e-01  9.5372e-04
 7.2300e-01  9.6799e-04
 7.2350e-01  9.8266e-04
 7.2400e-01  9.9824e-04
 7.2450e-01  1.0150e-03
 7.2500e-01  1.0334e-03
 7.2550e-01  1.0490e-03
 7.2600e-01  1.0670e-03
 7.2650e-01  1.0830e-03
 7.2700e-01  1.0975e-03
 7.2750e-01  1.1161e-03
 7.2800e-01  1.1342e-03
 7.2850e-01  1.1523e-03
 7.2900e-01  1.1763e-03
 7.2950e-01  1.1915e-03
 7.3000e-01  1.2136e-03
 7.3050e-01  1.2334e-03
 7.3100e-01  1.2566e-03
 7.3150e-01  1.2740e-03
 7.3200e-01  1.2962e-03
 7.3250e-01  1.3192e-03
 7.3300e-01  1.3437e-03
 7.3350e-01  1.3658e-03
 7.3400e-01  1.3914e-03
 7.3450e-01  1.4116e-03
 7.3500e-01  1.4373e-03
 7.3550e-01  1.4648e-03
 7.3600e-01  1.4902e-03
 7.3650e-01  1.5147e-03
 7.3700e-01  1.5448e-03
 7.3750e-01  1.5717e-03
 7.3800e-01  1.6022e-03
 7.3850e-01  1.6325e-03
 7.3900e-01  1.6595e-03
 7.3950e-01  1.6898e-03
 7.4000e-01  1.7254e-03
 7.4050e-01  1.7533e-03
 7.4100e-01  1.7905e-03
 7.4150e-01  1.8242e-03
 7.4200e-01  1.8569e-03
 7.4250e-01  1.8960e-03
 7.4300e-01  1.9343e-03
 7.4350e-01  1.9695e-03
 7.4400e-01  2.0096e-03
 7.4450e-01  2.0484e-03
 7.4500e-01  2.0936e-03
 7.4550e-01  2.1339e-03
 7.4600e-01  2.1791e-03
 7.4650e-01  2.2224e-03
 7.4700e-01  2.2691e-03
 7.4750e-01  2.3184e-03
 7.4800e-01  2.3656e-03
 7.4850e-01  2.4169e-03
 7.4900e-01  2.4737e-03
 7.4950e-01  2.5254e-03
 7.5000e-01  2.5807e-03
 7.5050e-01  2.6365e-03
 7.5100e-01  2.7008e-03
 7.5150e-01  2.7576e-03
 7.5200e-01  2.8258e-03
 7.5250e-01  2.8911e-03
 7.5300e-01  2.9599e-03
 7.5350e-01  3.0282e-03
 7.5400e-01  3.1000e-03
 7.5450e-01  3.1793e-03
 7.5500e-01  3.2561e-03
 7.5550e-01  3.3374e-03
 7.5600e-01  3.4217e-03
 7.5650e-01  3.5095e-03
 7.5700e-01  3.5983e-03
 7.5750e-01  3.6956e-03
 7.5800e-01  3.7899e-03
 7.5850e-01  3.8952e-03
 7.5900e-01  3.9980e-03
 7.5950e-01  4.1099e-03
 7.6000e-01  4.2262e-03
 7.6050e-01  4.3490e-03
 7.6100e-01  4.4743e-03
 7.6150e-01  4.6047e-03
 7.6200e-01  4.7420e-03
 7.6250e-01  4.8843e-03
 7.6300e-01  5.0362e-03
 7.6350e-01  5.1955e-03
 7.6400e-01  5.3619e-03
 7.6450e-01  5.5347e-03
 7.6500e-01  5.7171e-03
 7.6550e-01  5.9084e-03
 7.6600e-01  6.1083e-03
 7.6650e-01  6.3232e-03
 7.6700e-01  6.5455e-03
 7.6750e-01  6.7789e-03
 7.6800e-01  7.0272e-03
 7.6850e-01  7.2946e-03
 7.6900e-01  7.5725e-03
 7.6950e-01  7.8404e-03
 7.7000e-01  8.1558e-03
 7.7050e-01  8.4862e-03
 7.7100e-01  8.8666e-03
 7.7150e-01  9.2119e-03
 7.7200e-01  9.6174e-03
 7.7250e-01  1.0003e-02
 7.7300e-01  1.0468e-02
 7.7350e-01  1.0884e-02
 7.7400e-01  1.1369e-02
 7.7450e-01  1.1864e-02
 7.7500e-01  1.2345e-02
 7.7550e-01  1.2885e-02
 7.7600e-01  1.3346e-02
 7.7650e-01  1.3806e-02
 7.7700e-01  1.4226e-02
 7.7750e-01  1.4562e-02
 7.7800e-01  1.4772e-02
 7.7850e-01  1.4803e-02
 7.7900e-01  1.4533e-02
 7.7950e-01  1.3854e-02
 7.8000e-01  1.2719e-02
 7.8050e-01  1.1015e-02
 7.8100e-01  8.6652e-03
 7.8150e-01  5.7356e-03
 7.8200e-01  2.2811e-03
 7.8250e-01 -1.3984e-03
 7.8300e-01 -5.0279e-03
 7.8350e-01 -8.2974e-03
 7.8400e-01 -1.1127e-02
 7.8450e-01 -1.3366e-02
 7.8500e-01 -1.5021e-02
 7.8550e-01 -1.6135e-02
 7.8600e-01 -1.6855e-02
 7.8650e-01 -1.7169e-02
 7.8700e-01 -1.7289e-02
 7.8750e-01 -1.7233e-02
 7.8800e-01 -1.7008e-02
 7.8850e-01 -1.6707e-02
 7.8900e-01 -1.6377e-02
 7.8950e-01 -1.5986e-02
 7.9000e-01 -1.5586e-02
 7.9050e-01 -1.5180e-02
 7.9100e-01 -1.4785e-02
 7.9150e-01 -1.4389e-02
 7.9200e-01 -1.4003e-02
 7.9250e-01 -1.3638e-02
 7.9300e-01 -1.3282e-02
 7.9350e-01 -1.2947e-02
 7.9400e-01 -1.2621e-02
 7.9450e-01 -1.2310e-02
 7.9500e-01 -1.2020e-02
 7.9550e-01 -1.1739e-02
 7.9600e-01 -1.1474e-02
 7.9650e-01 -1.1223e-02
 7.9700e-01 -1.0982e-02
 7.9750e-01 -1.0752e-02
 7.9800e-01 -1.0536e-02
 7.9850e-01 -1.0330e-02
 7.9900e-01 -1.0131e-02
 7.9950e-01 -9.9426e-03
 8.0000e-01 -9.7650e-03
 8.0050e-01 -9.6098e-03
 8.0100e-01 -9.4591e-03
 8.0150e-01 -9.3129e-03
 8.0200e-01 -9.1792e-03
 8.0250e-01 -9.0476e-03
 8.0300e-01 -8.9224e-03
 8.0350e-01 -8.8056e-03
 8.0400e-01 -8.6904e-03
 8.0450e-01 -8.5842e-03
 8.0500e-01 -8.4790e-03
 8.0550e-01 -8.3792e-03
 8.0600e-01 -8.2840e-03
 8.0650e-01 -8.1907e-03
 8.0700e-01 -8.1005e-03
 8.0750e-01 -8.0197e-03
 8.0800e-01 -7.9404e-03
 8.0850e-01 -7.8627e-03
 8.0900e-01 -7.7899e-03
 8.0950e-01 -7.7161e-03
 8.1000e-01 -7.6503e-03
 8.1050e-01 -7.5830e-03
 8.1100e-01 -7.5186e-03
 8.1150e-01 -7.4558e-03
 8.1200e-01 -7.4005e-03
 8.1250e-01 -7.3431e-03
 8.1300e-01 -7.2878e-03
 8.1350e-01 -7.2374e-03
 8.1400e-01 -7.1891e-03
 8.1450e-01 -7.1387e-03
 8.1500e-01 -7.0973e-03
 8.1550e-01 -7.0489e-03
 8.1600e-01 -7.0075e-03
 8.1650e-01 -6.9666e-03
 8.1700e-01 -6.9297e-03
 8.1750e-01 -6.8877e-03
 8.1800e-01 -6.8533e-03
 8.1850e-01 -6.8173e-03
 8.1900e-01 -6.7869e-03
 8.1950e-01 -6.7509e-03
 8.2000e-01 -6.7204e-03
 8.2050e-01 -6.6910e-03
 8.2100e-01 -6.6610e-03
 8.2150e-01 -6.6355e-03
 8.2200e-01 -6.6079e-03
 8.2250e-01 -6.5824e-03
 8.2300e-01 -6.5584e-03
 8.2350e-01 -6.5328e-03
 8.2400e-01 -6.5098e-03
 8.2450e-01 -6.4917e-03
 8.2500e-01 -6.4726e-03
 8.2550e-01 -6.4485e-03
 8.2600e-01 -6.4329e-03
 8.2650e-01 -6.4133e-03
 8.2700e-01 -6.3972e-03
 8.2750e-01 -6.3811e-03
 8.2800e-01 -6.3619e-03
 8.2850e-01 -6.3477e-03
 8.2900e-01 -6.3341e-03
 8.2950e-01 -6.3234e-03
 8.3000e-01 -6.3072e-03
 8.3050e-01 -6.2970e-03
 8.3100e-01 -6.2848e-03
 8.3150e-01 -6.2710e-03
 8.3200e-01 -6.2623e-03
 8.3250e-01 -6.2510e-03
 8.3300e-01 -6.2428e-03
 8.3350e-01 -6.2380e-03
 8.3400e-01 -6.2282e-03
 8.3450e-01 -6.2204e-03
 8.3500e-01 -6.2145e-03
 8.3550e-01 -6.2067e-03
 8.3600e-01 -6.1988e-03
 8.3650e-01 -6.1955e-03
 8.3700e-01 -6.1931e-03
 8.3750e-01 -6.1877e-03
 8.3800e-01 -6.1853e-03
 8.3850e-01 -6.1803e-03
 8.3900e-01 -6.1744e-03
 8.3950e-01 -6.1739e-03
 8.4000e-01 -6.1730e-03
 8.4050e-01 -6.1685e-03
 8.4100e-01 -6.1705e-03
 8.4150e-01 -6.1699e-03
 8.4200e-01 -6.1664e-03
 8.4250e-01 -6.1668e-03
 8.4300e-01 -6.1708e-03
 8.4350e-01 -6.1692e-03
 8.4400e-01 -6.1721e-03
 8.4450e-01 -6.1700e-03
 8.4500e-01 -6.1743e-03
 8.4550e-01 -6.1792e-03
 8.4600e-01 -6.1805e-03
 8.4650e-01 -6.1838e-03
 8.4700e-01 -6.1841e-03
 8.4750e-01 -6.1923e-03
 8.4800e-01 -6.1936e-03
 8.4850e-01 -6.1978e-03
 8.4900e-01 -6.2055e-03
 8.4950e-01 -6.2077e-03
 8.5000e-01 -6.2129e-03
 8.5050e-01 -6.2190e-03
 8.5100e-01 -6.2242e-03
 8.5150e-01 -6.2348e-03
 8.5200e-01 -6.2404e-03
 8.5250e-01 -6.2464e-03
 8.5300e-01 -6.2534e-03
 8.5350e-01 -6.2620e-03
 8.5400e-01 -6.2715e-03
 8.5450e-01 -6.2775e-03
 8.5500e-01 -6.2849e-03
 8.5550e-01 -6.2948e-03
 8.5600e-01 -6.3062e-03
 8.5650e-01 -6.3156e-03
 8.5700e-01 -6.3270e-03
 8.5750e-01 -6.3358e-03
 8.5800e-01 -6.3476e-03
 8.5850e-01 -6.3579e-03
 8.5900e-01 -6.3662e-03
 8.5950e-01 -6.3774e-03
 8.6000e-01 -6.3926e-03
 8.6050e-01 -6.4008e-03
 8.6100e-01 -6.4184e-03
 8.6150e-01 -6.4295e-03
 8.6200e-01 -6.4396e-03
 8.6250e-01 -6.4542e-03
 8.6300e-01 -6.4682e-03
 8.6350e-01 -6.4812e-03
 8.6400e-01 -6.4939e-03
 8.6450e-01 -6.5112e-03
 8.6500e-01 -6.5233e-03
 8.6550e-01 -6.5402e-03
 8.6600e-01 -6.5572e-03
 8.6650e-01 -6.5692e-03
 8.6700e-01 -6.5863e-03
 8.6750e-01 -6.6037e-03
 8.6800e-01 -6.6164e-03
 8.6850e-01 -6.6347e-03
 8.6900e-01 -6.6534e-03
 8.6950e-01 -6.6678e-03
 8.7000e-01 -6.6878e-03
 8.7050e-01 -6.7036e-03
 8.7100e-01 -6.7253e-03
 8.7150e-01 -6.7429e-03
 8.7200e-01 -6.7615e-03
 8.7250e-01 -6.7811e-03
 8.7300e-01 -6.7969e-03
 8.7350e-01 -6.8189e-03
 8.7400e-01 -6.8372e-03
 8.7450e-01 -6.8617e-03
 8.7500e-01 -6.8777e-03
 8.7550e-01 -6.9001e-03
 8.7600e-01 -6.9240e-03
 8.7650e-01 -6.9445e-03
 8.7700e-01 -6.9666e-03
 8.7750e-01 -6.9852e-03
 8.7800e-01 -7.0107e-03
 8.7850e-01 -7.0329e-03
 8.7900e-01 -7.0570e-03
 8.7950e-01 -7.0778e-03
 8.8000e-01 -7.1056e-03
 8.8050e-01 -7.1254e-03
 8.8100e-01 -7.1521e-03
 8.8150e-01 -7.1758e-03
 8.8200e-01 -7.2016e-03
 8.8250e-01 -7.2296e-03
 8.8300e-01 -7.2546e-03
 8.8350e-01 -7.2818e-03
 8.8400e-01 -7.3063e-03
 8.8450e-01 -7.3330e-03
 8.8500e-01 -7.3619e-03
 8.8550e-01 -7.3882e-03
 8.8600e-01 -7.4168e-03
 8.8650e-01 -7.4428e-03
 8.8700e-01 -7.4712e-03
 8.8750e-01 -7.5020e-03
 8.8800e-01 -7.5303e-03
 8.8850e-01 -7.5610e-03
 8.8900e-01 -7.5943e-03
 8.8950e-01 -7.6251e-03
 8.9000e-01 -7.6534e-03
 8.9050e-01 -7.6135e-03
 8.9100e-01 -7.6621e-03
 8.9150e-01 -7.7096e-03
 8.9200e-01 -7.7560e-03
 8.9250e-01 -7.8013e-03
 8.9300e-01 -7.8505e-03
 8.9350e-01 -7.8985e-03
 8.9400e-01 -7.9454e-03
 8.9450e-01 -7.9912e-03
 8.9500e-01 -8.0408e-03
 8.9550e-01 -8.0893e-03
 8.9600e-01 -8.1416e-03
 8.9650e-01 -8.1928e-03
 8.9700e-01 -8.2427e-03
 8.9750e-01 -8.2916e-03
 8.9800e-01 -8.3441e-03
 8.9850e-01 -8.3956e-03
 8.9900e-01 -8.4508e-03
 8.9950e-01 -8.5048e-03
 9.0000e-01 -8.5576e-03
 9.0050e-01 -8.6091e-03
 9.0100e-01 -8.6644e-03
 9.0150e-01 -8.7186e-03
 9.0200e-01 -8.7764e-03
 9.0250e-01 -8.8331e-03
 9.0300e-01 -8.8885e-03
 9.0350e-01 -8.9478e-03
 9.0400e-01 -9.0058e-03
 9.0450e-01 -9.0627e-03
 9.0500e-01 -9.1234e-03
 9.0550e-01 -9.1828e-03
 9.0600e-01 -9.2410e-03
 9.0650e-01 -9.3031e-03
 9.0700e-01 -9.3640e-03
 9.0750e-01 -9.4237e-03
 9.0800e-01 -9.4872e-03
 9.0850e-01 -9.5496e-03
 9.0900e-01 -9.6157e-03
 9.0950e-01 -9.6807e-03
 9.1000e-01 -9.7445e-03
 9.1050e-01 -9.8121e-03
 9.1100e-01 -9.8786e-03
 9.1150e-01 -9.9439e-03
 9.1200e-01 -1.0013e-02
 9.1250e-01 -1.0081e-02
 9.1300e-01 -1.0148e-02
 9.1350e-01 -1.0219e-02
 9.1400e-01 -1.0293e-02
 9.1450e-01 -1.0361e-02
 9.1500e-01 -1.0434e-02
 9.1550e-01 -1.0510e-02
 9.1600e-01 -1.0585e-02
 9.1650e-01 -1.0658e-02
 9.1700e-01 -1.0731e-02
 9.1750e-01 -1.0807e-02
 9.1800e-01 -1.0888e-02
 9.1850e-01 -1.0967e-02
 9.1900e-01 -1.1045e-02
 9.1950e-01 -1.1127e-02
 9.2000e-01 -1.1207e-02
 9.2050e-01 -1.1287e-02
 9.2100e-01 -1.1370e-02
 9.2150e-01 -1.1453e-02
 9.2200e-01 -1.1539e-02
 9.2250e-01 -1.1624e-02
 9.2300e-01 -1.1712e-02
 9.2350e-01 -1.1800e-02
 9.2400e-01 -1.1887e-02
 9.2450e-01 -1.1977e-02
 9.2500e-01 -1.2066e-02
 9.2550e-01 -1.2159e-02
 9.2600e-01 -1.2251e-02
 9.2650e-01 -1.2347e-02
 9.2700e-01 -1.2441e-02
 9.2750e-01 -1.2534e-02
 9.2800e-01 -1.2637e-02
 9.2850e-01 -1.2733e-02
 9.2900e-01 -1.2833e-02
 9.2950e-01 -1.2936e-02
 9.3000e-01 -1.3039e-02
 9.3050e-01 -1.3140e-02
 9.3100e-01 -1.3245e-02
 9.3150e-01 -1.3349e-02
 9.3200e-01 -1.3456e-02
 9.3250e-01 -1.3568e-02
 9.3300e-01 -1.3678e-02
 9.3350e-01 -1.3792e-02
 9.3400e-01 -1.3905e-02
 9.3450e-01 -1.4017e-02
 9.3500e-01 -1.4132e-02
 9.3550e-01 -1.4251e-02
 9.3600e-01 -1.4369e-02
 9.3650e-01 -1.4491e-02
 9.3700e-01 -1.4611e-02
 9.3750e-01 -1.4740e-02
 9.3800e-01 -1.4863e-02
 9.3850e-01 -1.4990e-02
 9.3900e-01 -1.5120e-02
 9.3950e-01 -1.5249e-02
 9.4000e-01 -1.5382e-02
 9.4050e-01 -1.5518e-02
 9.4100e-01 -1.5653e-02
 9.4150e-01 -1.5792e-02
 9.4200e-01 -1.5934e-02
 9.4250e-01 -1.6075e-02
 9.4300e-01 -1.6220e-02
 9.4350e-01 -1.6363e-02
 9.4400e-01 -1.6515e-02
 9.4450e-01 -1.6665e-02
 9.4500e-01 -1.6819e-02
 9.4550e-01 -1.6971e-02
 9.4600e-01 -1.7127e-02
 9.4650e-01 -1.7287e-02
 9.4700e-01 -1.7450e-02
 9.4750e-01 -1.7611e-02
 9.4800e-01 -1.7781e-02
 9.4850e-01 -1.7950e-02
 9.4900e-01 -1.8122e-02
 9.4950e-01 -1.8297e-02
 9.5000e-01 -1.8470e-02
 9.5050e-01 -1.8652e-02
 9.5100e-01 -1.8833e-02
 9.5150e-01 -1.9021e-02
 9.5200e-01 -1.9208e-02
 9.5250e-01 -1.9398e-02
 9.5300e-01 -1.9591e-02
 9.5350e-01 -1.9793e-02
 9.5400e-01 -1.9992e-02
 9.5450e-01 -2.0195e-02
 9.5500e-01 -2.0401e-02
 9.5550e-01 -2.0615e-02
 9.5600e-01 -2.0827e-02
 9.5650e-01 -2.1047e-02
 9.5700e-01 -2.1265e-02
 9.5750e-01 -2.1493e-02
 9.5800e-01 -2.1720e-02
 9.5850e-01 -2.1955e-02
 9.5900e-01 -2.2192e-02
 9.5950e-01 -2.2430e-02
 9.6000e-01 -2.2677e-02
 9.6050e-01 -2.2925e-02
 9.6100e-01 -2.3180e-02
 9.6150e-01 -2.3438e-02
 9.6200e-01 -2.3703e-02
 9.6250e-01 -2.3971e-02
 9.6300e-01 -2.4241e-02
 9.6350e-01 -2.4524e-02
 9.6400e-01 -2.4803e-02
 9.6450e-01 -2.5091e-02
 9.6500e-01 -2.5385e-02
 9.6550e-01 -2.5688e-02
 9.6600e-01 -2.5993e-02
 9.6650e-01 -2.6305e-02
 9.6700e-01 -2.6625e-02
 9.6750e-01 -2.6947e-02
 9.6800e-01 -2.7277e-02
 9.6850e-01 -2.7615e-02
 9.6900e-01 -2.7959e-02
 9.6950e-01 -2.8311e-02
 9.7000e-01 -2.8670e-02
 9.7050e-01 -2.9037e-02
 9.7100e-01 -2.9411e-02
 9.7150e-01 -2.9792e-02
 9.7200e-01 -3.0180e-02
 9.7250e-01 -3.0579e-02
 9.7300e-01 -3.0986e-02
 9.7350e-01 -3.1404e-02
 9.7400e-01 -3.1828e-02
 9.7450e-01 -3.2265e-02
 9.7500e-01 -3.2712e-02
 9.7550e-01 -3.3170e-02
 9.7600e-01 -3.3635e-02
 9.7650e-01 -3.4114e-02
 9.7700e-01 -3.4604e-02
 9.7750e-01 -3.5105e-02
 9.7800e-01 -3.5620e-02
 9.7850e-01 -3.6145e-02
 9.7900e-01 -3.6684e-02
 9.7950e-01 -3.7241e-02
 9.8000e-01 -3.7808e-02
 9.8050e-01 -3.8392e-02
 9.8100e-01 -3.8989e-02
 9.8150e-01 -3.9603e-02
 9.8200e-01 -4.0234e-02
 9.8250e-01 -4.0881e-02
 9.8300e-01 -4.1548e-02
 9.8350e-01 -4.2235e-02
 9.8400e-01 -4.2942e-02
 9.8450e-01 -4.3666e-02
 9.8500e-01 -4.4414e-02
 9.8550e-01 -4.5183e-02
 9.8600e-01 -4.5977e-02
 9.8650e-01 -4.6791e-02
 9.8700e-01 -4.7639e-02
 9.8750e-01 -4.8508e-02
 9.8800e-01 -4.9404e-02
 9.8850e-01 -5.0330e-02
 9.8900e-01 -5.1288e-02
 9.8950e-01 -5.2277e-02
 9.9000e-01 -5.3300e-02
 9.9050e-01 -5.4361e-02
 9.9100e-01 -5.5455e-02
 9.9150e-01 -5.6588e-02
 9.9200e-01 -5.7765e-02
 9.9250e-01 -5.8988e-02
 9.9300e-01 -6.0256e-02
 9.9350e-01 -6.1571e-02
 9.9400e-01 -6.2941e-02
 9.9450e-01 -6.4362e-02
 9.9500e-01 -6.5846e-02
 9.9550e-01 -6.7386e-02
 9.9600e-01 -6.8999e-02
 9.9650e-01 -7.0675e-02
 9.9700e-01 -7.2433e-02
 9.9750e-01 -7.4269e-02
 9.9800e-01 -7.6188e-02
 9.9850e-01 -7.8199e-02
 9.9900e-01 -8.0314e-02
 9.9950e-01 -8.2529e-02
 1.0000e+00 -8.4860e-02
 1.0005e+00 -8.7310e-02
 1.0010e+00 -8.9899e-02
 1.0015e+00 -9.2626e-02
 1.0020e+00 -9.5509e-02
 1.0025e+00 -9.8565e-02
 1.0030e+00 -1.0180e-01
 1.0035e+00 -1.0524e-01
 1.0040e+00 -1.0890e-01
 1.0045e+00 -1.1279e-01
 1.0050e+00 -1.1696e-01
 1.0055e+00 -1.2142e-01
 1.0060e+00 -1.2620e-01
 1.0065e+00 -1.3134e-01
 1.0070e+00 -1.3688e-01
 1.0075e+00 -1.4287e-01
 1.0080e+00 -1.4936e-01
 1.0085e+00 -1.5642e-01
 1.0090e+00 -1.6412e-01
 1.0095e+00 -1.7254e-01
 1.0100e+00 -1.8180e-01
 1.0105e+00 -1.9201e-01
 1.0110e+00 -2.0330e-01
 1.0115e+00 -2.1586e-01
 1.0120e+00 -2.2989e-01
 1.0125e+00 -2.4562e-01
 1.0130e+00 -2.6335e-01
 1.0135e+00 -2.8338e-01
 1.0140e+00 -3.0609e-01
 1.0145e+00 -3.3187e-01
 1.0150e+00 -3.6101e-01
 1.0155e+00 -3.9366e-01
 1.0160e+00 -4.2925e-01
 1.0165e+00 -4.6587e-01
 1.0170e+00 -4.9859e-01
 1.0175e+00 -5.1645e-01
 1.0180e+00 -4.9916e-01
 1.0185e+00 -4.1906e-01
 1.0190e+00 -2.6035e-01
 1.0195e+00 -5.2332e-02
 1.0200e+00  1.3879e-01
 1.0205e+00  2.6777e-01
 1.0210e+00  3.3391e-01
 1.0215e+00  3.5735e-01
 1.0220e+00  3.5695e-01
 1.0225e+00  3.4491e-01
 1.0230e+00  3.2792e-01
 1.0235e+00  3.0944e-01
 1.0240e+00  2.9122e-01
 1.0245e+00  2.7398e-01
 1.0250e+00  2.5802e-01
 1.0255e+00  2.4341e-01
 1.0260e+00  2.3010e-01
 1.0265e+00  2.1799e-01
 1.0270e+00  2.0697e-01
 1.0275e+00  1.9693e-01
 1.0280e+00  1.8776e-01
 1.0285e+00  1.7938e-01
 1.0290e+00  1.7169e-01
 1.0295e+00  1.6462e-01
 1.0300e+00  1.5809e-01
 1.0305e+00  1.5207e-01
 1.0310e+00  1.4648e-01
 1.0315e+00  1.4129e-01
 1.0320e+00  1.3647e-01
 1.0325e+00  1.3196e-01
 1.0330e+00  1.2775e-01
 1.0335e+00  1.2381e-01
 1.0340e+00  1.2011e-01
 1.0345e+00  1.1662e-01
 1.0350e+00  1.1334e-01
 1.0355e+00  1.1026e-01
 1.0360e+00  1.0733e-01
 1.0365e+00  1.0457e-01
 1.0370e+00  1.0195e-01
 1.0375e+00  9.9466e-02
 1.0380e+00  9.7108e-02
 1.0385e+00  9.4861e-02
 1.0390e+00  9.2729e-02
 1.0395e+00  9.0684e-02
 1.0400e+00  8.8741e-02
 1.0405e+00  8.6885e-02
 1.0410e+00  8.5105e-02
 1.0415e+00  8.3403e-02
 1.0420e+00  8.1778e-02
 1.0425e+00  8.0212e-02
 1.0430e+00  7.8711e-02
 1.0435e+00  7.7270e-02
 1.0440e+00  7.5883e-02
 1.0445e+00  7.4552e-02
 1.0450e+00  7.3269e-02
 1.0455e+00  7.2033e-02
 1.0460e+00  7.0837e-02
 1.0465e+00  6.9692e-02
 1.0470e+00  6.8580e-02
 1.0475e+00  6.7511e-02
 1.0480e+00  6.6471e-02
 1.0485e+00  6.5471e-02
 1.0490e+00  6.4500e-02
 1.0495e+00  6.3564e-02
 1.0500e+00  6.2656e-02
 1.0505e+00  6.1773e-02
 1.0510e+00  6.0917e-02
 1.0515e+00  6.0093e-02
 1.0520e+00  5.9289e-02
 1.0525e+00  5.8507e-02
 1.0530e+00  5.7750e-02
 1.0535e+00  5.7014e-02
 1.0540e+00  5.6297e-02
 1.0545e+00  5.5600e-02
 1.0550e+00  5.4924e-02
 1.0555e+00  5.4261e-02
 1.0560e+00  5.3619e-02
 1.0565e+00  5.2996e-02
 1.0570e+00  5.2382e-02
 1.0575e+00  5.1791e-02
 1.0580e+00  5.1210e-02
 1.0585e+00  5.0650e-02
 1.0590e+00  5.0095e-02
 1.0595e+00  4.9558e-02
 1.0600e+00  4.9031e-02
 1.0605e+00  4.8522e-02
 1.0610e+00  4.8023e-02
 1.0615e+00  4.7530e-02
 1.0620e+00  4.7054e-02
 1.0625e+00  4.6585e-02
 1.0630e+00  4.6129e-02
 1.0635e+00  4.5684e-02
 1.0640e+00  4.5243e-02
 1.0645e+00  4.4815e-02
 1.0650e+00  4.4395e-02
 1.0655e+00  4.3986e-02
 1.0660e+00  4.3585e-02
 1.0665e+00  4.3192e-02
 1.0670e+00  4.2806e-02
 1.0675e+00  4.2429e-02
 1.0680e+00  4.2058e-02
 1.0685e+00  4.1696e-02
 1.0690e+00  4.1339e-02
 1.0695e+00  4.0992e-02
 1.0700e+00  4.0651e-02
 1.0705e+00  4.0315e-02
 1.0710e+00  3.9985e-02
 1.0715e+00  3.9660e-02
 1.0720e+00  3.9344e-02
 1.0725e+00  3.9029e-02
 1.0730e+00  3.8724e-02
 1.0735e+00  3.8421e-02
 1.0740e+00  3.8130e-02
 1.0745e+00  3.7837e-02
 1.0750e+00  3.7552e-02
 1.0755e+00  3.7272e-02
 1.0760e+00  3.6998e-02
 1.0765e+00  3.6726e-02
 1.0770e+00  3.6460e-02
 1.0775e+00  3.6198e-02
 1.0780e+00  3.5941e-02
 1.0785e+00  3.5686e-02
 1.0790e+00  3.5435e-02
 1.0795e+00  3.5190e-02
 1.0800e+00  3.4947e-02
 1.0805e+00  3.4712e-02
 1.0810e+00  3.4476e-02
 1.0815e+00  3.4245e-02
 1.0820e+00  3.4017e-02
 1.0825e+00  3.3795e-02
 1.0830e+00  3.3575e-02
 1.0835e+00  3.3358e-02
 1.0840e+00  3.3141e-02
 1.0845e+00  3.2930e-02
 1.0850e+00  3.2726e-02
 1.0855e+00  3.2520e-02
 1.0860e+00  3.2319e-02
 1.0865e+00  3.2121e-02
 1.0870e+00  3.1925e-02
 1.0875e+00  3.1729e-02
 1.0880e+00  3.1537e-02
 1.0885e+00  3.1351e-02
 1.0890e+00  3.1166e-02
 1.0895e+00  3.0981e-02
 1.0900e+00  3.0801e-02
 1.0905e+00  3.0626e-02
 1.0910e+00  3.0448e-02
 1.0915e+00  3.0277e-02
 1.0920e+00  3.0103e-02
 1.0925e+00  2.9936e-02
 1.0930e+00  2.9766e-02
 1.0935e+00  2.9601e-02
 1.0940e+00  2.9439e-02
 1.0945e+00  2.9278e-02
 1.0950e+00  2.9122e-02
 1.0955e+00  2.8963e-02
 1.0960e+00  2.8810e-02
 1.0965e+00  2.8658e-02
 1.0970e+00  2.8507e-02
 1.0975e+00  2.8355e-02
 1.0980e+00  2.8210e-02
 1.0985e+00  2.8066e-02
 1.0990e+00  2.7918e-02
 1.0995e+00  2.7778e-02
 1.1000e+00  2.7635e-02
 1.1005e+00  2.7498e-02
 1.1010e+00  2.7361e-02
 1.1015e+00  2.7224e-02
 1.1020e+00  2.7089e-02
 1.1025e+00  2.6960e-02
 1.1030e+00  2.6825e-02
 1.1035e+00  2.6696e-02
 1.1040e+00  2.6568e-02
 1.1045e+00  2.6441e-02
 1.1050e+00  2.6315e-02
 1.1055e+00  2.6190e-02
 1.1060e+00  2.6066e-02
 1.1065e+00  2.5947e-02
 1.1070e+00  2.5826e-02
 1.1075e+00  2.5705e-02
 1.1080e+00  2.5591e-02
 1.1085e+00  2.5473e-02
 1.1090e+00  2.5357e-02
 1.1095e+00  2.5243e-02
 1.1100e+00  2.5131e-02
 1.1105e+00  2.5015e-02
 1.1110e+00  2.4907e-02
 1.1115e+00  2.4796e-02
 1.1120e+00  2.4687e-02
 1.1125e+00  2.4581e-02
 1.1130e+00  2.4478e-02
 1.1135e+00  2.4372e-02
 1.1140e+00  2.4263e-02
 1.1145e+00  2.4164e-02
 1.1150e+00  2.4058e-02
 1.1155e+00  2.3960e-02
 1.1160e+00  2.3860e-02
 1.1165e+00  2.3761e-02
 1.1170e+00  2.3659e-02
 1.1175e+00  2.3565e-02
 1.1180e+00  2.3467e-02
 1.1185e+00  2.3370e-02
 1.1190e+00  2.3276e-02
 1.1195e+00  2.3182e-02
 1.1200e+00  2.3089e-02
 1.1205e+00  2.2996e-02
 1.1210e+00  2.2905e-02
 1.1215e+00  2.2814e-02
 1.1220e+00  2.2725e-02
 1.1225e+00  2.2635e-02
 1.1230e+00  2.2547e-02
 1.1235e+00  2.2460e-02
 1.1240e+00  2.2374e-02
 1.1245e+00  2.2287e-02
 1.1250e+00  2.2201e-02
 1.1255e+00  2.2117e-02
 1.1260e+00  2.2033e-02
 1.1265e+00  2.1951e-02
 1.1270e+00  2.1868e-02
 1.1275e+00  2.1787e-02
 1.1280e+00  2.1706e-02
 1.1285e+00  2.1626e-02
 1.1290e+00  2.1546e-02
 1.1295e+00  2.1467e-02
 1.1300e+00  2.1388e-02
 1.1305e+00  2.1312e-02
 1.1310e+00  2.1234e-02
 1.1315e+00  2.1159e-02
 1.1320e+00  2.1082e-02
 1.1325e+00  2.1007e-02
 1.1330e+00  2.0933e-02
 1.1335e+00  2.0859e-02
 1.1340e+00  2.0785e-02
 1.1345e+00  2.0713e-02
 1.1350e+00  2.0641e-02
 1.1355e+00  2.0570e-02
 1.1360e+00  2.0498e-02
 1.1365e+00  2.0428e-02
 1.1370e+00  2.0358e-02
 1.1375e+00  2.0288e-02
 1.1380e+00  2.0220e-02
 1.1385e+00  2.0152e-02
 1.1390e+00  2.0084e-02
 1.1395e+00  2.0017e-02
 1.1400e+00  1.9950e-02
 1.1405e+00  1.9883e-02
 1.1410e+00  1.9818e-02
 1.1415e+00  1.9753e-02
 1.1420e+00  1.9687e-02
 1.1425e+00  1.9624e-02
 1.1430e+00  1.9560e-02
 1.1435e+00  1.9497e-02
 1.1440e+00  1.9434e-02
 1.1445e+00  1.9371e-02
 1.1450e+00  1.9310e-02
 1.1455e+00  1.9249e-02
 1.1460e+00  1.9187e-02
 1.1465e+00  1.9127e-02
 1.1470e+00  1.9067e-02
 1.1475e+00  1.9007e-02
 1.1480e+00  1.8948e-02
 1.1485e+00  1.8889e-02
 1.1490e+00  1.8830e-02
 1.1495e+00  1.8773e-02
 1.1500e+00  1.8714e-02
 1.1505e+00  1.8658e-02
 1.1510e+00  1.8600e-02
 1.1515e+00  1.8544e-02
 1.1520e+00  1.8488e-02
 1.1525e+00  1.8433e-02
 1.1530e+00  1.8378e-02
 1.1535e+00  1.8322e-02
 1.1540e+00  1.8268e-02
 1.1545e+00  1.8214e-02
 1.1550e+00  1.8160e-02
 1.1555e+00  1.8107e-02
 1.1560e+00  1.8055e-02
 1.1565e+00  1.8002e-02
 1.1570e+00  1.7950e-02
 1.1575e+00  1.7898e-02
 1.1580e+00  1.7847e-02
 1.1585e+00  1.7795e-02
 1.1590e+00  1.7743e-02
 1.1595e+00  1.7694e-02
 1.1600e+00  1.7643e-02
 1.1605e+00  1.7594e-02
 1.1610e+00  1.7544e-02
 1.1615e+00  1.7495e-02
 1.1620e+00  1.7446e-02
 1.1625e+00  1.7397e-02
 1.1630e+00  1.7349e-02
 1.1635e+00  1.7301e-02
 1.1640e+00  1.7254e-02
 1.1645e+00  1.7206e-02
 1.1650e+00  1.7159e-02
 1.1655e+00  1.7113e-02
 1.1660e+00  1.7067e-02
 1.1665e+00  1.7021e-02
 1.1670e+00  1.6975e-02
 1.1675e+00  1.6930e-02
 1.1680e+00  1.6884e-02
 1.1685e+00  1.6839e-02
 1.1690e+00  1.6795e-02
 1.1695e+00  1.6751e-02
 1.1700e+00  1.6706e-02
 1.1705e+00  1.6663e-02
 1.1710e+00  1.6619e-02
 1.1715e+00  1.6577e-02
 1.1720e+00  1.6533e-02
 1.1725e+00  1.6491e-02
 1.1730e+00  1.6448e-02
 1.1735e+00  1.6407e-02
 1.1740e+00  1.6364e-02
 1.1745e+00  1.6323e-02
 1.1750e+00  1.6282e-02
 1.1755e+00  1.6241e-02
 1.1760e+00  1.6199e-02
 1.1765e+00  1.6160e-02
 1.1770e+00  1.6119e-02
 1.1775e+00  1.6079e-02
 1.1780e+00  1.6040e-02
 1.1785e+00  1.5999e-02
 1.1790e+00  1.5961e-02
 1.1795e+00  1.5924e-02
 1.1800e+00  1.5883e-02
 1.1805e+00  1.5842e-02
 1.1810e+00  1.5809e-02
 1.1815e+00  1.5770e-02
 1.1820e+00  1.5731e-02
 1.1825e+00  1.5695e-02
 1.1830e+00  1.5655e-02
 1.1835e+00  1.5621e-02
 1.1840e+00  1.5583e-02
 1.1845e+00  1.5544e-02
 1.1850e+00  1.5507e-02
 1.1855e+00  1.5473e-02
 1.1860e+00  1.5435e-02
 1.1865e+00  1.5402e-02
 1.1870e+00  1.5368e-02
 1.1875e+00  1.5328e-02
 1.1880e+00  1.5297e-02
 1.1885e+00  1.5261e-02
 1.1890e+00  1.5224e-02
 1.1895e+00  1.5190e-02
 1.1900e+00  1.5156e-02
 1.1905e+00  1.5121e-02
 1.1910e+00  1.5090e-02
 1.1915e+00  1.5053e-02
 1.1920e+00  1.5022e-02
 1.1925e+00  1.4989e-02
 1.1930e+00  1.4956e-02
 1.1935e+00  1.4923e-02
 1.1940e+00  1.4889e-02
 1.1945e+00  1.4860e-02
 1.1950e+00  1.4825e-02
 1.1955e+00  1.4796e-02
 1.1960e+00  1.4761e-02
 1.1965e+00  1.4732e-02
 1.1970e+00  1.4702e-02
 1.1975e+00  1.4668e-02
 1.1980e+00  1.4638e-02
 1.1985e+00  1.4608e-02
 1.1990e+00  1.4575e-02
 1.1995e+00  1.4546e-02
 1.2000e+00  1.4517e-02
 1.2005e+00  1.4484e-02
 1.2010e+00  1.4457e-02
 1.2015e+00  1.4427e-02
 1.2020e+00  1.4400e-02
 1.2025e+00  1.4370e-02
 1.2030e+00  1.4340e-02
 1.2035e+00  1.4311e-02
 1.2040e+00  1.4283e-02
 1.2045e+00  1.4256e-02
 1.2050e+00  1.4225e-02
 1.2055e+00  1.4195e-02
 1.2060e+00  1.4167e-02
 1.2065e+00  1.4142e-02
 1.2070e+00  1.4112e-02
 1.2075e+00  1.4086e-02
 1.2080e+00  1.4056e-02
 1.2085e+00  1.4029e-02
 1.2090e+00  1.4002e-02
 1.2095e+00  1.3978e-02
 1.2100e+00  1.3950e-02
 1.2105e+00  1.3922e-02
 1.2110e+00  1.3898e-02
 1.2115e+00  1.3869e-02
 1.2120e+00  1.3843e-02
 1.2125e+00  1.3817e-02
 1.2130e+00  1.3795e-02
 1.2135e+00  1.3769e-02
 1.2140e+00  1.3744e-02
 1.2145e+00  1.3717e-02
 1.2150e+00  1.3693e-02
 1.2155e+00  1.3666e-02
 1.2160e+00  1.3640e-02
 1.2165e+00  1.3617e-02
 1.2170e+00  1.3592e-02
 1.2175e+00  1.3569e-02
 1.2180e+00  1.3543e-02
 1.2185e+00  1.3520e-02
 1.2190e+00  1.3494e-02
 1.2195e+00  1.3472e-02
 1.2200e+00  1.3448e-02
 1.2205e+00  1.3421e-02
 1.2210e+00  1.3397e-02
 1.2215e+00  1.3375e-02
 1.2220e+00  1.3351e-02
 1.2225e+00  1.3327e-02
 1.2230e+00  1.3305e-02
 1.2235e+00  1.3281e-02
 1.2240e+00  1.3260e-02
 1.2245e+00  1.3234e-02
 1.2250e+00  1.3215e-02
 1.2255e+00  1.3191e-02
 1.2260e+00  1.3168e-02
 1.2265e+00  1.3146e-02
 1.2270e+00  1.3121e-02
 1.2275e+00  1.3101e-02
 1.2280e+00  1.3080e-02
 1.2285e+00  1.3057e-02
 1.2290e+00  1.3034e-02
 1.2295e+00  1.3015e-02
 1.2300e+00  1.2993e-02
 1.2305e+00  1.2968e-02
 1.2310e+00  1.2951e-02
 1.2315e+00  1.2927e-02
 1.2320e+00  1.2904e-02
 1.2325e+00  1.2885e-02
 1.2330e+00  1.2861e-02
 1.2335e+00  1.2842e-02
 1.2340e+00  1.2822e-02
 1.2345e+00  1.2802e-02
 1.2350e+00  1.2781e-02
 1.2355e+00  1.2760e-02
 1.2360e+00  1.2740e-02
 1.2365e+00  1.2719e-02
 1.2370e+00  1.2699e-02
 1.2375e+00  1.2679e-02
 1.2380e+00  1.2654e-02
 1.2385e+00  1.2634e-02
 1.2390e+00  1.2615e-02
 1.2395e+00  1.2596e-02
 1.2400e+00  1.2578e-02
 1.2405e+00  1.2557e-02
 1.2410e+00  1.2535e-02
 1.2415e+00  1.2516e-02
 1.2420e+00  1.2497e-02
 1.2425e+00  1.2478e-02
 1.2430e+00  1.2459e-02
 1.2435e+00  1.2440e-02
 1.2440e+00  1.2419e-02
 1.2445e+00  1.2400e-02
 1.2450e+00  1.2379e-02
 1.2455e+00  1.2363e-02
 1.2460e+00  1.2342e-02
 1.2465e+00  1.2325e-02
 1.2470e+00  1.2306e-02
 1.2475e+00  1.2283e-02
 1.2480e+00  1.2263e-02
 1.2485e+00  1.2249e-02
 1.2490e+00  1.2228e-02
 1.2495e+00  1.2211e-02
 1.2500e+00  1.2193e-02
 1.2505e+00  1.2173e-02
 1.2510e+00  1.2153e-02
 1.2515e+00  1.2137e-02
 1.2520e+00  1.2119e-02
 1.2525e+00  1.2099e-02
 1.2530e+00  1.2078e-02
 1.2535e+00  1.2062e-02
 1.2540e+00  1.2043e-02
 1.2545e+00  1.2028e-02
 1.2550e+00  1.2006e-02
 1.2555e+00  1.1987e-02
 1.2560e+00  1.1971e-02
 1.2565e+00  1.1954e-02
 1.2570e+00  1.1933e-02
 1.2575e+00  1.1917e-02
 1.2580e+00  1.1899e-02
 1.2585e+00  1.1882e-02
 1.2590e+00  1.1863e-02
 1.2595e+00  1.1848e-02
 1.2600e+00  1.1829e-02
 1.2605e+00  1.1814e-02
 1.2610e+00  1.1795e-02
 1.2615e+00  1.1775e-02
 1.2620e+00  1.1761e-02
 1.2625e+00  1.1739e-02
 1.2630e+00  1.1725e-02
 1.2635e+00  1.1707e-02
 1.2640e+00  1.1692e-02
 1.2645e+00  1.1673e-02
 1.2650e+00  1.1656e-02
 1.2655e+00  1.1637e-02
 1.2660e+00  1.1622e-02
 1.2665e+00  1.1601e-02
 1.2670e+00  1.1587e-02
 1.2675e+00  1.1567e-02
 1.2680e+00  1.1550e-02
 1.2685e+00  1.1534e-02
 1.2690e+00  1.1519e-02
 1.2695e+00  1.1500e-02
 1.2700e+00  1.1482e-02
 1.2705e+00  1.1465e-02
 1.2710e+00  1.1448e-02
 1.2715e+00  1.1433e-02
 1.2720e+00  1.1415e-02
 1.2725e+00  1.1400e-02
 1.2730e+00  1.1382e-02
 1.2735e+00  1.1366e-02
 1.2740e+00  1.1348e-02
 1.2745e+00  1.1331e-02
 1.2750e+00  1.1314e-02
 1.2755e+00  1.1298e-02
 1.2760e+00  1.1281e-02
 1.2765e+00  1.1265e-02
 1.2770e+00  1.1249e-02
 1.2775e+00  1.1232e-02
 1.2780e+00  1.1216e-02
 1.2785e+00  1.1199e-02
 1.2790e+00  1.1181e-02
 1.2795e+00  1.1168e-02
 1.2800e+00  1.1150e-02
 1.2805e+00  1.1135e-02
 1.2810e+00  1.1116e-02
 1.2815e+00  1.1101e-02
 1.2820e+00  1.1085e-02
 1.2825e+00  1.1068e-02
 1.2830e+00  1.1049e-02
 1.2835e+00  1.1035e-02
 1.2840e+00  1.1019e-02
 1.2845e+00  1.1003e-02
 1.2850e+00  1.0984e-02
 1.2855e+00  1.0969e-02
 1.2860e+00  1.0953e-02
 1.2865e+00  1.0935e-02
 1.2870e+00  1.0921e-02
 1.2875e+00  1.0904e-02
 1.2880e+00  1.0885e-02
 1.2885e+00  1.0871e-02
 1.2890e+00  1.0854e-02
 1.2895e+00  1.0835e-02
 1.2900e+00  1.0820e-02
 1.2905e+00  1.0802e-02
 1.2910e+00  1.0790e-02
 1.2915e+00  1.0774e-02
 1.2920e+00  1.0756e-02
 1.2925e+00  1.0738e-02
 1.2930e+00  1.0722e-02
 1.2935e+00  1.0705e-02
 1.2940e+00  1.0691e-02
 1.2945e+00  1.0677e-02
 1.2950e+00  1.0656e-02
 1.2955e+00  1.0642e-02
 1.2960e+00  1.0624e-02
 1.2965e+00  1.0609e-02
 1.2970e+00  1.0594e-02
 1.2975e+00  1.0575e-02
 1.2980e+00  1.0562e-02
 1.2985e+00  1.0542e-02
 1.2990e+00  1.0527e-02
 1.2995e+00  1.0510e-02
 1.3000e+00  1.0493e-02
 1.3005e+00  1.0480e-02
 1.3010e+00  1.0461e-02
 1.3015e+00  1.0446e-02
 1.3020e+00  1.0429e-02
 1.3025e+00  1.0414e-02
 1.3030e+00  1.0397e-02
 1.3035e+00  1.0379e-02
 1.3040e+00  1.0361e-02
 1.3045e+00  1.0348e-02
 1.3050e+00  1.0329e-02
 1.3055e+00  1.0316e-02
 1.3060e+00  1.0295e-02
 1.3065e+00  1.0280e-02
 1.3070e+00  1.0265e-02
 1.3075e+00  1.0245e-02
 1.3080e+00  1.0230e-02
 1.3085e+00  1.0214e-02
 1.3090e+00  1.0199e-02
 1.3095e+00  1.0184e-02
 1.3100e+00  1.0164e-02
 1.3105e+00  1.0149e-02
 1.3110e+00  1.0134e-02
 1.3115e+00  1.0115e-02
 1.3120e+00  1.0100e-02
 1.3125e+00  1.0081e-02
 1.3130e+00  1.0068e-02
 1.3135e+00  1.0050e-02
 1.3140e+00  1.0035e-02
 1.3145e+00  1.0017e-02
 1.3150e+00  1.0000e-02
 1.3155e+00  9.9815e-03
 1.3160e+00  9.9680e-03
 1.3165e+00  9.9485e-03
 1.3170e+00  9.9340e-03
 1.3175e+00  9.9185e-03
 1.3180e+00  9.9030e-03
 1.3185e+00  9.8830e-03
 1.3190e+00  9.8675e-03
 1.3195e+00  9.8510e-03
 1.3200e+00  9.8355e-03
 1.3205e+00  9.8195e-03
 1.3210e+00  9.8040e-03
 1.3215e+00  9.7875e-03
 1.3220e+00  9.7670e-03
 1.3225e+00  9.7520e-03
 1.3230e+00  9.7370e-03
 1.3235e+00  9.7225e-03
 1.3240e+00  9.7035e-03
 1.3245e+00  9.6850e-03
 1.3250e+00  9.6720e-03
 1.3255e+00  9.6550e-03
 1.3260e+00  9.6380e-03
 1.3265e+00  9.6230e-03
 1.3270e+00  9.6080e-03
 1.3275e+00  9.5895e-03
 1.3280e+00  9.5710e-03
 1.3285e+00  9.5550e-03
 1.3290e+00  9.5390e-03
 1.3295e+00  9.5245e-03
 1.3300e+00  9.5065e-03
 1.3305e+00  9.4890e-03
 1.3310e+00  9.4735e-03
 1.3315e+00  9.4595e-03
 1.3320e+00  9.4425e-03
 1.3325e+00  9.4265e-03
 1.3330e+00  9.4120e-03
 1.3335e+00  9.3945e-03
 1.3340e+00  9.3795e-03
 1.3345e+00  9.3600e-03
 1.3350e+00  9.3430e-03
 1.3355e+00  9.3285e-03
 1.3360e+00  9.3110e-03
 1.3365e+00  9.2955e-03
 1.3370e+00  9.2820e-03
 1.3375e+00  9.2655e-03
 1.3380e+00  9.2460e-03
 1.3385e+00  9.2305e-03
 1.3390e+00  9.2160e-03
 1.3395e+00  9.1990e-03
 1.3400e+00  9.1850e-03
 1.3405e+00  9.1680e-03
 1.3410e+00  9.1530e-03
 1.3415e+00  9.1345e-03
 1.3420e+00  9.1195e-03
 1.3425e+00  9.1060e-03
 1.3430e+00  9.0890e-03
 1.3435e+00  9.0700e-03
 1.3440e+00  9.0570e-03
 1.3445e+00  9.0420e-03
 1.3450e+00  9.0230e-03
 1.3455e+00  9.0070e-03
 1.3460e+00  8.9920e-03
 1.3465e+00  8.9785e-03
 1.3470e+00  8.9625e-03
 1.3475e+00  8.9435e-03
 1.3480e+00  8.9300e-03
 1.3485e+00  8.9140e-03
 1.3490e+00  8.8990e-03
 1.3495e+00  8.8810e-03
 1.3500e+00  8.8645e-03
 1.3505e+00  8.8500e-03
 1.3510e+00  8.8355e-03
 1.3515e+00  8.8185e-03
 1.3520e+00  8.8025e-03
 1.3525e+00  8.7885e-03
 1.3530e+00  8.7705e-03
 1.3535e+00  8.7580e-03
 1.3540e+00  8.7425e-03
 1.3545e+00  8.7275e-03
 1.3550e+00  8.7100e-03
 1.3555e+00  8.6970e-03
 1.3560e+00  8.6810e-03
 1.3565e+00  8.6660e-03
 1.3570e+00  8.6460e-03
 1.3575e+00  8.6335e-03
 1.3580e+00  8.6160e-03
 1.3585e+00  8.6040e-03
 1.3590e+00  8.5885e-03
 1.3595e+00  8.5735e-03
 1.3600e+00  8.5545e-03
 1.3605e+00  8.5410e-03
 1.3610e+00  8.5275e-03
 1.3615e+00  8.5105e-03
 1.3620e+00  8.4940e-03
 1.3625e+00  8.4825e-03
 1.3630e+00  8.4675e-03
 1.3635e+00  8.4525e-03
 1.3640e+00  8.4370e-03
 1.3645e+00  8.4175e-03
 1.3650e+00  8.4035e-03
 1.3655e+00  8.3900e-03
 1.3660e+00  8.3760e-03
 1.3665e+00  8.3625e-03
 1.3670e+00  8.3445e-03
 1.3675e+00  8.3315e-03
 1.3680e+00  8.3135e-03
 1.3685e+00  8.3005e-03
 1.3690e+00  8.2875e-03
 1.3695e+00  8.2690e-03
 1.3700e+00  8.2560e-03
 1.3705e+00  8.2430e-03
 1.3710e+00  8.2300e-03
 1.3715e+00  8.2105e-03
 1.3720e+00  8.1965e-03
 1.3725e+00  8.1820e-03
 1.3730e+00  8.1680e-03
 1.3735e+00  8.1530e-03
 1.3740e+00  8.1425e-03
 1.3745e+00  8.1260e-03
 1.3750e+00  8.1100e-03
 1.3755e+00  8.0975e-03
 1.3760e+00  8.0800e-03
 1.3765e+00  8.0665e-03
 1.3770e+00  8.0520e-03
 1.3775e+00  8.0370e-03
 1.3780e+00  8.0270e-03
 1.3785e+00  8.0105e-03
 1.3790e+00  7.9980e-03
 1.3795e+00  7.9845e-03
 1.3800e+00  7.9700e-03
 1.3805e+00  7.9550e-03
 1.3810e+00  7.9385e-03
 1.3815e+00  7.9260e-03
 1.3820e+00  7.9125e-03
 1.3825e+00  7.8970e-03
 1.3830e+00  7.8860e-03
 1.3835e+00  7.8685e-03
 1.3840e+00  7.8550e-03
 1.3845e+00  7.8445e-03
 1.3850e+00  7.8280e-03
 1.3855e+00  7.8150e-03
 1.3860e+00  7.8000e-03
 1.3865e+00  7.7890e-03
 1.3870e+00  7.7765e-03
 1.3875e+00  7.7620e-03
 1.3880e+00  7.7495e-03
 1.3885e+00  7.7315e-03
 1.3890e+00  7.7220e-03
 1.3895e+00  7.7055e-03
 1.3900e+00  7.6925e-03
 1.3905e+00  7.6830e-03
 1.3910e+00  7.6660e-03
 1.3915e+00  7.6530e-03
 1.3920e+00  7.6385e-03
 1.3925e+00  7.6275e-03
 1.3930e+00  7.6145e-03
 1.3935e+00  7.6005e-03
 1.3940e+00  7.5895e-03
 1.3945e+00  7.5775e-03
 1.3950e+00  7.5635e-03
 1.3955e+00  7.5495e-03
 1.3960e+00  7.5380e-03
 1.3965e+00  7.5255e-03
 1.3970e+00  7.5110e-03
 1.3975e+00  7.5005e-03
 1.3980e+00  7.4840e-03
 1.3985e+00  7.4715e-03
 1.3990e+00  7.4625e-03
 1.3995e+00  7.4475e-03
 1.4000e+00  7.4360e-03
 1.4005e+00  7.4240e-03
 1.4010e+00  7.4100e-03
 1.4015e+00  7.3975e-03
 1.4020e+00  7.3850e-03
 1.4025e+00  7.3745e-03
 1.4030e+00  7.3590e-03
 1.4035e+00  7.3500e-03
 1.4040e+00  7.3370e-03
 1.4045e+00  7.3245e-03
 1.4050e+00  7.3135e-03
 1.4055e+00  7.2975e-03
 1.4060e+00  7.2880e-03
 1.4065e+00  7.2735e-03
 1.4070e+00  7.2660e-03
 1.4075e+00  7.2530e-03
 1.4080e+00  7.2410e-03
 1.4085e+00  7.2310e-03
 1.4090e+00  7.2150e-03
 1.4095e+00  7.2050e-03
 1.4100e+00  7.1955e-03
 1.4105e+00  7.1820e-03
 1.4110e+00  7.1685e-03
 1.4115e+00  7.1610e-03
 1.4120e+00  7.1485e-03
 1.4125e+00  7.1355e-03
 1.4130e+00  7.1240e-03
 1.4135e+00  7.1130e-03
 1.4140e+00  7.1025e-03
 1.4145e+00  7.0915e-03
 1.4150e+00  7.0810e-03
 1.4155e+00  7.0700e-03
 1.4160e+00  7.0600e-03
 1.4165e+00  7.0450e-03
 1.4170e+00  7.0350e-03
 1.4175e+00  7.0250e-03
 1.4180e+00  7.0160e-03
 1.4185e+00  7.0055e-03
 1.4190e+00  6.9955e-03
 1.4195e+00  6.9800e-03
 1.4200e+00  6.9700e-03
 1.4205e+00  6.9595e-03
 1.4210e+00  6.9545e-03
 1.4215e+00  6.9435e-03
 1.4220e+00  6.9320e-03
 1.4225e+00  6.9205e-03
 1.4230e+00  6.9090e-03
 1.4235e+00  6.9015e-03
 1.4240e+00  6.8895e-03
 1.4245e+00  6.8815e-03
 1.4250e+00  6.8720e-03
 1.4255e+00  6.8625e-03
 1.4260e+00  6.8530e-03
 1.4265e+00  6.8425e-03
 1.4270e+00  6.8320e-03
 1.4275e+00  6.8250e-03
 1.4280e+00  6.8130e-03
 1.4285e+00  6.8040e-03
 1.4290e+00  6.7950e-03
 1.4295e+00  6.7850e-03
 1.4300e+00  6.7740e-03
 1.4305e+00  6.7670e-03
 1.4310e+00  6.7590e-03
 1.4315e+00  6.7505e-03
 1.4320e+00  6.7400e-03
 1.4325e+00  6.7285e-03
 1.4330e+00  6.7215e-03
 1.4335e+00  6.7125e-03
 1.4340e+00  6.7030e-03
 1.4345e+00  6.6970e-03
 1.4350e+00  6.6895e-03
 1.4355e+00  6.6795e-03
 1.4360e+00  6.6705e-03
 1.4365e+00  6.6630e-03
 1.4370e+00  6.6550e-03
 1.4375e+00  6.6450e-03
 1.4380e+00  6.6380e-03
 1.4385e+00  6.6300e-03
 1.4390e+00  6.6250e-03
 1.4395e+00  6.6130e-03
 1.4400e+00  6.6095e-03
 1.4405e+00  6.5990e-03
 1.4410e+00  6.5910e-03
 1.4415e+00  6.5866e-03
 1.4420e+00  6.5746e-03
 1.4425e+00  6.5695e-03
 1.4430e+00  6.5629e-03
 1.4435e+00  6.5543e-03
 1.4440e+00  6.5482e-03
 1.4445e+00  6.5389e-03
 1.4450e+00  6.5323e-03
 1.4455e+00  6.5276e-03
 1.4460e+00  6.5204e-03
 1.4465e+00  6.5147e-03
 1.4470e+00  6.5071e-03
 1.4475e+00  6.5004e-03
 1.4480e+00  6.4964e-03
 1.4485e+00  6.4894e-03
 1.4490e+00  6.4835e-03
 1.4495e+00  6.4746e-03
 1.4500e+00  6.4723e-03
 1.4505e+00  6.4661e-03
 1.4510e+00  6.4566e-03
 1.4515e+00  6.4542e-03
 1.4520e+00  6.4484e-03
 1.4525e+00  6.4392e-03
 1.4530e+00  6.4332e-03
 1.4535e+00  6.4283e-03
 1.4540e+00  6.4256e-03
 1.4545e+00  6.4205e-03
 1.4550e+00  6.4125e-03
 1.4555e+00  6.4075e-03
 1.4560e+00  6.4050e-03
 1.4565e+00  6.4010e-03
 1.4570e+00  6.3935e-03
 1.4575e+00  6.3900e-03
 1.4580e+00  6.3845e-03
 1.4585e+00  6.3820e-03
 1.4590e+00  6.3780e-03
 1.4595e+00  6.3725e-03
 1.4600e+00  6.3660e-03
 1.4605e+00  6.3620e-03
 1.4610e+00  6.3575e-03
 1.4615e+00  6.3575e-03
 1.4620e+00  6.3505e-03
 1.4625e+00  6.3485e-03
 1.4630e+00  6.3460e-03
 1.4635e+00  6.3420e-03
 1.4640e+00  6.3375e-03
 1.4645e+00  6.3325e-03
 1.4650e+00  6.3275e-03
 1.4655e+00  6.3280e-03
 1.4660e+00  6.3225e-03
 1.4665e+00  6.3230e-03
 1.4670e+00  6.3185e-03
 1.4675e+00  6.3140e-03
 1.4680e+00  6.3100e-03
 1.4685e+00  6.3115e-03
 1.4690e+00  6.3095e-03
 1.4695e+00  6.3025e-03
 1.4700e+00  6.3010e-03
 1.4705e+00  6.3020e-03
 1.4710e+00  6.2985e-03
 1.4715e+00  6.2965e-03
 1.4720e+00  6.2955e-03
 1.4725e+00  6.2905e-03
 1.4730e+00  6.2935e-03
 1.4735e+00  6.2875e-03
 1.4740e+00  6.2900e-03
 1.4745e+00  6.2880e-03
 1.4750e+00  6.2835e-03
 1.4755e+00  6.2865e-03
 1.4760e+00  6.2815e-03
 1.4765e+00  6.2845e-03
 1.4770e+00  4.2755e-03
 1.4775e+00  7.9450e-04
 1.4780e+00  0.0000e+00