#     mass     R_mu^F
 8.0000e-01  0.0000e+00
 8.0050e-01  2.0321e-05
 8.0100e-01  4.0470e-05
 8.0150e-01  6.0451e-05
 8.0200e-01  8.0263e-05
 8.0250e-01  9.9909e-05
 8.0300e-01  1.1939e-04
 8.0350e-01  1.3871e-04
 8.0400e-01  1.5787e-04
 8.0450e-01  1.7687e-04
 8.0500e-01  1.9571e-04
 8.0550e-01  2.1439e-04
 8.0600e-01  2.3292e-04
 8.0650e-01  2.5129e-04
 8.0700e-01  2.6952e-04
 8.0750e-01  2.8759e-04
 8.0800e-01  3.0552e-04
 8.0850e-01  3.2330e-04
 8.0900e-01  3.4094e-04
 8.0950e-01  3.5843e-04
 8.1000e-01  3.7578e-04
 8.1050e-01  3.9299e-04
 8.1100e-01  4.1007e-04
 8.1150e-01  4.2700e-04
 8.1200e-01  4.4381e-04
 8.1250e-01  4.6048e-04
 8.1300e-01  4.7702e-04
 8.1350e-01  4.9342e-04
 8.1400e-01  5.0970e-04
 8.1450e-01  5.2586e-04
 8.1500e-01  5.4189e-04
 8.1550e-01  5.5779e-04
 8.1600e-01  5.7358e-04
 8.1650e-01  5.8924e-04
 8.1700e-01  6.0479e-04
 8.1750e-01  6.2021e-04
 8.1800e-01  6.3553e-04
 8.1850e-01  6.5073e-04
 8.1900e-01  6.6582e-04
 8.1950e-01  6.8080e-04
 8.2000e-01  6.9567e-04
 8.2050e-01  7.1044e-04
 8.2100e-01  7.2510e-04
 8.2150e-01  7.3965e-04
 8.2200e-01  7.5411e-04
 8.2250e-01  7.6846e-04
 8.2300e-01  7.8272e-04
 8.2350e-01  7.9688e-04
 8.2400e-01  8.1095e-04
 8.2450e-01  8.2492e-04
 8.2500e-01  8.3880e-04
 8.2550e-01  8.5259e-04
 8.2600e-01  8.6629e-04
 8.2650e-01  8.7991e-04
 8.2700e-01  8.9344e-04
 8.2750e-01  9.0689e-04
 8.2800e-01  9.2026e-04
 8.2850e-01  9.3354e-04
 8.2900e-01  9.4675e-04
 8.2950e-01  9.5988e-04
 8.3000e-01  9.7294e-04
 8.3050e-01  9.8592e-04
 8.3100e-01  9.9883e-04
 8.3150e-01  1.0117e-03
 8.3200e-01  1.0245e-03
 8.3250e-01  1.0372e-03
 8.3300e-01  1.0498e-03
 8.3350e-01  1.0624e-03
 8.3400e-01  1.0749e-03
 8.3450e-01  1.0873e-03
 8.3500e-01  1.0998e-03
 8.3550e-01  1.1121e-03
 8.3600e-01  1.1244e-03
 8.3650e-01  1.1366e-03
 8.3700e-01  1.1488e-03
 8.3750e-01  1.1609e-03
 8.3800e-01  1.1730e-03
 8.3850e-01  1.1851e-03
 8.3900e-01  1.1971e-03
 8.3950e-01  1.2090e-03
 8.4000e-01  1.2209e-03
 8.4050e-01  1.2328e-03
 8.4100e-01  1.2446e-03
 8.4150e-01  1.2564e-03
 8.4200e-01  1.2682e-03
 8.4250e-01  1.2799e-03
 8.4300e-01  1.2916e-03
 8.4350e-01  1.3033e-03
 8.4400e-01  1.3149e-03
 8.4450e-01  1.3265e-03
 8.4500e-01  1.3381e-03
 8.4550e-01  1.3497e-03
 8.4600e-01  1.3612e-03
 8.4650e-01  1.3727e-03
 8.4700e-01  1.3842e-03
 8.4750e-01  1.3957e-03
 8.4800e-01  1.4072e-03
 8.4850e-01  1.4187e-03
 8.4900e-01  1.4301e-03
 8.4950e-01  1.4415e-03
 8.5000e-01  1.4530e-03
 8.5050e-01  1.4644e-03
 8.5100e-01  1.4758e-03
 8.5150e-01  1.4872e-03
 8.5200e-01  1.4987e-03
 8.5250e-01  1.5101e-03
 8.5300e-01  1.5215e-03
 8.5350e-01  1.5329e-03
 8.5400e-01  1.5444e-03
 8.5450e-01  1.5558e-03
 8.5500e-01  1.5672e-03
 8.5550e-01  1.5787e-03
 8.5600e-01  1.5902e-03
 8.5650e-01  1.6016e-03
 8.5700e-01  1.6131e-03
 8.5750e-01  1.6247e-03
 8.5800e-01  1.6362e-03
 8.5850e-01  1.6477e-03
 8.5900e-01  1.6593e-03
 8.5950e-01  1.6709e-03
 8.6000e-01  1.6826e-03
 8.6050e-01  1.6942e-03
 8.6100e-01  1.7059e-03
 8.6150e-01  1.7176e-03
 8.6200e-01  1.7293e-03
 8.6250e-01  1.7411e-03
 8.6300e-01  1.7530e-03
 8.6350e-01  1.7648e-03
 8.6400e-01  1.7767e-03
 8.6450e-01  1.7886e-03
 8.6500e-01  1.8006e-03
 8.6550e-01  1.8126e-03
 8.6600e-01  1.8247e-03
 8.6650e-01  1.8368e-03
 8.6700e-01  1.8490e-03
 8.6750e-01  1.8612e-03
 8.6800e-01  1.8735e-03
 8.6850e-01  1.8858e-03
 8.6900e-01  1.8982e-03
 8.6950e-01  1.9106e-03
 8.7000e-01  1.9231e-03
 8.7050e-01  1.9357e-03
 8.7100e-01  1.9483e-03
 8.7150e-01  1.9610e-03
 8.7200e-01  1.9737e-03
 8.7250e-01  1.9866e-03
 8.7300e-01  1.9994e-03
 8.7350e-01  2.0124e-03
 8.7400e-01  2.0254e-03
 8.7450e-01  2.0385e-03
 8.7500e-01  2.0517e-03
 8.7550e-01  2.0650e-03
 8.7600e-01  2.0783e-03
 8.7650e-01  2.0918e-03
 8.7700e-01  2.1053e-03
 8.7750e-01  2.1189e-03
 8.7800e-01  2.1325e-03
 8.7850e-01  2.1463e-03
 8.7900e-01  2.1602e-03
 8.7950e-01  2.1741e-03
 8.8000e-01  2.1882e-03
 8.8050e-01  2.2023e-03
 8.8100e-01  2.2165e-03
 8.8150e-01  2.2309e-03
 8.8200e-01  2.2453e-03
 8.8250e-01  2.2598e-03
 8.8300e-01  2.2745e-03
 8.8350e-01  2.2892e-03
 8.8400e-01  2.3041e-03
 8.8450e-01  2.3190e-03
 8.8500e-01  2.3341e-03
 8.8550e-01  2.3493e-03
 8.8600e-01  2.3646e-03
 8.8650e-01  2.3800e-03
 8.8700e-01  2.3955e-03
 8.8750e-01  2.4112e-03
 8.8800e-01  2.4269e-03
 8.8850e-01  2.4428e-03
 8.8900e-01  2.4588e-03
 8.8950e-01  2.4750e-03
 8.9000e-01  2.4912e-03
 8.9050e-01  2.5077e-03
 8.9100e-01  2.5242e-03
 8.9150e-01  2.5408e-03
 8.9200e-01  2.5576e-03
 8.9250e-01  2.5746e-03
 8.9300e-01  2.5916e-03
 8.9350e-01  2.6088e-03
 8.9400e-01  2.6262e-03
 8.9450e-01  2.6437e-03
 8.9500e-01  2.6613e-03
 8.9550e-01  2.6791e-03
 8.9600e-01  2.6970e-03
 8.9650e-01  2.7151e-03
 8.9700e-01  2.7333e-03
 8.9750e-01  2.7517e-03
 8.9800e-01  2.7702e-03
 8.9850e-01  2.7889e-03
 8.9900e-01  2.8078e-03
 8.9950e-01  2.8268e-03
 9.0000e-01  2.8460e-03
 9.0050e-01  2.8653e-03
 9.0100e-01  2.8848e-03
 9.0150e-01  2.9045e-03
 9.0200e-01  2.9243e-03
 9.0250e-01  2.9443e-03
 9.0300e-01  2.9645e-03
 9.0350e-01  2.9848e-03
 9.0400e-01  3.0053e-03
 9.0450e-01  3.0260e-03
 9.0500e-01  3.0469e-03
 9.0550e-01  3.0680e-03
 9.0600e-01  3.0892e-03
 9.0650e-01  3.1106e-03
 9.0700e-01  3.1323e-03
 9.0750e-01  3.1540e-03
 9.0800e-01  3.1760e-03
 9.0850e-01  3.1982e-03
 9.0900e-01  3.2206e-03
 9.0950e-01  3.2431e-03
 9.1000e-01  3.2659e-03
 9.1050e-01  3.2888e-03
 9.1100e-01  3.3120e-03
 9.1150e-01  3.3353e-03
 9.1200e-01  3.3589e-03
 9.1250e-01  3.3827e-03
 9.1300e-01  3.4066e-03
 9.1350e-01  3.4308e-03
 9.1400e-01  3.4552e-03
 9.1450e-01  3.4798e-03
 9.1500e-01  3.5046e-03
 9.1550e-01  3.5296e-03
 9.1600e-01  3.5548e-03
 9.1650e-01  3.5803e-03
 9.1700e-01  3.6060e-03
 9.1750e-01  3.6318e-03
 9.1800e-01  3.6580e-03
 9.1850e-01  3.6843e-03
 9.1900e-01  3.7109e-03
 9.1950e-01  3.7377e-03
 9.2000e-01  3.7647e-03
 9.2050e-01  3.7919e-03
 9.2100e-01  3.8194e-03
 9.2150e-01  3.8472e-03
 9.2200e-01  3.8751e-03
 9.2250e-01  3.9033e-03
 9.2300e-01  3.9317e-03
 9.2350e-01  3.9604e-03
 9.2400e-01  3.9893e-03
 9.2450e-01  4.0185e-03
 9.2500e-01  4.0479e-03
 9.2550e-01  4.0776e-03
 9.2600e-01  4.1075e-03
 9.2650e-01  4.1377e-03
 9.2700e-01  4.1681e-03
 9.2750e-01  4.1988e-03
 9.2800e-01  4.2297e-03
 9.2850e-01  4.2609e-03
 9.2900e-01  4.2923e-03
 9.2950e-01  4.3240e-03
 9.3000e-01  4.3560e-03
 9.3050e-01  4.3882e-03
 9.3100e-01  4.4207e-03
 9.3150e-01  4.4535e-03
 9.3200e-01  4.4866e-03
 9.3250e-01  4.5199e-03
 9.3300e-01  4.5535e-03
 9.3350e-01  4.5873e-03
 9.3400e-01  4.6215e-03
 9.3450e-01  4.6559e-03
 9.3500e-01  4.6906e-03
 9.3550e-01  4.7256e-03
 9.3600e-01  4.7609e-03
 9.3650e-01  4.7964e-03
 9.3700e-01  4.8323e-03
 9.3750e-01  4.8684e-03
 9.3800e-01  4.9049e-03
 9.3850e-01  4.9416e-03
 9.3900e-01  4.9786e-03
 9.3950e-01  5.0159e-03
 9.4000e-01  5.0535e-03
 9.4050e-01  5.0914e-03
 9.4100e-01  5.1296e-03
 9.4150e-01  5.1681e-03
 9.4200e-01  5.2070e-03
 9.4250e-01  5.2461e-03
 9.4300e-01  5.2855e-03
 9.4350e-01  5.3253e-03
 9.4400e-01  5.3653e-03
 9.4450e-01  5.4057e-03
 9.4500e-01  5.4464e-03
 9.4550e-01  5.4874e-03
 9.4600e-01  5.5287e-03
 9.4650e-01  5.5703e-03
 9.4700e-01  5.6123e-03
 9.4750e-01  5.6546e-03
 9.4800e-01  5.6972e-03
 9.4850e-01  5.7401e-03
 9.4900e-01  5.7834e-03
 9.4950e-01  5.8270e-03
 9.5000e-01  5.8709e-03
 9.5050e-01  5.9152e-03
 9.5100e-01  5.9598e-03
 9.5150e-01  6.0047e-03
 9.5200e-01  6.0500e-03
 9.5250e-01  6.0956e-03
 9.5300e-01  6.1416e-03
 9.5350e-01  6.1879e-03
 9.5400e-01  6.2346e-03
 9.5450e-01  6.2816e-03
 9.5500e-01  6.3289e-03
 9.5550e-01  6.3766e-03
 9.5600e-01  6.4247e-03
 9.5650e-01  6.4731e-03
 9.5700e-01  6.5218e-03
 9.5750e-01  6.5709e-03
 9.5800e-01  6.6204e-03
 9.5850e-01  6.6703e-03
 9.5900e-01  6.7205e-03
 9.5950e-01  6.7710e-03
 9.6000e-01  6.8220e-03
 9.6050e-01  6.8733e-03
 9.6100e-01  6.9250e-03
 9.6150e-01  6.9770e-03
 9.6200e-01  7.0294e-03
 9.6250e-01  7.0822e-03
 9.6300e-01  7.1354e-03
 9.6350e-01  7.1890e-03
 9.6400e-01  7.2429e-03
 9.6450e-01  7.2972e-03
 9.6500e-01  7.3519e-03
 9.6550e-01  7.4070e-03
 9.6600e-01  7.4625e-03
 9.6650e-01  7.5183e-03
 9.6700e-01  7.5746e-03
 9.6750e-01  7.6312e-03
 9.6800e-01  7.6883e-03
 9.6850e-01  7.7457e-03
 9.6900e-01  7.8036e-03
 9.6950e-01  7.8618e-03
 9.7000e-01  7.9204e-03
 9.7050e-01  7.9795e-03
 9.7100e-01  8.0389e-03
 9.7150e-01  8.0987e-03
 9.7200e-01  8.1590e-03
 9.7250e-01  8.2197e-03
 9.7300e-01  8.2807e-03
 9.7350e-01  8.3422e-03
 9.7400e-01  8.4041e-03
 9.7450e-01  8.4665e-03
 9.7500e-01  8.5292e-03
 9.7550e-01  8.5924e-03
 9.7600e-01  8.6559e-03
 9.7650e-01  8.7200e-03
 9.7700e-01  8.7844e-03
 9.7750e-01  8.8492e-03
 9.7800e-01  8.9145e-03
 9.7850e-01  8.9802e-03
 9.7900e-01  9.0464e-03
 9.7950e-01  9.1130e-03
 9.8000e-01  9.1800e-03
 9.8050e-01  9.2474e-03
 9.8100e-01  9.3153e-03
 9.8150e-01  9.3837e-03
 9.8200e-01  9.4524e-03
 9.8250e-01  9.5217e-03
 9.8300e-01  9.5913e-03
 9.8350e-01  9.6615e-03
 9.8400e-01  9.7320e-03
 9.8450e-01  9.8030e-03
 9.8500e-01  9.8745e-03
 9.8550e-01  9.9464e-03
 9.8600e-01  1.0019e-02
 9.8650e-01  1.0092e-02
 9.8700e-01  1.0165e-02
 9.8750e-01  1.0239e-02
 9.8800e-01  1.0313e-02
 9.8850e-01  1.0388e-02
 9.8900e-01  1.0463e-02
 9.8950e-01  1.0538e-02
 9.9000e-01  1.0615e-02
 9.9050e-01  1.0691e-02
 9.9100e-01  1.0768e-02
 9.9150e-01  1.0846e-02
 9.9200e-01  1.0924e-02
 9.9250e-01  1.1002e-02
 9.9300e-01  1.1081e-02
 9.9350e-01  1.1160e-02
 9.9400e-01  1.1240e-02
 9.9450e-01  1.1321e-02
 9.9500e-01  1.1402e-02
 9.9550e-01  1.1483e-02
 9.9600e-01  1.1565e-02
 9.9650e-01  1.1647e-02
 9.9700e-01  1.1730e-02
 9.9750e-01  1.1813e-02
 9.9800e-01  1.1897e-02
 9.9850e-01  1.1982e-02
 9.9900e-01  1.2066e-02
 9.9950e-01  1.2152e-02
 1.0000e+00  1.2238e-02
 1.0005e+00  1.2324e-02
 1.0010e+00  1.2411e-02
 1.0015e+00  1.2498e-02
 1.0020e+00  1.2586e-02
 1.0025e+00  1.2675e-02
 1.0030e+00  1.2764e-02
 1.0035e+00  1.2853e-02
 1.0040e+00  1.2944e-02
 1.0045e+00  1.3034e-02
 1.0050e+00  1.3126e-02
 1.0055e+00  1.3218e-02
 1.0060e+00  1.3310e-02
 1.0065e+00  1.3403e-02
 1.0070e+00  1.3497e-02
 1.0075e+00  1.3591e-02
 1.0080e+00  1.3687e-02
 1.0085e+00  1.3782e-02
 1.0090e+00  1.3879e-02
 1.0095e+00  1.3976e-02
 1.0100e+00  1.4073e-02
 1.0105e+00  1.4172e-02
 1.0110e+00  1.4271e-02
 1.0115e+00  1.4371e-02
 1.0120e+00  1.4471e-02
 1.0125e+00  1.4573e-02
 1.0130e+00  1.4675e-02
 1.0135e+00  1.4778e-02
 1.0140e+00  1.4881e-02
 1.0145e+00  1.4985e-02
 1.0150e+00  1.5091e-02
 1.0155e+00  1.5196e-02
 1.0160e+00  1.5303e-02
 1.0165e+00  1.5411e-02
 1.0170e+00  1.5519e-02
 1.0175e+00  1.5628e-02
 1.0180e+00  1.5738e-02
 1.0185e+00  1.5849e-02
 1.0190e+00  1.5960e-02
 1.0195e+00  1.6073e-02
 1.0200e+00  1.6186e-02
 1.0205e+00  1.6300e-02
 1.0210e+00  1.6416e-02
 1.0215e+00  1.6532e-02
 1.0220e+00  1.6649e-02
 1.0225e+00  1.6766e-02
 1.0230e+00  1.6885e-02
 1.0235e+00  1.7005e-02
 1.0240e+00  1.7126e-02
 1.0245e+00  1.7247e-02
 1.0250e+00  1.7370e-02
 1.0255e+00  1.7493e-02
 1.0260e+00  1.7618e-02
 1.0265e+00  1.7743e-02
 1.0270e+00  1.7870e-02
 1.0275e+00  1.7997e-02
 1.0280e+00  1.8126e-02
 1.0285e+00  1.8256e-02
 1.0290e+00  1.8386e-02
 1.0295e+00  1.8518e-02
 1.0300e+00  1.8651e-02
 1.0305e+00  1.8784e-02
 1.0310e+00  1.8919e-02
 1.0315e+00  1.9055e-02
 1.0320e+00  1.9192e-02
 1.0325e+00  1.9330e-02
 1.0330e+00  1.9470e-02
 1.0335e+00  1.9610e-02
 1.0340e+00  1.9752e-02
 1.0345e+00  1.9894e-02
 1.0350e+00  2.0038e-02
 1.0355e+00  2.0183e-02
 1.0360e+00  2.0329e-02
 1.0365e+00  2.0476e-02
 1.0370e+00  2.0625e-02
 1.0375e+00  2.0775e-02
 1.0380e+00  2.0925e-02
 1.0385e+00  2.1078e-02
 1.0390e+00  2.1231e-02
 1.0395e+00  2.1386e-02
 1.0400e+00  2.1541e-02
 1.0405e+00  2.1698e-02
 1.0410e+00  2.1857e-02
 1.0415e+00  2.2016e-02
 1.0420e+00  2.2177e-02
 1.0425e+00  2.2340e-02
 1.0430e+00  2.2503e-02
 1.0435e+00  2.2668e-02
 1.0440e+00  2.2834e-02
 1.0445e+00  2.3001e-02
 1.0450e+00  2.3170e-02
 1.0455e+00  2.3340e-02
 1.0460e+00  2.3512e-02
 1.0465e+00  2.3684e-02
 1.0470e+00  2.3859e-02
 1.0475e+00  2.4034e-02
 1.0480e+00  2.4211e-02
 1.0485e+00  2.4390e-02
 1.0490e+00  2.4569e-02
 1.0495e+00  2.4751e-02
 1.0500e+00  2.4933e-02
 1.0505e+00  2.5117e-02
 1.0510e+00  2.5303e-02
 1.0515e+00  2.5490e-02
 1.0520e+00  2.5678e-02
 1.0525e+00  2.5868e-02
 1.0530e+00  2.6060e-02
 1.0535e+00  2.6253e-02
 1.0540e+00  2.6447e-02
 1.0545e+00  2.6643e-02
 1.0550e+00  2.6841e-02
 1.0555e+00  2.7040e-02
 1.0560e+00  2.7240e-02
 1.0565e+00  2.7442e-02
 1.0570e+00  2.7646e-02
 1.0575e+00  2.7851e-02
 1.0580e+00  2.8058e-02
 1.0585e+00  2.8266e-02
 1.0590e+00  2.8476e-02
 1.0595e+00  2.8688e-02
 1.0600e+00  2.8901e-02
 1.0605e+00  2.9116e-02
 1.0610e+00  2.9333e-02
 1.0615e+00  2.9551e-02
 1.0620e+00  2.9771e-02
 1.0625e+00  2.9992e-02
 1.0630e+00  3.0215e-02
 1.0635e+00  3.0440e-02
 1.0640e+00  3.0667e-02
 1.0645e+00  3.0895e-02
 1.0650e+00  3.1125e-02
 1.0655e+00  3.1357e-02
 1.0660e+00  3.1590e-02
 1.0665e+00  3.1825e-02
 1.0670e+00  3.2062e-02
 1.0675e+00  3.2301e-02
 1.0680e+00  3.2541e-02
 1.0685e+00  3.2783e-02
 1.0690e+00  3.3027e-02
 1.0695e+00  3.3273e-02
 1.0700e+00  3.3521e-02
 1.0705e+00  3.3770e-02
 1.0710e+00  3.4021e-02
 1.0715e+00  3.4274e-02
 1.0720e+00  3.4529e-02
 1.0725e+00  3.4786e-02
 1.0730e+00  3.5044e-02
 1.0735e+00  3.5305e-02
 1.0740e+00  3.5567e-02
 1.0745e+00  3.5832e-02
 1.0750e+00  3.6098e-02
 1.0755e+00  3.6366e-02
 1.0760e+00  3.6636e-02
 1.0765e+00  3.6908e-02
 1.0770e+00  3.7181e-02
 1.0775e+00  3.7457e-02
 1.0780e+00  3.7735e-02
 1.0785e+00  3.8015e-02
 1.0790e+00  3.8296e-02
 1.0795e+00  3.8580e-02
 1.0800e+00  3.8866e-02
 1.0805e+00  3.9154e-02
 1.0810e+00  3.9443e-02
 1.0815e+00  3.9735e-02
 1.0820e+00  4.0029e-02
 1.0825e+00  4.0324e-02
 1.0830e+00  4.0622e-02
 1.0835e+00  4.0922e-02
 1.0840e+00  4.1224e-02
 1.0845e+00  4.1528e-02
 1.0850e+00  4.1834e-02
 1.0855e+00  4.2143e-02
 1.0860e+00  4.2453e-02
 1.0865e+00  4.2765e-02
 1.0870e+00  4.3080e-02
 1.0875e+00  4.3397e-02
 1.0880e+00  4.3715e-02
 1.0885e+00  4.4036e-02
 1.0890e+00  4.4360e-02
 1.0895e+00  4.4685e-02
 1.0900e+00  4.5012e-02
 1.0905e+00  4.5342e-02
 1.0910e+00  4.5674e-02
 1.0915e+00  4.6008e-02
 1.0920e+00  4.6344e-02
 1.0925e+00  4.6683e-02
 1.0930e+00  4.7024e-02
 1.0935e+00  4.7367e-02
 1.0940e+00  4.7712e-02
 1.0945e+00  4.8060e-02
 1.0950e+00  4.8410e-02
 1.0955e+00  4.8762e-02
 1.0960e+00  4.9116e-02
 1.0965e+00  4.9473e-02
 1.0970e+00  4.9832e-02
 1.0975e+00  5.0194e-02
 1.0980e+00  5.0557e-02
 1.0985e+00  5.0923e-02
 1.0990e+00  5.1292e-02
 1.0995e+00  5.1662e-02
 1.1000e+00  5.2035e-02
 1.1005e+00  5.2411e-02
 1.1010e+00  5.2789e-02
 1.1015e+00  5.3169e-02
 1.1020e+00  5.3552e-02
 1.1025e+00  5.3937e-02
 1.1030e+00  5.4324e-02
 1.1035e+00  5.4714e-02
 1.1040e+00  5.5106e-02
 1.1045e+00  5.5500e-02
 1.1050e+00  5.5897e-02
 1.1055e+00  5.6296e-02
 1.1060e+00  5.6697e-02
 1.1065e+00  5.7100e-02
 1.1070e+00  5.7506e-02
 1.1075e+00  5.7914e-02
 1.1080e+00  5.8325e-02
 1.1085e+00  5.8737e-02
 1.1090e+00  5.9152e-02
 1.1095e+00  5.9570e-02
 1.1100e+00  5.9989e-02
 1.1105e+00  6.0411e-02
 1.1110e+00  6.0835e-02
 1.1115e+00  6.1261e-02
 1.1120e+00  6.1690e-02
 1.1125e+00  6.2120e-02
 1.1130e+00  6.2553e-02
 1.1135e+00  6.2988e-02
 1.1140e+00  6.3425e-02
 1.1145e+00  6.3865e-02
 1.1150e+00  6.4307e-02
 1.1155e+00  6.4750e-02
 1.1160e+00  6.5196e-02
 1.1165e+00  6.5645e-02
 1.1170e+00  6.6095e-02
 1.1175e+00  6.6547e-02
 1.1180e+00  6.7002e-02
 1.1185e+00  6.7459e-02
 1.1190e+00  6.7918e-02
 1.1195e+00  6.8379e-02
 1.1200e+00  6.8842e-02
 1.1205e+00  6.9307e-02
 1.1210e+00  6.9775e-02
 1.1215e+00  7.0244e-02
 1.1220e+00  7.0716e-02
 1.1225e+00  7.1190e-02
 1.1230e+00  7.1665e-02
 1.1235e+00  7.2143e-02
 1.1240e+00  7.2623e-02
 1.1245e+00  7.3105e-02
 1.1250e+00  7.3589e-02
 1.1255e+00  7.4076e-02
 1.1260e+00  7.4564e-02
 1.1265e+00  7.5054e-02
 1.1270e+00  7.5546e-02
 1.1275e+00  7.6040e-02
 1.1280e+00  7.6537e-02
 1.1285e+00  7.7035e-02
 1.1290e+00  7.7535e-02
 1.1295e+00  7.8037e-02
 1.1300e+00  7.8542e-02
 1.1305e+00  7.9048e-02
 1.1310e+00  7.9556e-02
 1.1315e+00  8.0066e-02
 1.1320e+00  8.0579e-02
 1.1325e+00  8.1093e-02
 1.1330e+00  8.1609e-02
 1.1335e+00  8.2127e-02
 1.1340e+00  8.2647e-02
 1.1345e+00  8.3169e-02
 1.1350e+00  8.3692e-02
 1.1355e+00  8.4218e-02
 1.1360e+00  8.4746e-02
 1.1365e+00  8.5275e-02
 1.1370e+00  8.5807e-02
 1.1375e+00  8.6340e-02
 1.1380e+00  8.6875e-02
 1.1385e+00  8.7413e-02
 1.1390e+00  8.7952e-02
 1.1395e+00  8.8492e-02
 1.1400e+00  8.9035e-02
 1.1405e+00  8.9580e-02
 1.1410e+00  9.0126e-02
 1.1415e+00  9.0674e-02
 1.1420e+00  9.1224e-02
 1.1425e+00  9.1776e-02
 1.1430e+00  9.2330e-02
 1.1435e+00  9.2885e-02
 1.1440e+00  9.3443e-02
 1.1445e+00  9.4002e-02
 1.1450e+00  9.4563e-02
 1.1455e+00  9.5126e-02
 1.1460e+00  9.5690e-02
 1.1465e+00  9.6256e-02
 1.1470e+00  9.6824e-02
 1.1475e+00  9.7394e-02
 1.1480e+00  9.7966e-02
 1.1485e+00  9.8539e-02
 1.1490e+00  9.9114e-02
 1.1495e+00  9.9691e-02
 1.1500e+00  1.0027e-01
 1.1505e+00  1.0085e-01
 1.1510e+00  1.0143e-01
 1.1515e+00  1.0201e-01
 1.1520e+00  1.0260e-01
 1.1525e+00  1.0319e-01
 1.1530e+00  1.0378e-01
 1.1535e+00  1.0437e-01
 1.1540e+00  1.0496e-01
 1.1545e+00  1.0555e-01
 1.1550e+00  1.0615e-01
 1.1555e+00  1.0675e-01
 1.1560e+00  1.0734e-01
 1.1565e+00  1.0794e-01
 1.1570e+00  1.0855e-01
 1.1575e+00  1.0915e-01
 1.1580e+00  1.0976e-01
 1.1585e+00  1.1036e-01
 1.1590e+00  1.1097e-01
 1.1595e+00  1.1158e-01
 1.1600e+00  1.1219e-01
 1.1605e+00  1.1281e-01
 1.1610e+00  1.1342e-01
 1.1615e+00  1.1404e-01
 1.1620e+00  1.1465e-01
 1.1625e+00  1.1527e-01
 1.1630e+00  1.1589e-01
 1.1635e+00  1.1652e-01
 1.1640e+00  1.1714e-01
 1.1645e+00  1.1777e-01
 1.1650e+00  1.1839e-01
 1.1655e+00  1.1902e-01
 1.1660e+00  1.1965e-01
 1.1665e+00  1.2029e-01
 1.1670e+00  1.2092e-01
 1.1675e+00  1.2155e-01
 1.1680e+00  1.2219e-01
 1.1685e+00  1.2283e-01
 1.1690e+00  1.2347e-01
 1.1695e+00  1.2411e-01
 1.1700e+00  1.2475e-01
 1.1705e+00  1.2539e-01
 1.1710e+00  1.2604e-01
 1.1715e+00  1.2668e-01
 1.1720e+00  1.2733e-01
 1.1725e+00  1.2798e-01
 1.1730e+00  1.2863e-01
 1.1735e+00  1.2929e-01
 1.1740e+00  1.2994e-01
 1.1745e+00  1.3059e-01
 1.1750e+00  1.3125e-01
 1.1755e+00  1.3191e-01
 1.1760e+00  1.3257e-01
 1.1765e+00  1.3323e-01
 1.1770e+00  1.3389e-01
 1.1775e+00  1.3455e-01
 1.1780e+00  1.3522e-01
 1.1785e+00  1.3588e-01
 1.1790e+00  1.3655e-01
 1.1795e+00  1.3722e-01
 1.1800e+00  1.3789e-01
 1.1805e+00  1.3856e-01
 1.1810e+00  1.3923e-01
 1.1815e+00  1.3991e-01
 1.1820e+00  1.4058e-01
 1.1825e+00  1.4126e-01
 1.1830e+00  1.4194e-01
 1.1835e+00  1.4261e-01
 1.1840e+00  1.4330e-01
 1.1845e+00  1.4398e-01
 1.1850e+00  1.4466e-01
 1.1855e+00  1.4534e-01
 1.1860e+00  1.4603e-01
 1.1865e+00  1.4672e-01
 1.1870e+00  1.4740e-01
 1.1875e+00  1.4809e-01
 1.1880e+00  1.4878e-01
 1.1885e+00  1.4948e-01
 1.1890e+00  1.5017e-01
 1.1895e+00  1.5086e-01
 1.1900e+00  1.5156e-01
 1.1905e+00  1.5225e-01
 1.1910e+00  1.5295e-01
 1.1915e+00  1.5365e-01
 1.1920e+00  1.5435e-01
 1.1925e+00  1.5505e-01
 1.1930e+00  1.5575e-01
 1.1935e+00  1.5646e-01
 1.1940e+00  1.5716e-01
 1.1945e+00  1.5787e-01
 1.1950e+00  1.5857e-01
 1.1955e+00  1.5928e-01
 1.1960e+00  1.5999e-01
 1.1965e+00  1.6070e-01
 1.1970e+00  1.6141e-01
 1.1975e+00  1.6212e-01
 1.1980e+00  1.6284e-01
 1.1985e+00  1.6355e-01
 1.1990e+00  1.6427e-01
 1.1995e+00  1.6498e-01
 1.2000e+00  1.6570e-01
 1.2005e+00  1.6642e-01
 1.2010e+00  1.6714e-01
 1.2015e+00  1.6786e-01
 1.2020e+00  1.6858e-01
 1.2025e+00  1.6931e-01
 1.2030e+00  1.7003e-01
 1.2035e+00  1.7075e-01
 1.2040e+00  1.7148e-01
 1.2045e+00  1.7221e-01
 1.2050e+00  1.7294e-01
 1.2055e+00  1.7367e-01
 1.2060e+00  1.7440e-01
 1.2065e+00  1.7513e-01
 1.2070e+00  1.7586e-01
 1.2075e+00  1.7660e-01
 1.2080e+00  1.7733e-01
 1.2085e+00  1.7807e-01
 1.2090e+00  1.7881e-01
 1.2095e+00  1.7955e-01
 1.2100e+00  1.8029e-01
 1.2105e+00  1.8103e-01
 1.2110e+00  1.8177e-01
 1.2115e+00  1.8252e-01
 1.2120e+00  1.8326e-01
 1.2125e+00  1.8401e-01
 1.2130e+00  1.8476e-01
 1.2135e+00  1.8551e-01
 1.2140e+00  1.8626e-01
 1.2145e+00  1.8701e-01
 1.2150e+00  1.8777e-01
 1.2155e+00  1.8852e-01
 1.2160e+00  1.8928e-01
 1.2165e+00  1.9004e-01
 1.2170e+00  1.9079e-01
 1.2175e+00  1.9156e-01
 1.2180e+00  1.9232e-01
 1.2185e+00  1.9308e-01
 1.2190e+00  1.9385e-01
 1.2195e+00  1.9461e-01
 1.2200e+00  1.9538e-01
 1.2205e+00  1.9615e-01
 1.2210e+00  1.9692e-01
 1.2215e+00  1.9769e-01
 1.2220e+00  1.9847e-01
 1.2225e+00  1.9924e-01
 1.2230e+00  2.0002e-01
 1.2235e+00  2.0080e-01
 1.2240e+00  2.0158e-01
 1.2245e+00  2.0236e-01
 1.2250e+00  2.0314e-01
 1.2255e+00  2.0392e-01
 1.2260e+00  2.0471e-01
 1.2265e+00  2.0550e-01
 1.2270e+00  2.0629e-01
 1.2275e+00  2.0708e-01
 1.2280e+00  2.0787e-01
 1.2285e+00  2.0866e-01
 1.2290e+00  2.0946e-01
 1.2295e+00  2.1026e-01
 1.2300e+00  2.1106e-01
 1.2305e+00  2.1186e-01
 1.2310e+00  2.1266e-01
 1.2315e+00  2.1346e-01
 1.2320e+00  2.1427e-01
 1.2325e+00  2.1508e-01
 1.2330e+00  2.1588e-01
 1.2335e+00  2.1670e-01
 1.2340e+00  2.1751e-01
 1.2345e+00  2.1832e-01
 1.2350e+00  2.1914e-01
 1.2355e+00  2.1996e-01
 1.2360e+00  2.2078e-01
 1.2365e+00  2.2160e-01
 1.2370e+00  2.2242e-01
 1.2375e+00  2.2324e-01
 1.2380e+00  2.2407e-01
 1.2385e+00  2.2490e-01
 1.2390e+00  2.2573e-01
 1.2395e+00  2.2656e-01
 1.2400e+00  2.2740e-01
 1.2405e+00  2.2823e-01
 1.2410e+00  2.2907e-01
 1.2415e+00  2.2991e-01
 1.2420e+00  2.3075e-01
 1.2425e+00  2.3160e-01
 1.2430e+00  2.3244e-01
 1.2435e+00  2.3329e-01
 1.2440e+00  2.3414e-01
 1.2445e+00  2.3499e-01
 1.2450e+00  2.3584e-01
 1.2455e+00  2.3670e-01
 1.2460e+00  2.3756e-01
 1.2465e+00  2.3842e-01
 1.2470e+00  2.3928e-01
 1.2475e+00  2.4014e-01
 1.2480e+00  2.4100e-01
 1.2485e+00  2.4187e-01
 1.2490e+00  2.4274e-01
 1.2495e+00  2.4361e-01
 1.2500e+00  2.4449e-01
 1.2505e+00  2.4536e-01
 1.2510e+00  2.4624e-01
 1.2515e+00  2.4712e-01
 1.2520e+00  2.4800e-01
 1.2525e+00  2.4888e-01
 1.2530e+00  2.4977e-01
 1.2535e+00  2.5066e-01
 1.2540e+00  2.5155e-01
 1.2545e+00  2.5244e-01
 1.2550e+00  2.5334e-01
 1.2555e+00  2.5423e-01
 1.2560e+00  2.5513e-01
 1.2565e+00  2.5603e-01
 1.2570e+00  2.5694e-01
 1.2575e+00  2.5784e-01
 1.2580e+00  2.5875e-01
 1.2585e+00  2.5966e-01
 1.2590e+00  2.6057e-01
 1.2595e+00  2.6149e-01
 1.2600e+00  2.6240e-01
 1.2605e+00  2.6332e-01
 1.2610e+00  2.6425e-01
 1.2615e+00  2.6517e-01
 1.2620e+00  2.6610e-01
 1.2625e+00  2.6702e-01
 1.2630e+00  2.6795e-01
 1.2635e+00  2.6889e-01
 1.2640e+00  2.6982e-01
 1.2645e+00  2.7076e-01
 1.2650e+00  2.7170e-01
 1.2655e+00  2.7264e-01
 1.2660e+00  2.7359e-01
 1.2665e+00  2.7453e-01
 1.2670e+00  2.7548e-01
 1.2675e+00  2.7644e-01
 1.2680e+00  2.7739e-01
 1.2685e+00  2.7835e-01
 1.2690e+00  2.7931e-01
 1.2695e+00  2.8027e-01
 1.2700e+00  2.8123e-01
 1.2705e+00  2.8220e-01
 1.2710e+00  2.8317e-01
 1.2715e+00  2.8414e-01
 1.2720e+00  2.8512e-01
 1.2725e+00  2.8609e-01
 1.2730e+00  2.8707e-01
 1.2735e+00  2.8805e-01
 1.2740e+00  2.8904e-01
 1.2745e+00  2.9002e-01
 1.2750e+00  2.9101e-01
 1.2755e+00  2.9201e-01
 1.2760e+00  2.9300e-01
 1.2765e+00  2.9400e-01
 1.2770e+00  2.9500e-01
 1.2775e+00  2.9600e-01
 1.2780e+00  2.9701e-01
 1.2785e+00  2.9801e-01
 1.2790e+00  2.9902e-01
 1.2795e+00  3.0004e-01
 1.2800e+00  3.0105e-01
 1.2805e+00  3.0207e-01
 1.2810e+00  3.0309e-01
 1.2815e+00  3.0412e-01
 1.2820e+00  3.0514e-01
 1.2825e+00  3.0617e-01
 1.2830e+00  3.0720e-01
 1.2835e+00  3.0824e-01
 1.2840e+00  3.0928e-01
 1.2845e+00  3.1032e-01
 1.2850e+00  3.1136e-01
 1.2855e+00  3.1241e-01
 1.2860e+00  3.1345e-01
 1.2865e+00  3.1451e-01
 1.2870e+00  3.1556e-01
 1.2875e+00  3.1662e-01
 1.2880e+00  3.1768e-01
 1.2885e+00  3.1874e-01
 1.2890e+00  3.1981e-01
 1.2895e+00  3.2087e-01
 1.2900e+00  3.2194e-01
 1.2905e+00  3.2302e-01
 1.2910e+00  3.2410e-01
 1.2915e+00  3.2518e-01
 1.2920e+00  3.2626e-01
 1.2925e+00  3.2735e-01
 1.2930e+00  3.2843e-01
 1.2935e+00  3.2953e-01
 1.2940e+00  3.3062e-01
 1.2945e+00  3.3172e-01
 1.2950e+00  3.3282e-01
 1.2955e+00  3.3392e-01
 1.2960e+00  3.3503e-01
 1.2965e+00  3.3614e-01
 1.2970e+00  3.3725e-01
 1.2975e+00  3.3837e-01
 1.2980e+00  3.3949e-01
 1.2985e+00  3.4061e-01
 1.2990e+00  3.4173e-01
 1.2995e+00  3.4286e-01
 1.3000e+00  3.4399e-01
 1.3005e+00  3.4513e-01
 1.3010e+00  3.4626e-01
 1.3015e+00  3.4741e-01
 1.3020e+00  3.4855e-01
 1.3025e+00  3.4969e-01
 1.3030e+00  3.5084e-01
 1.3035e+00  3.5200e-01
 1.3040e+00  3.5315e-01
 1.3045e+00  3.5431e-01
 1.3050e+00  3.5547e-01
 1.3055e+00  3.5663e-01
 1.3060e+00  3.5780e-01
 1.3065e+00  3.5897e-01
 1.3070e+00  3.6014e-01
 1.3075e+00  3.6132e-01
 1.3080e+00  3.6250e-01
 1.3085e+00  3.6368e-01
 1.3090e+00  3.6486e-01
 1.3095e+00  3.6605e-01
 1.3100e+00  3.6724e-01
 1.3105e+00  3.6843e-01
 1.3110e+00  3.6963e-01
 1.3115e+00  3.7082e-01
 1.3120e+00  3.7202e-01
 1.3125e+00  3.7323e-01
 1.3130e+00  3.7443e-01
 1.3135e+00  3.7564e-01
 1.3140e+00  3.7685e-01
 1.3145e+00  3.7806e-01
 1.3150e+00  3.7928e-01
 1.3155e+00  3.8050e-01
 1.3160e+00  3.8172e-01
 1.3165e+00  3.8294e-01
 1.3170e+00  3.8417e-01
 1.3175e+00  3.8540e-01
 1.3180e+00  3.8662e-01
 1.3185e+00  3.8786e-01
 1.3190e+00  3.8909e-01
 1.3195e+00  3.9033e-01
 1.3200e+00  3.9157e-01
 1.3205e+00  3.9281e-01
 1.3210e+00  3.9406e-01
 1.3215e+00  3.9531e-01
 1.3220e+00  3.9655e-01
 1.3225e+00  3.9781e-01
 1.3230e+00  3.9906e-01
 1.3235e+00  4.0032e-01
 1.3240e+00  4.0158e-01
 1.3245e+00  4.0283e-01
 1.3250e+00  4.0410e-01
 1.3255e+00  4.0536e-01
 1.3260e+00  4.0663e-01
 1.3265e+00  4.0790e-01
 1.3270e+00  4.0917e-01
 1.3275e+00  4.1044e-01
 1.3280e+00  4.1172e-01
 1.3285e+00  4.1300e-01
 1.3290e+00  4.1428e-01
 1.3295e+00  4.1556e-01
 1.3300e+00  4.1684e-01
 1.3305e+00  4.1813e-01
 1.3310e+00  4.1941e-01
 1.3315e+00  4.2070e-01
 1.3320e+00  4.2199e-01
 1.3325e+00  4.2329e-01
 1.3330e+00  4.2458e-01
 1.3335e+00  4.2588e-01
 1.3340e+00  4.2718e-01
 1.3345e+00  4.2847e-01
 1.3350e+00  4.2978e-01
 1.3355e+00  4.3108e-01
 1.3360e+00  4.3239e-01
 1.3365e+00  4.3369e-01
 1.3370e+00  4.3500e-01
 1.3375e+00  4.3631e-01
 1.3380e+00  4.3763e-01
 1.3385e+00  4.3894e-01
 1.3390e+00  4.4026e-01
 1.3395e+00  4.4157e-01
 1.3400e+00  4.4289e-01
 1.3405e+00  4.4421e-01
 1.3410e+00  4.4554e-01
 1.3415e+00  4.4686e-01
 1.3420e+00  4.4818e-01
 1.3425e+00  4.4951e-01
 1.3430e+00  4.5084e-01
 1.3435e+00  4.5217e-01
 1.3440e+00  4.5350e-01
 1.3445e+00  4.5483e-01
 1.3450e+00  4.5617e-01
 1.3455e+00  4.5750e-01
 1.3460e+00  4.5884e-01
 1.3465e+00  4.6018e-01
 1.3470e+00  4.6152e-01
 1.3475e+00  4.6286e-01
 1.3480e+00  4.6420e-01
 1.3485e+00  4.6554e-01
 1.3490e+00  4.6689e-01
 1.3495e+00  4.6823e-01
 1.3500e+00  4.6958e-01
 1.3505e+00  4.7093e-01
 1.3510e+00  4.7228e-01
 1.3515e+00  4.7363e-01
 1.3520e+00  4.7498e-01
 1.3525e+00  4.7633e-01
 1.3530e+00  4.7769e-01
 1.3535e+00  4.7904e-01
 1.3540e+00  4.8040e-01
 1.3545e+00  4.8176e-01
 1.3550e+00  4.8311e-01
 1.3555e+00  4.8447e-01
 1.3560e+00  4.8583e-01
 1.3565e+00  4.8719e-01
 1.3570e+00  4.8856e-01
 1.3575e+00  4.8992e-01
 1.3580e+00  4.9129e-01
 1.3585e+00  4.9265e-01
 1.3590e+00  4.9402e-01
 1.3595e+00  4.9538e-01
 1.3600e+00  4.9675e-01
 1.3605e+00  4.9812e-01
 1.3610e+00  4.9949e-01
 1.3615e+00  5.0086e-01
 1.3620e+00  5.0223e-01
 1.3625e+00  5.0360e-01
 1.3630e+00  5.0497e-01
 1.3635e+00  5.0635e-01
 1.3640e+00  5.0772e-01
 1.3645e+00  5.0909e-01
 1.3650e+00  5.1047e-01
 1.3655e+00  5.1185e-01
 1.3660e+00  5.1322e-01
 1.3665e+00  5.1460e-01
 1.3670e+00  5.1598e-01
 1.3675e+00  5.1736e-01
 1.3680e+00  5.1873e-01
 1.3685e+00  5.2011e-01
 1.3690e+00  5.2149e-01
 1.3695e+00  5.2287e-01
 1.3700e+00  5.2425e-01
 1.3705e+00  5.2563e-01
 1.3710e+00  5.2702e-01
 1.3715e+00  5.2840e-01
 1.3720e+00  5.2978e-01
 1.3725e+00  5.3116e-01
 1.3730e+00  5.3255e-01
 1.3735e+00  5.3393e-01
 1.3740e+00  5.3531e-01
 1.3745e+00  5.3670e-01
 1.3750e+00  5.3808e-01
 1.3755e+00  5.3947e-01
 1.3760e+00  5.4085e-01
 1.3765e+00  5.4224e-01
 1.3770e+00  5.4362e-01
 1.3775e+00  5.4501e-01
 1.3780e+00  5.4640e-01
 1.3785e+00  5.4778e-01
 1.3790e+00  5.4917e-01
 1.3795e+00  5.5055e-01
 1.3800e+00  5.5194e-01
 1.3805e+00  5.5332e-01
 1.3810e+00  5.5471e-01
 1.3815e+00  5.5610e-01
 1.3820e+00  5.5748e-01
 1.3825e+00  5.5887e-01
 1.3830e+00  5.6026e-01
 1.3835e+00  5.6164e-01
 1.3840e+00  5.6303e-01
 1.3845e+00  5.6442e-01
 1.3850e+00  5.6580e-01
 1.3855e+00  5.6719e-01
 1.3860e+00  5.6857e-01
 1.3865e+00  5.6996e-01
 1.3870e+00  5.7134e-01
 1.3875e+00  5.7273e-01
 1.3880e+00  5.7412e-01
 1.3885e+00  5.7550e-01
 1.3890e+00  5.7688e-01
 1.3895e+00  5.7827e-01
 1.3900e+00  5.7965e-01
 1.3905e+00  5.8104e-01
 1.3910e+00  5.8242e-01
 1.3915e+00  5.8380e-01
 1.3920e+00  5.8519e-01
 1.3925e+00  5.8657e-01
 1.3930e+00  5.8795e-01
 1.3935e+00  5.8933e-01
 1.3940e+00  5.9071e-01
 1.3945e+00  5.9210e-01
 1.3950e+00  5.9347e-01
 1.3955e+00  5.9486e-01
 1.3960e+00  5.9623e-01
 1.3965e+00  5.9761e-01
 1.3970e+00  5.9899e-01
 1.3975e+00  6.0037e-01
 1.3980e+00  6.0175e-01
 1.3985e+00  6.0312e-01
 1.3990e+00  6.0450e-01
 1.3995e+00  6.0587e-01
 1.4000e+00  6.0725e-01
 1.4005e+00  6.0862e-01
 1.4010e+00  6.0999e-01
 1.4015e+00  6.1137e-01
 1.4020e+00  6.1274e-01
 1.4025e+00  6.1411e-01
 1.4030e+00  6.1548e-01
 1.4035e+00  6.1685e-01
 1.4040e+00  6.1822e-01
 1.4045e+00  6.1958e-01
 1.4050e+00  6.2095e-01
 1.4055e+00  6.2231e-01
 1.4060e+00  6.2368e-01
 1.4065e+00  6.2504e-01
 1.4070e+00  6.2640e-01
 1.4075e+00  6.2776e-01
 1.4080e+00  6.2912e-01
 1.4085e+00  6.3048e-01
 1.4090e+00  6.3183e-01
 1.4095e+00  6.3319e-01
 1.4100e+00  6.3454e-01
 1.4105e+00  6.3589e-01
 1.4110e+00  6.3724e-01
 1.4115e+00  6.3859e-01
 1.4120e+00  6.3994e-01
 1.4125e+00  6.4128e-01
 1.4130e+00  6.4263e-01
 1.4135e+00  6.4397e-01
 1.4140e+00  6.4531e-01
 1.4145e+00  6.4665e-01
 1.4150e+00  6.4798e-01
 1.4155e+00  6.4932e-01
 1.4160e+00  6.5065e-01
 1.4165e+00  6.5198e-01
 1.4170e+00  6.5331e-01
 1.4175e+00  6.5463e-01
 1.4180e+00  6.5596e-01
 1.4185e+00  6.5728e-01
 1.4190e+00  6.5860e-01
 1.4195e+00  6.5992e-01
 1.4200e+00  6.6123e-01
 1.4205e+00  6.6255e-01
 1.4210e+00  6.6386e-01
 1.4215e+00  6.6517e-01
 1.4220e+00  6.6647e-01
 1.4225e+00  6.6778e-01
 1.4230e+00  6.6908e-01
 1.4235e+00  6.7037e-01
 1.4240e+00  6.7167e-01
 1.4245e+00  6.7296e-01
 1.4250e+00  6.7425e-01
 1.4255e+00  6.7554e-01
 1.4260e+00  6.7683e-01
 1.4265e+00  6.7811e-01
 1.4270e+00  6.7939e-01
 1.4275e+00  6.8066e-01
 1.4280e+00  6.8194e-01
 1.4285e+00  6.8321e-01
 1.4290e+00  6.8448e-01
 1.4295e+00  6.8574e-01
 1.4300e+00  6.8700e-01
 1.4305e+00  6.8826e-01
 1.4310e+00  6.8951e-01
 1.4315e+00  6.9077e-01
 1.4320e+00  6.9202e-01
 1.4325e+00  6.9326e-01
 1.4330e+00  6.9450e-01
 1.4335e+00  6.9574e-01
 1.4340e+00  6.9698e-01
 1.4345e+00  6.9821e-01
 1.4350e+00  6.9944e-01
 1.4355e+00  7.0066e-01
 1.4360e+00  7.0188e-01
 1.4365e+00  7.0310e-01
 1.4370e+00  7.0431e-01
 1.4375e+00  7.0552e-01
 1.4380e+00  7.0673e-01
 1.4385e+00  7.0793e-01
 1.4390e+00  7.0913e-01
 1.4395e+00  7.1033e-01
 1.4400e+00  7.1152e-01
 1.4405e+00  7.1271e-01
 1.4410e+00  7.1389e-01
 1.4415e+00  7.1507e-01
 1.4420e+00  7.1624e-01
 1.4425e+00  7.1741e-01
 1.4430e+00  7.1858e-01
 1.4435e+00  7.1974e-01
 1.4440e+00  7.2090e-01
 1.4445e+00  7.2206e-01
 1.4450e+00  7.2320e-01
 1.4455e+00  7.2435e-01
 1.4460e+00  7.2549e-01
 1.4465e+00  7.2663e-01
 1.4470e+00  7.2776e-01
 1.4475e+00  7.2889e-01
 1.4480e+00  7.3001e-01
 1.4485e+00  7.3113e-01
 1.4490e+00  7.3224e-01
 1.4495e+00  7.3335e-01
 1.4500e+00  7.3446e-01
 1.4505e+00  7.3556e-01
 1.4510e+00  7.3665e-01
 1.4515e+00  7.3774e-01
 1.4520e+00  7.3882e-01
 1.4525e+00  7.3991e-01
 1.4530e+00  7.4098e-01
 1.4535e+00  7.4205e-01
 1.4540e+00  7.4312e-01
 1.4545e+00  7.4418e-01
 1.4550e+00  7.4523e-01
 1.4555e+00  7.4628e-01
 1.4560e+00  7.4733e-01
 1.4565e+00  7.4836e-01
 1.4570e+00  7.4940e-01
 1.4575e+00  7.5043e-01
 1.4580e+00  7.5145e-01
 1.4585e+00  7.5247e-01
 1.4590e+00  7.5348e-01
 1.4595e+00  7.5449e-01
 1.4600e+00  7.5549e-01
 1.4605e+00  7.5648e-01
 1.4610e+00  7.5747e-01
 1.4615e+00  7.5846e-01
 1.4620e+00  7.5944e-01
 1.4625e+00  7.6041e-01
 1.4630e+00  7.6138e-01
 1.4635e+00  7.6234e-01
 1.4640e+00  7.6329e-01
 1.4645e+00  7.6424e-01
 1.4650e+00  7.6519e-01
 1.4655e+00  7.6612e-01
 1.4660e+00  7.6706e-01
 1.4665e+00  7.6798e-01
 1.4670e+00  7.6890e-01
 1.4675e+00  7.6982e-01
 1.4680e+00  7.7072e-01
 1.4685e+00  7.7162e-01
 1.4690e+00  7.7252e-01
 1.4695e+00  7.7341e-01
 1.4700e+00  7.7429e-01
 1.4705e+00  7.7516e-01
 1.4710e+00  7.7603e-01
 1.4715e+00  7.7690e-01
 1.4720e+00  7.7775e-01
 1.4725e+00  7.7860e-01
 1.4730e+00  7.7944e-01
 1.4735e+00  7.8028e-01
 1.4740e+00  7.8111e-01
 1.4745e+00  7.8193e-01
 1.4750e+00  7.8275e-01
 1.4755e+00  7.8356e-01
 1.4760e+00  7.8436e-01
 1.4765e+00  7.8516e-01
 1.4770e+00  7.8594e-01
 1.4775e+00  7.8673e-01
 1.4780e+00  7.8750e-01
 1.4785e+00  7.8827e-01
 1.4790e+00  7.8903e-01
 1.4795e+00  7.8978e-01
 1.4800e+00  7.9053e-01
 1.4805e+00  7.9127e-01
 1.4810e+00  7.9200e-01
 1.4815e+00  7.9272e-01
 1.4820e+00  7.9344e-01
 1.4825e+00  7.9415e-01
 1.4830e+00  7.9485e-01
 1.4835e+00  7.9555e-01
 1.4840e+00  7.9623e-01
 1.4845e+00  7.9691e-01
 1.4850e+00  7.9758e-01
 1.4855e+00  7.9825e-01
 1.4860e+00  7.9891e-01
 1.4865e+00  7.9956e-01
 1.4870e+00  8.0020e-01
 1.4875e+00  8.0083e-01
 1.4880e+00  8.0146e-01
 1.4885e+00  8.0207e-01
 1.4890e+00  8.0268e-01
 1.4895e+00  8.0329e-01
 1.4900e+00  8.0388e-01
 1.4905e+00  8.0447e-01
 1.4910e+00  8.0504e-01
 1.4915e+00  8.0561e-01
 1.4920e+00  8.0617e-01
 1.4925e+00  8.0673e-01
 1.4930e+00  8.0727e-01
 1.4935e+00  8.0781e-01
 1.4940e+00  8.0834e-01
 1.4945e+00  8.0886e-01
 1.4950e+00  8.0937e-01
 1.4955e+00  8.0988e-01
 1.4960e+00  8.1037e-01
 1.4965e+00  8.1086e-01
 1.4970e+00  8.1133e-01
 1.4975e+00  8.1180e-01
 1.4980e+00  8.1226e-01
 1.4985e+00  8.1271e-01
 1.4990e+00  8.1316e-01
 1.4995e+00  8.1359e-01
 1.5000e+00  8.1402e-01
 1.5005e+00  8.1444e-01
 1.5010e+00  8.1484e-01
 1.5015e+00  8.1524e-01
 1.5020e+00  8.1563e-01
 1.5025e+00  8.1601e-01
 1.5030e+00  8.1639e-01
 1.5035e+00  8.1675e-01
 1.5040e+00  8.1711e-01
 1.5045e+00  8.1745e-01
 1.5050e+00  8.1779e-01
 1.5055e+00  8.1812e-01
 1.5060e+00  8.1844e-01
 1.5065e+00  8.1876e-01
 1.5070e+00  8.1906e-01
 1.5075e+00  8.1936e-01
 1.5080e+00  8.1964e-01
 1.5085e+00  8.1992e-01
 1.5090e+00  8.2019e-01
 1.5095e+00  8.2046e-01
 1.5100e+00  8.2071e-01
 1.5105e+00  8.2096e-01
 1.5110e+00  8.2120e-01
 1.5115e+00  8.2143e-01
 1.5120e+00  8.2165e-01
 1.5125e+00  8.2186e-01
 1.5130e+00  8.2207e-01
 1.5135e+00  8.2227e-01
 1.5140e+00  8.2246e-01
 1.5145e+00  8.2264e-01
 1.5150e+00  8.2281e-01
 1.5155e+00  8.2298e-01
 1.5160e+00  8.2314e-01
 1.5165e+00  8.2329e-01
 1.5170e+00  8.2343e-01
 1.5175e+00  8.2356e-01
 1.5180e+00  8.2369e-01
 1.5185e+00  8.2381e-01
 1.5190e+00  8.2392e-01
 1.5195e+00  8.2403e-01
 1.5200e+00  8.2412e-01
 1.5205e+00  8.2421e-01
 1.5210e+00  8.2429e-01
 1.5215e+00  8.2437e-01
 1.5220e+00  8.2443e-01
 1.5225e+00  8.2449e-01
 1.5230e+00  8.2454e-01
 1.5235e+00  8.2459e-01
 1.5240e+00  8.2463e-01
 1.5245e+00  8.2466e-01
 1.5250e+00  8.2468e-01
 1.5255e+00  8.2469e-01
 1.5260e+00  8.2470e-01
 1.5265e+00  8.2470e-01
 1.5270e+00  8.2470e-01
 1.5275e+00  8.2468e-01
 1.5280e+00  8.2466e-01
 1.5285e+00  8.2464e-01
 1.5290e+00  8.2460e-01
 1.5295e+00  8.2456e-01
 1.5300e+00  8.2451e-01
 1.5305e+00  8.2446e-01
 1.5310e+00  8.2439e-01
 1.5315e+00  8.2433e-01
 1.5320e+00  8.2425e-01
 1.5325e+00  8.2417e-01
 1.5330e+00  8.2408e-01
 1.5335e+00  8.2398e-01
 1.5340e+00  8.2388e-01
 1.5345e+00  8.2377e-01
 1.5350e+00  8.2365e-01
 1.5355e+00  8.2353e-01
 1.5360e+00  8.2340e-01
 1.5365e+00  8.2327e-01
 1.5370e+00  8.2312e-01
 1.5375e+00  8.2298e-01
 1.5380e+00  8.2282e-01
 1.5385e+00  8.2266e-01
 1.5390e+00  8.2249e-01
 1.5395e+00  8.2232e-01
 1.5400e+00  8.2214e-01
 1.5405e+00  8.2195e-01
 1.5410e+00  8.2176e-01
 1.5415e+00  8.2156e-01
 1.5420e+00  8.2136e-01
 1.5425e+00  8.2115e-01
 1.5430e+00  8.2093e-01
 1.5435e+00  8.2070e-01
 1.5440e+00  8.2047e-01
 1.5445e+00  8.2024e-01
 1.5450e+00  8.2000e-01
 1.5455e+00  8.1975e-01
 1.5460e+00  8.1950e-01
 1.5465e+00  8.1924e-01
 1.5470e+00  8.1897e-01
 1.5475e+00  8.1870e-01
 1.5480e+00  8.1843e-01
 1.5485e+00  8.1815e-01
 1.5490e+00  8.1786e-01
 1.5495e+00  8.1756e-01
 1.5500e+00  8.1727e-01
 1.5505e+00  8.1696e-01
 1.5510e+00  8.1665e-01
 1.5515e+00  8.1633e-01
 1.5520e+00  8.1601e-01
 1.5525e+00  8.1569e-01
 1.5530e+00  8.1535e-01
 1.5535e+00  8.1502e-01
 1.5540e+00  8.1467e-01
 1.5545e+00  8.1432e-01
 1.5550e+00  8.1397e-01
 1.5555e+00  8.1361e-01
 1.5560e+00  8.1325e-01
 1.5565e+00  8.1288e-01
 1.5570e+00  8.1250e-01
 1.5575e+00  8.1212e-01
 1.5580e+00  8.1174e-01
 1.5585e+00  8.1135e-01
 1.5590e+00  8.1095e-01
 1.5595e+00  8.1056e-01
 1.5600e+00  8.1015e-01
 1.5605e+00  8.0974e-01
 1.5610e+00  8.0932e-01
 1.5615e+00  8.0891e-01
 1.5620e+00  8.0848e-01
 1.5625e+00  8.0805e-01
 1.5630e+00  8.0762e-01
 1.5635e+00  8.0718e-01
 1.5640e+00  8.0673e-01
 1.5645e+00  8.0629e-01
 1.5650e+00  8.0583e-01
 1.5655e+00  8.0538e-01
 1.5660e+00  8.0491e-01
 1.5665e+00  8.0445e-01
 1.5670e+00  8.0398e-01
 1.5675e+00  8.0350e-01
 1.5680e+00  8.0302e-01
 1.5685e+00  8.0254e-01
 1.5690e+00  8.0205e-01
 1.5695e+00  8.0155e-01
 1.5700e+00  8.0106e-01
 1.5705e+00  8.0055e-01
 1.5710e+00  8.0005e-01
 1.5715e+00  7.9954e-01
 1.5720e+00  7.9902e-01
 1.5725e+00  7.9850e-01
 1.5730e+00  7.9798e-01
 1.5735e+00  7.9745e-01
 1.5740e+00  7.9692e-01
 1.5745e+00  7.9639e-01
 1.5750e+00  7.9585e-01
 1.5755e+00  7.9530e-01
 1.5760e+00  7.9476e-01
 1.5765e+00  7.9421e-01
 1.5770e+00  7.9365e-01
 1.5775e+00  7.9309e-01
 1.5780e+00  7.9253e-01
 1.5785e+00  7.9196e-01
 1.5790e+00  7.9139e-01
 1.5795e+00  7.9082e-01
 1.5800e+00  7.9024e-01
 1.5805e+00  7.8966e-01
 1.5810e+00  7.8908e-01
 1.5815e+00  7.8849e-01
 1.5820e+00  7.8790e-01
 1.5825e+00  7.8730e-01
 1.5830e+00  7.8670e-01
 1.5835e+00  7.8610e-01
 1.5840e+00  7.8549e-01
 1.5845e+00  7.8489e-01
 1.5850e+00  7.8427e-01
 1.5855e+00  7.8366e-01
 1.5860e+00  7.8304e-01
 1.5865e+00  7.8242e-01
 1.5870e+00  7.8179e-01
 1.5875e+00  7.8116e-01
 1.5880e+00  7.8053e-01
 1.5885e+00  7.7990e-01
 1.5890e+00  7.7926e-01
 1.5895e+00  7.7861e-01
 1.5900e+00  7.7797e-01
 1.5905e+00  7.7732e-01
 1.5910e+00  7.7667e-01
 1.5915e+00  7.7602e-01
 1.5920e+00  7.7536e-01
 1.5925e+00  7.7471e-01
 1.5930e+00  7.7404e-01
 1.5935e+00  7.7338e-01
 1.5940e+00  7.7271e-01
 1.5945e+00  7.7204e-01
 1.5950e+00  7.7137e-01
 1.5955e+00  7.7070e-01
 1.5960e+00  7.7002e-01
 1.5965e+00  7.6934e-01
 1.5970e+00  7.6865e-01
 1.5975e+00  7.6797e-01
 1.5980e+00  7.6728e-01
 1.5985e+00  7.6659e-01
 1.5990e+00  7.6590e-01
 1.5995e+00  7.6520e-01
 1.6000e+00  7.6450e-01
 1.6005e+00  7.6380e-01
 1.6010e+00  7.6310e-01
 1.6015e+00  7.6240e-01
 1.6020e+00  7.6169e-01
 1.6025e+00  7.6098e-01
 1.6030e+00  7.6027e-01
 1.6035e+00  7.5955e-01
 1.6040e+00  7.5884e-01
 1.6045e+00  7.5812e-01
 1.6050e+00  7.5740e-01
 1.6055e+00  7.5668e-01
 1.6060e+00  7.5595e-01
 1.6065e+00  7.5523e-01
 1.6070e+00  7.5450e-01
 1.6075e+00  7.5376e-01
 1.6080e+00  7.5303e-01
 1.6085e+00  7.5229e-01
 1.6090e+00  7.5155e-01
 1.6095e+00  7.5082e-01
 1.6100e+00  7.5007e-01
 1.6105e+00  7.4933e-01
 1.6110e+00  7.4858e-01
 1.6115e+00  7.4783e-01
 1.6120e+00  7.4708e-01
 1.6125e+00  7.4633e-01
 1.6130e+00  7.4557e-01
 1.6135e+00  7.4482e-01
 1.6140e+00  7.4406e-01
 1.6145e+00  7.4330e-01
 1.6150e+00  7.4253e-01
 1.6155e+00  7.4177e-01
 1.6160e+00  7.4100e-01
 1.6165e+00  7.4023e-01
 1.6170e+00  7.3946e-01
 1.6175e+00  7.3869e-01
 1.6180e+00  7.3791e-01
 1.6185e+00  7.3714e-01
 1.6190e+00  7.3636e-01
 1.6195e+00  7.3558e-01
 1.6200e+00  7.3479e-01
 1.6205e+00  7.3401e-01
 1.6210e+00  7.3322e-01
 1.6215e+00  7.3244e-01
 1.6220e+00  7.3165e-01
 1.6225e+00  7.3085e-01
 1.6230e+00  7.3006e-01
 1.6235e+00  7.2927e-01
 1.6240e+00  7.2847e-01
 1.6245e+00  7.2767e-01
 1.6250e+00  7.2687e-01
 1.6255e+00  7.2606e-01
 1.6260e+00  7.2526e-01
 1.6265e+00  7.2445e-01
 1.6270e+00  7.2364e-01
 1.6275e+00  7.2284e-01
 1.6280e+00  7.2202e-01
 1.6285e+00  7.2121e-01
 1.6290e+00  7.2040e-01
 1.6295e+00  7.1958e-01
 1.6300e+00  7.1876e-01
 1.6305e+00  7.1794e-01
 1.6310e+00  7.1712e-01
 1.6315e+00  7.1630e-01
 1.6320e+00  7.1547e-01
 1.6325e+00  7.1464e-01
 1.6330e+00  7.1382e-01
 1.6335e+00  7.1299e-01
 1.6340e+00  7.1215e-01
 1.6345e+00  7.1132e-01
 1.6350e+00  7.1049e-01
 1.6355e+00  7.0965e-01
 1.6360e+00  7.0881e-01
 1.6365e+00  7.0797e-01
 1.6370e+00  7.0713e-01
 1.6375e+00  7.0629e-01
 1.6380e+00  7.0545e-01
 1.6385e+00  7.0460e-01
 1.6390e+00  7.0376e-01
 1.6395e+00  7.0291e-01
 1.6400e+00  7.0206e-01
 1.6405e+00  7.0121e-01
 1.6410e+00  7.0035e-01
 1.6415e+00  6.9950e-01
 1.6420e+00  6.9864e-01
 1.6425e+00  6.9779e-01
 1.6430e+00  6.9693e-01
 1.6435e+00  6.9607e-01
 1.6440e+00  6.9521e-01
 1.6445e+00  6.9435e-01
 1.6450e+00  6.9348e-01
 1.6455e+00  6.9262e-01
 1.6460e+00  6.9175e-01
 1.6465e+00  6.9088e-01
 1.6470e+00  6.9001e-01
 1.6475e+00  6.8914e-01
 1.6480e+00  6.8827e-01
 1.6485e+00  6.8740e-01
 1.6490e+00  6.8653e-01
 1.6495e+00  6.8565e-01
 1.6500e+00  6.8477e-01
 1.6505e+00  6.8390e-01
 1.6510e+00  6.8302e-01
 1.6515e+00  6.8214e-01
 1.6520e+00  6.8125e-01
 1.6525e+00  6.8037e-01
 1.6530e+00  6.7949e-01
 1.6535e+00  6.7860e-01
 1.6540e+00  6.7772e-01
 1.6545e+00  6.7683e-01
 1.6550e+00  6.7594e-01
 1.6555e+00  6.7505e-01
 1.6560e+00  6.7416e-01
 1.6565e+00  6.7327e-01
 1.6570e+00  6.7238e-01
 1.6575e+00  6.7148e-01
 1.6580e+00  6.7059e-01
 1.6585e+00  6.6969e-01
 1.6590e+00  6.6880e-01
 1.6595e+00  6.6790e-01
 1.6600e+00  6.6700e-01
 1.6605e+00  6.6610e-01
 1.6610e+00  6.6520e-01
 1.6615e+00  6.6430e-01
 1.6620e+00  6.6339e-01
 1.6625e+00  6.6249e-01
 1.6630e+00  6.6158e-01
 1.6635e+00  6.6068e-01
 1.6640e+00  6.5977e-01
 1.6645e+00  6.5887e-01
 1.6650e+00  6.5796e-01
 1.6655e+00  6.5705e-01
 1.6660e+00  6.5614e-01
 1.6665e+00  6.5522e-01
 1.6670e+00  6.5431e-01
 1.6675e+00  6.5340e-01
 1.6680e+00  6.5249e-01
 1.6685e+00  6.5157e-01
 1.6690e+00  6.5066e-01
 1.6695e+00  6.4974e-01
 1.6700e+00  6.4882e-01
 1.6705e+00  6.4791e-01
 1.6710e+00  6.4699e-01
 1.6715e+00  6.4607e-01
 1.6720e+00  6.4515e-01
 1.6725e+00  6.4423e-01
 1.6730e+00  6.4331e-01
 1.6735e+00  6.4238e-01
 1.6740e+00  6.4146e-01
 1.6745e+00  6.4054e-01
 1.6750e+00  6.3961e-01
 1.6755e+00  6.3869e-01
 1.6760e+00  6.3776e-01
 1.6765e+00  6.3684e-01
 1.6770e+00  6.3591e-01
 1.6775e+00  6.3498e-01
 1.6780e+00  6.3405e-01
 1.6785e+00  6.3313e-01
 1.6790e+00  6.3219e-01
 1.6795e+00  6.3126e-01
 1.6800e+00  6.3033e-01
 1.6805e+00  6.2940e-01
 1.6810e+00  6.2847e-01
 1.6815e+00  6.2754e-01
 1.6820e+00  6.2661e-01
 1.6825e+00  6.2567e-01
 1.6830e+00  6.2474e-01
 1.6835e+00  6.2381e-01
 1.6840e+00  6.2287e-01
 1.6845e+00  6.2194e-01
 1.6850e+00  6.2100e-01
 1.6855e+00  6.2006e-01
 1.6860e+00  6.1913e-01
 1.6865e+00  6.1819e-01
 1.6870e+00  6.1725e-01
 1.6875e+00  6.1632e-01
 1.6880e+00  6.1538e-01
 1.6885e+00  6.1444e-01
 1.6890e+00  6.1350e-01
 1.6895e+00  6.1256e-01
 1.6900e+00  6.1162e-01
 1.6905e+00  6.1068e-01
 1.6910e+00  6.0974e-01
 1.6915e+00  6.0880e-01
 1.6920e+00  6.0786e-01
 1.6925e+00  6.0692e-01
 1.6930e+00  6.0598e-01
 1.6935e+00  6.0504e-01
 1.6940e+00  6.0409e-01
 1.6945e+00  6.0315e-01
 1.6950e+00  6.0221e-01
 1.6955e+00  6.0127e-01
 1.6960e+00  6.0032e-01
 1.6965e+00  5.9938e-01
 1.6970e+00  5.9844e-01
 1.6975e+00  5.9749e-01
 1.6980e+00  5.9655e-01
 1.6985e+00  5.9561e-01
 1.6990e+00  5.9466e-01
 1.6995e+00  5.9372e-01
 1.7000e+00  5.9278e-01
 1.7005e+00  5.9183e-01
 1.7010e+00  5.9089e-01
 1.7015e+00  5.8994e-01
 1.7020e+00  5.8900e-01
 1.7025e+00  5.8805e-01
 1.7030e+00  5.8711e-01
 1.7035e+00  5.8616e-01
 1.7040e+00  5.8522e-01
 1.7045e+00  5.8427e-01
 1.7050e+00  5.8333e-01
 1.7055e+00  5.8238e-01
 1.7060e+00  5.8144e-01
 1.7065e+00  5.8049e-01
 1.7070e+00  5.7955e-01
 1.7075e+00  5.7860e-01
 1.7080e+00  5.7766e-01
 1.7085e+00  5.7671e-01
 1.7090e+00  5.7577e-01
 1.7095e+00  5.7482e-01
 1.7100e+00  5.7388e-01
 1.7105e+00  5.7293e-01
 1.7110e+00  5.7199e-01
 1.7115e+00  5.7104e-01
 1.7120e+00  5.7010e-01
 1.7125e+00  5.6915e-01
 1.7130e+00  5.6821e-01
 1.7135e+00  5.6727e-01
 1.7140e+00  5.6632e-01
 1.7145e+00  5.6538e-01
 1.7150e+00  5.6443e-01
 1.7155e+00  5.6349e-01
 1.7160e+00  5.6254e-01
 1.7165e+00  5.6160e-01
 1.7170e+00  5.6066e-01
 1.7175e+00  5.5971e-01
 1.7180e+00  5.5877e-01
 1.7185e+00  5.5783e-01
 1.7190e+00  5.5689e-01
 1.7195e+00  5.5594e-01
 1.7200e+00  5.5500e-01
 1.7205e+00  5.5406e-01
 1.7210e+00  5.5312e-01
 1.7215e+00  5.5218e-01
 1.7220e+00  5.5123e-01
 1.7225e+00  5.5029e-01
 1.7230e+00  5.4935e-01
 1.7235e+00  5.4841e-01
 1.7240e+00  5.4747e-01
 1.7245e+00  5.4653e-01
 1.7250e+00  5.4559e-01
 1.7255e+00  5.4465e-01
 1.7260e+00  5.4371e-01
 1.7265e+00  5.4277e-01
 1.7270e+00  5.4183e-01
 1.7275e+00  5.4090e-01
 1.7280e+00  5.3996e-01
 1.7285e+00  5.3902e-01
 1.7290e+00  5.3809e-01
 1.7295e+00  5.3715e-01
 1.7300e+00  5.3621e-01
 1.7305e+00  5.3528e-01
 1.7310e+00  5.3434e-01
 1.7315e+00  5.3341e-01
 1.7320e+00  5.3247e-01
 1.7325e+00  5.3153e-01
 1.7330e+00  5.3060e-01
 1.7335e+00  5.2967e-01
 1.7340e+00  5.2873e-01
 1.7345e+00  5.2780e-01
 1.7350e+00  5.2687e-01
 1.7355e+00  5.2594e-01
 1.7360e+00  5.2501e-01
 1.7365e+00  5.2408e-01
 1.7370e+00  5.2315e-01
 1.7375e+00  5.2222e-01
 1.7380e+00  5.2129e-01
 1.7385e+00  5.2036e-01
 1.7390e+00  5.1943e-01
 1.7395e+00  5.1850e-01
 1.7400e+00  5.1758e-01
 1.7405e+00  5.1665e-01
 1.7410e+00  5.1572e-01
 1.7415e+00  5.1480e-01
 1.7420e+00  5.1387e-01
 1.7425e+00  5.1295e-01
 1.7430e+00  5.1202e-01
 1.7435e+00  5.1110e-01
 1.7440e+00  5.1018e-01
 1.7445e+00  5.0926e-01
 1.7450e+00  5.0833e-01
 1.7455e+00  5.0741e-01
 1.7460e+00  5.0649e-01
 1.7465e+00  5.0557e-01
 1.7470e+00  5.0465e-01
 1.7475e+00  5.0374e-01
 1.7480e+00  5.0282e-01
 1.7485e+00  5.0190e-01
 1.7490e+00  5.0099e-01
 1.7495e+00  5.0007e-01
 1.7500e+00  4.9916e-01
 1.7505e+00  4.9824e-01
 1.7510e+00  4.9733e-01
 1.7515e+00  4.9642e-01
 1.7520e+00  4.9550e-01
 1.7525e+00  4.9459e-01
 1.7530e+00  4.9368e-01
 1.7535e+00  4.9278e-01
 1.7540e+00  4.9187e-01
 1.7545e+00  4.9096e-01
 1.7550e+00  4.9005e-01
 1.7555e+00  4.8914e-01
 1.7560e+00  4.8824e-01
 1.7565e+00  4.8733e-01
 1.7570e+00  4.8643e-01
 1.7575e+00  4.8553e-01
 1.7580e+00  4.8462e-01
 1.7585e+00  4.8372e-01
 1.7590e+00  4.8282e-01
 1.7595e+00  4.8192e-01
 1.7600e+00  4.8102e-01
 1.7605e+00  4.8013e-01
 1.7610e+00  4.7923e-01
 1.7615e+00  4.7833e-01
 1.7620e+00  4.7744e-01
 1.7625e+00  4.7654e-01
 1.7630e+00  4.7565e-01
 1.7635e+00  4.7476e-01
 1.7640e+00  4.7387e-01
 1.7645e+00  4.7298e-01
 1.7650e+00  4.7209e-01
 1.7655e+00  4.7120e-01
 1.7660e+00  4.7031e-01
 1.7665e+00  4.6942e-01
 1.7670e+00  4.6854e-01
 1.7675e+00  4.6765e-01
 1.7680e+00  4.6677e-01
 1.7685e+00  4.6589e-01
 1.7690e+00  4.6500e-01
 1.7695e+00  4.6412e-01
 1.7700e+00  4.6324e-01
 1.7705e+00  4.6237e-01
 1.7710e+00  4.6149e-01
 1.7715e+00  4.6061e-01
 1.7720e+00  4.5974e-01
 1.7725e+00  4.5886e-01
 1.7730e+00  4.5799e-01
 1.7735e+00  4.5712e-01
 1.7740e+00  4.5625e-01
 1.7745e+00  4.5537e-01
 1.7750e+00  4.5451e-01
 1.7755e+00  4.5364e-01
 1.7760e+00  4.5277e-01
 1.7765e+00  4.5191e-01
 1.7770e+00  4.5104e-01
 1.7775e+00  4.5018e-01
 1.7780e+00  4.4932e-01
 1.7785e+00  4.4846e-01
 1.7790e+00  4.4760e-01
 1.7795e+00  4.4674e-01
 1.7800e+00  4.4588e-01
 1.7805e+00  4.4503e-01
 1.7810e+00  4.4417e-01
 1.7815e+00  4.4332e-01
 1.7820e+00  4.4246e-01
 1.7825e+00  4.4161e-01
 1.7830e+00  4.4076e-01
 1.7835e+00  4.3992e-01
 1.7840e+00  4.3907e-01
 1.7845e+00  4.3822e-01
 1.7850e+00  4.3738e-01
 1.7855e+00  4.3653e-01
 1.7860e+00  4.3569e-01
 1.7865e+00  4.3485e-01
 1.7870e+00  4.3401e-01
 1.7875e+00  4.3317e-01
 1.7880e+00  4.3234e-01
 1.7885e+00  4.3150e-01
 1.7890e+00  4.3067e-01
 1.7895e+00  4.2983e-01
 1.7900e+00  4.2900e-01
 1.7905e+00  4.2817e-01
 1.7910e+00  4.2734e-01
 1.7915e+00  4.2652e-01
 1.7920e+00  4.2569e-01
 1.7925e+00  4.2487e-01
 1.7930e+00  4.2404e-01
 1.7935e+00  4.2322e-01
 1.7940e+00  4.2240e-01
 1.7945e+00  4.2158e-01
 1.7950e+00  4.2077e-01
 1.7955e+00  4.1995e-01
 1.7960e+00  4.1913e-01
 1.7965e+00  4.1832e-01
 1.7970e+00  4.1751e-01
 1.7975e+00  4.1670e-01
 1.7980e+00  4.1589e-01
 1.7985e+00  4.1509e-01
 1.7990e+00  4.1428e-01
 1.7995e+00  4.1348e-01
 1.8000e+00  4.1267e-01
 1.8005e+00  4.1187e-01
 1.8010e+00  4.1107e-01
 1.8015e+00  4.1028e-01
 1.8020e+00  4.0948e-01
 1.8025e+00  4.0869e-01
 1.8030e+00  4.0789e-01
 1.8035e+00  4.0710e-01
 1.8040e+00  4.0631e-01
 1.8045e+00  4.0552e-01
 1.8050e+00  4.0474e-01
 1.8055e+00  4.0395e-01
 1.8060e+00  4.0317e-01
 1.8065e+00  4.0239e-01
 1.8070e+00  4.0161e-01
 1.8075e+00  4.0083e-01
 1.8080e+00  4.0005e-01
 1.8085e+00  3.9928e-01
 1.8090e+00  3.9850e-01
 1.8095e+00  3.9773e-01
 1.8100e+00  3.9696e-01
 1.8105e+00  3.9619e-01
 1.8110e+00  3.9543e-01
 1.8115e+00  3.9466e-01
 1.8120e+00  3.9390e-01
 1.8125e+00  3.9314e-01
 1.8130e+00  3.9238e-01
 1.8135e+00  3.9162e-01
 1.8140e+00  3.9087e-01
 1.8145e+00  3.9011e-01
 1.8150e+00  3.8936e-01
 1.8155e+00  3.8861e-01
 1.8160e+00  3.8786e-01
 1.8165e+00  3.8711e-01
 1.8170e+00  3.8637e-01
 1.8175e+00  3.8562e-01
 1.8180e+00  3.8488e-01
 1.8185e+00  3.8414e-01
 1.8190e+00  3.8340e-01
 1.8195e+00  3.8267e-01
 1.8200e+00  3.8193e-01
 1.8205e+00  3.8120e-01
 1.8210e+00  3.8047e-01
 1.8215e+00  3.7974e-01
 1.8220e+00  3.7902e-01
 1.8225e+00  3.7829e-01
 1.8230e+00  3.7757e-01
 1.8235e+00  3.7685e-01
 1.8240e+00  3.7613e-01
 1.8245e+00  3.7541e-01
 1.8250e+00  3.7470e-01
 1.8255e+00  3.7398e-01
 1.8260e+00  3.7327e-01
 1.8265e+00  3.7256e-01
 1.8270e+00  3.7186e-01
 1.8275e+00  3.7115e-01
 1.8280e+00  3.7045e-01
 1.8285e+00  3.6975e-01
 1.8290e+00  3.6905e-01
 1.8295e+00  3.6835e-01
 1.8300e+00  3.6766e-01
 1.8305e+00  3.6696e-01
 1.8310e+00  3.6627e-01
 1.8315e+00  3.6558e-01
 1.8320e+00  3.6490e-01
 1.8325e+00  3.6421e-01
 1.8330e+00  3.6353e-01
 1.8335e+00  3.6285e-01
 1.8340e+00  3.6217e-01
 1.8345e+00  3.6149e-01
 1.8350e+00  3.6082e-01
 1.8355e+00  3.6015e-01
 1.8360e+00  3.5948e-01
 1.8365e+00  3.5881e-01
 1.8370e+00  3.5814e-01
 1.8375e+00  3.5748e-01
 1.8380e+00  3.5682e-01
 1.8385e+00  3.5616e-01
 1.8390e+00  3.5550e-01
 1.8395e+00  3.5485e-01
 1.8400e+00  3.5419e-01
 1.8405e+00  3.5354e-01
 1.8410e+00  3.5289e-01
 1.8415e+00  3.5225e-01
 1.8420e+00  3.5160e-01
 1.8425e+00  3.5096e-01
 1.8430e+00  3.5032e-01
 1.8435e+00  3.4969e-01
 1.8440e+00  3.4905e-01
 1.8445e+00  3.4842e-01
 1.8450e+00  3.4779e-01
 1.8455e+00  3.4716e-01
 1.8460e+00  3.4653e-01
 1.8465e+00  3.4591e-01
 1.8470e+00  3.4529e-01
 1.8475e+00  3.4467e-01
 1.8480e+00  3.4405e-01
 1.8485e+00  3.4344e-01
 1.8490e+00  3.4283e-01
 1.8495e+00  3.4222e-01
 1.8500e+00  3.4161e-01
 1.8505e+00  3.4101e-01
 1.8510e+00  3.4041e-01
 1.8515e+00  3.3981e-01
 1.8520e+00  3.3921e-01
 1.8525e+00  3.3861e-01
 1.8530e+00  3.3802e-01
 1.8535e+00  3.3743e-01
 1.8540e+00  3.3684e-01
 1.8545e+00  3.3626e-01
 1.8550e+00  3.3567e-01
 1.8555e+00  3.3509e-01
 1.8560e+00  3.3452e-01
 1.8565e+00  3.3394e-01
 1.8570e+00  3.3337e-01
 1.8575e+00  3.3280e-01
 1.8580e+00  3.3223e-01
 1.8585e+00  3.3166e-01
 1.8590e+00  3.3110e-01
 1.8595e+00  3.3054e-01
 1.8600e+00  3.2998e-01
 1.8605e+00  3.2943e-01
 1.8610e+00  3.2887e-01
 1.8615e+00  3.2832e-01
 1.8620e+00  3.2777e-01
 1.8625e+00  3.2723e-01
 1.8630e+00  3.2669e-01
 1.8635e+00  3.2615e-01
 1.8640e+00  3.2561e-01
 1.8645e+00  3.2507e-01
 1.8650e+00  3.2454e-01
 1.8655e+00  3.2401e-01
 1.8660e+00  3.2348e-01
 1.8665e+00  3.2296e-01
 1.8670e+00  3.2244e-01
 1.8675e+00  3.2192e-01
 1.8680e+00  3.2140e-01
 1.8685e+00  3.2089e-01
 1.8690e+00  3.2038e-01
 1.8695e+00  3.1987e-01
 1.8700e+00  3.1936e-01
 1.8705e+00  3.1886e-01
 1.8710e+00  3.1836e-01
 1.8715e+00  3.1786e-01
 1.8720e+00  3.1737e-01
 1.8725e+00  3.1688e-01
 1.8730e+00  3.1639e-01
 1.8735e+00  3.1590e-01
 1.8740e+00  3.1542e-01
 1.8745e+00  3.1494e-01
 1.8750e+00  3.1446e-01
 1.8755e+00  3.1398e-01
 1.8760e+00  3.1351e-01
 1.8765e+00  3.1304e-01
 1.8770e+00  3.1257e-01
 1.8775e+00  3.1211e-01
 1.8780e+00  3.1164e-01
 1.8785e+00  3.1119e-01
 1.8790e+00  3.1073e-01
 1.8795e+00  3.1028e-01
 1.8800e+00  3.0983e-01
 1.8805e+00  3.0938e-01
 1.8810e+00  3.0894e-01
 1.8815e+00  3.0850e-01
 1.8820e+00  3.0806e-01
 1.8825e+00  3.0762e-01
 1.8830e+00  3.0719e-01
 1.8835e+00  3.0676e-01
 1.8840e+00  3.0633e-01
 1.8845e+00  3.0591e-01
 1.8850e+00  3.0549e-01
 1.8855e+00  3.0507e-01
 1.8860e+00  3.0465e-01
 1.8865e+00  3.0424e-01
 1.8870e+00  3.0383e-01
 1.8875e+00  3.0343e-01
 1.8880e+00  3.0302e-01
 1.8885e+00  3.0262e-01
 1.8890e+00  3.0223e-01
 1.8895e+00  3.0183e-01
 1.8900e+00  3.0144e-01
 1.8905e+00  3.0105e-01
 1.8910e+00  3.0067e-01
 1.8915e+00  3.0029e-01
 1.8920e+00  2.9991e-01
 1.8925e+00  2.9953e-01
 1.8930e+00  2.9916e-01
 1.8935e+00  2.9879e-01
 1.8940e+00  2.9842e-01
 1.8945e+00  2.9806e-01
 1.8950e+00  2.9770e-01
 1.8955e+00  2.9734e-01
 1.8960e+00  2.9699e-01
 1.8965e+00  2.9663e-01
 1.8970e+00  2.9629e-01
 1.8975e+00  2.9594e-01
 1.8980e+00  2.9560e-01
 1.8985e+00  2.9526e-01
 1.8990e+00  2.9493e-01
 1.8995e+00  2.9460e-01
 1.9000e+00  2.9427e-01
 1.9005e+00  2.9394e-01
 1.9010e+00  2.9362e-01
 1.9015e+00  2.9330e-01
 1.9020e+00  2.9298e-01
 1.9025e+00  2.9267e-01
 1.9030e+00  2.9236e-01
 1.9035e+00  2.9206e-01
 1.9040e+00  2.9175e-01
 1.9045e+00  2.9145e-01
 1.9050e+00  2.9116e-01
 1.9055e+00  2.9086e-01
 1.9060e+00  2.9057e-01
 1.9065e+00  2.9029e-01
 1.9070e+00  2.9000e-01
 1.9075e+00  2.8972e-01
 1.9080e+00  2.8945e-01
 1.9085e+00  2.8917e-01
 1.9090e+00  2.8890e-01
 1.9095e+00  2.8864e-01
 1.9100e+00  2.8837e-01
 1.9105e+00  2.8812e-01
 1.9110e+00  2.8786e-01
 1.9115e+00  2.8760e-01
 1.9120e+00  2.8735e-01
 1.9125e+00  2.8711e-01
 1.9130e+00  2.8687e-01
 1.9135e+00  2.8663e-01
 1.9140e+00  2.8639e-01
 1.9145e+00  2.8616e-01
 1.9150e+00  2.8593e-01
 1.9155e+00  2.8570e-01
 1.9160e+00  2.8548e-01
 1.9165e+00  2.8526e-01
 1.9170e+00  2.8505e-01
 1.9175e+00  2.8484e-01
 1.9180e+00  2.8463e-01
 1.9185e+00  2.8442e-01
 1.9190e+00  2.8422e-01
 1.9195e+00  2.8402e-01
 1.9200e+00  2.8383e-01
 1.9205e+00  2.8364e-01
 1.9210e+00  2.8345e-01
 1.9215e+00  2.8327e-01
 1.9220e+00  2.8309e-01
 1.9225e+00  2.8291e-01
 1.9230e+00  2.8274e-01
 1.9235e+00  2.8257e-01
 1.9240e+00  2.8240e-01
 1.9245e+00  2.8224e-01
 1.9250e+00  2.8208e-01
 1.9255e+00  2.8193e-01
 1.9260e+00  2.8178e-01
 1.9265e+00  2.8163e-01
 1.9270e+00  2.8148e-01
 1.9275e+00  2.8134e-01
 1.9280e+00  2.8121e-01
 1.9285e+00  2.8107e-01
 1.9290e+00  2.8095e-01
 1.9295e+00  2.8082e-01
 1.9300e+00  2.8070e-01
 1.9305e+00  2.8058e-01
 1.9310e+00  2.8046e-01
 1.9315e+00  2.8035e-01
 1.9320e+00  2.8025e-01
 1.9325e+00  2.8014e-01
 1.9330e+00  2.8004e-01
 1.9335e+00  2.7995e-01
 1.9340e+00  2.7986e-01
 1.9345e+00  2.7977e-01
 1.9350e+00  2.7968e-01
 1.9355e+00  2.7960e-01
 1.9360e+00  2.7952e-01
 1.9365e+00  2.7945e-01
 1.9370e+00  2.7938e-01
 1.9375e+00  2.7932e-01
 1.9380e+00  2.7925e-01
 1.9385e+00  2.7920e-01
 1.9390e+00  2.7914e-01
 1.9395e+00  2.7909e-01
 1.9400e+00  2.7904e-01
 1.9405e+00  2.7900e-01
 1.9410e+00  2.7896e-01
 1.9415e+00  2.7893e-01
 1.9420e+00  2.7890e-01
 1.9425e+00  2.7887e-01
 1.9430e+00  2.7885e-01
 1.9435e+00  2.7883e-01
 1.9440e+00  2.7881e-01
 1.9445e+00  2.7880e-01
 1.9450e+00  2.7880e-01
 1.9455e+00  2.7879e-01
 1.9460e+00  2.7879e-01
 1.9465e+00  2.7880e-01
 1.9470e+00  2.7881e-01
 1.9475e+00  2.7882e-01
 1.9480e+00  2.7883e-01
 1.9485e+00  2.7885e-01
 1.9490e+00  2.7888e-01
 1.9495e+00  2.7891e-01
 1.9500e+00  2.7894e-01
 1.9505e+00  2.7898e-01
 1.9510e+00  2.7902e-01
 1.9515e+00  2.7906e-01
 1.9520e+00  2.7911e-01
 1.9525e+00  2.7916e-01
 1.9530e+00  2.7922e-01
 1.9535e+00  2.7928e-01
 1.9540e+00  2.7935e-01
 1.9545e+00  2.7941e-01
 1.9550e+00  2.7949e-01
 1.9555e+00  2.7957e-01
 1.9560e+00  2.7965e-01
 1.9565e+00  2.7973e-01
 1.9570e+00  2.7982e-01
 1.9575e+00  2.7992e-01
 1.9580e+00  2.8001e-01
 1.9585e+00  2.8012e-01
 1.9590e+00  2.8022e-01
 1.9595e+00  2.8033e-01
 1.9600e+00  2.8045e-01
 1.9605e+00  2.8057e-01
 1.9610e+00  2.8069e-01
 1.9615e+00  2.8082e-01
 1.9620e+00  2.8095e-01
 1.9625e+00  2.8108e-01
 1.9630e+00  2.8122e-01
 1.9635e+00  2.8137e-01
 1.9640e+00  2.8152e-01
 1.9645e+00  2.8167e-01
 1.9650e+00  2.8183e-01
 1.9655e+00  2.8199e-01
 1.9660e+00  2.8215e-01
 1.9665e+00  2.8232e-01
 1.9670e+00  2.8250e-01
 1.9675e+00  2.8268e-01
 1.9680e+00  2.8286e-01
 1.9685e+00  2.8305e-01
 1.9690e+00  2.8324e-01
 1.9695e+00  2.8343e-01
 1.9700e+00  2.8363e-01
 1.9705e+00  2.8384e-01
 1.9710e+00  2.8405e-01
 1.9715e+00  2.8426e-01
 1.9720e+00  2.8448e-01
 1.9725e+00  2.8470e-01
 1.9730e+00  2.8493e-01
 1.9735e+00  2.8516e-01
 1.9740e+00  2.8539e-01
 1.9745e+00  2.8563e-01
 1.9750e+00  2.8588e-01
 1.9755e+00  2.8613e-01
 1.9760e+00  2.8638e-01
 1.9765e+00  2.8664e-01
 1.9770e+00  2.8690e-01
 1.9775e+00  2.8717e-01
 1.9780e+00  2.8744e-01
 1.9785e+00  2.8771e-01
 1.9790e+00  2.8799e-01
 1.9795e+00  2.8828e-01
 1.9800e+00  2.8857e-01
 1.9805e+00  2.8886e-01
 1.9810e+00  2.8916e-01
 1.9815e+00  2.8946e-01
 1.9820e+00  2.8977e-01
 1.9825e+00  2.9008e-01
 1.9830e+00  2.9040e-01
 1.9835e+00  2.9072e-01
 1.9840e+00  2.9104e-01
 1.9845e+00  2.9137e-01
 1.9850e+00  2.9171e-01
 1.9855e+00  2.9205e-01
 1.9860e+00  2.9239e-01
 1.9865e+00  2.9274e-01
 1.9870e+00  2.9309e-01
 1.9875e+00  2.9345e-01
 1.9880e+00  2.9381e-01
 1.9885e+00  2.9418e-01
 1.9890e+00  2.9456e-01
 1.9895e+00  2.9493e-01
 1.9900e+00  2.9531e-01
 1.9905e+00  2.9570e-01
 1.9910e+00  2.9609e-01
 1.9915e+00  2.9648e-01
 1.9920e+00  2.9689e-01
 1.9925e+00  2.9729e-01
 1.9930e+00  2.9770e-01
 1.9935e+00  2.9811e-01
 1.9940e+00  2.9853e-01
 1.9945e+00  2.9896e-01
 1.9950e+00  2.9939e-01
 1.9955e+00  2.9982e-01
 1.9960e+00  3.0026e-01
 1.9965e+00  3.0070e-01
 1.9970e+00  3.0115e-01
 1.9975e+00  3.0160e-01
 1.9980e+00  3.0206e-01
 1.9985e+00  3.0252e-01
 1.9990e+00  3.0299e-01
 1.9995e+00  3.0346e-01
 2.0000e+00  3.0394e-01
