#     mass     R_mu^F
 8.0000e-01  0.0000e+00
 8.0050e-01 -4.0797e-06
 8.0100e-01 -8.4142e-06
 8.0150e-01 -1.2996e-05
 8.0200e-01 -1.7819e-05
 8.0250e-01 -2.2874e-05
 8.0300e-01 -2.8154e-05
 8.0350e-01 -3.3652e-05
 8.0400e-01 -3.9361e-05
 8.0450e-01 -4.5272e-05
 8.0500e-01 -5.1380e-05
 8.0550e-01 -5.7676e-05
 8.0600e-01 -6.4152e-05
 8.0650e-01 -7.0802e-05
 8.0700e-01 -7.7619e-05
 8.0750e-01 -8.4594e-05
 8.0800e-01 -9.1720e-05
 8.0850e-01 -9.8989e-05
 8.0900e-01 -1.0640e-04
 8.0950e-01 -1.1393e-04
 8.1000e-01 -1.2159e-04
 8.1050e-01 -1.2936e-04
 8.1100e-01 -1.3724e-04
 8.1150e-01 -1.4521e-04
 8.1200e-01 -1.5328e-04
 8.1250e-01 -1.6143e-04
 8.1300e-01 -1.6966e-04
 8.1350e-01 -1.7796e-04
 8.1400e-01 -1.8633e-04
 8.1450e-01 -1.9474e-04
 8.1500e-01 -2.0321e-04
 8.1550e-01 -2.1171e-04
 8.1600e-01 -2.2025e-04
 8.1650e-01 -2.2881e-04
 8.1700e-01 -2.3738e-04
 8.1750e-01 -2.4597e-04
 8.1800e-01 -2.5456e-04
 8.1850e-01 -2.6315e-04
 8.1900e-01 -2.7172e-04
 8.1950e-01 -2.8028e-04
 8.2000e-01 -2.8880e-04
 8.2050e-01 -2.9729e-04
 8.2100e-01 -3.0575e-04
 8.2150e-01 -3.1415e-04
 8.2200e-01 -3.2249e-04
 8.2250e-01 -3.3077e-04
 8.2300e-01 -3.3898e-04
 8.2350e-01 -3.4710e-04
 8.2400e-01 -3.5515e-04
 8.2450e-01 -3.6309e-04
 8.2500e-01 -3.7094e-04
 8.2550e-01 -3.7867e-04
 8.2600e-01 -3.8629e-04
 8.2650e-01 -3.9379e-04
 8.2700e-01 -4.0115e-04
 8.2750e-01 -4.0837e-04
 8.2800e-01 -4.1545e-04
 8.2850e-01 -4.2238e-04
 8.2900e-01 -4.2914e-04
 8.2950e-01 -4.3573e-04
 8.3000e-01 -4.4215e-04
 8.3050e-01 -4.4838e-04
 8.3100e-01 -4.5443e-04
 8.3150e-01 -4.6027e-04
 8.3200e-01 -4.6591e-04
 8.3250e-01 -4.7133e-04
 8.3300e-01 -4.7653e-04
 8.3350e-01 -4.8150e-04
 8.3400e-01 -4.8624e-04
 8.3450e-01 -4.9073e-04
 8.3500e-01 -4.9497e-04
 8.3550e-01 -4.9896e-04
 8.3600e-01 -5.0267e-04
 8.3650e-01 -5.0612e-04
 8.3700e-01 -5.0928e-04
 8.3750e-01 -5.1215e-04
 8.3800e-01 -5.1473e-04
 8.3850e-01 -5.1700e-04
 8.3900e-01 -5.1897e-04
 8.3950e-01 -5.2061e-04
 8.4000e-01 -5.2193e-04
 8.4050e-01 -5.2291e-04
 8.4100e-01 -5.2356e-04
 8.4150e-01 -5.2385e-04
 8.4200e-01 -5.2379e-04
 8.4250e-01 -5.2337e-04
 8.4300e-01 -5.2257e-04
 8.4350e-01 -5.2140e-04
 8.4400e-01 -5.1984e-04
 8.4450e-01 -5.1788e-04
 8.4500e-01 -5.1553e-04
 8.4550e-01 -5.1276e-04
 8.4600e-01 -5.0958e-04
 8.4650e-01 -5.0598e-04
 8.4700e-01 -5.0194e-04
 8.4750e-01 -4.9747e-04
 8.4800e-01 -4.9255e-04
 8.4850e-01 -4.8718e-04
 8.4900e-01 -4.8134e-04
 8.4950e-01 -4.7504e-04
 8.5000e-01 -4.6826e-04
 8.5050e-01 -4.6100e-04
 8.5100e-01 -4.5325e-04
 8.5150e-01 -4.4499e-04
 8.5200e-01 -4.3623e-04
 8.5250e-01 -4.2696e-04
 8.5300e-01 -4.1717e-04
 8.5350e-01 -4.0684e-04
 8.5400e-01 -3.9599e-04
 8.5450e-01 -3.8458e-04
 8.5500e-01 -3.7263e-04
 8.5550e-01 -3.6011e-04
 8.5600e-01 -3.4703e-04
 8.5650e-01 -3.3338e-04
 8.5700e-01 -3.1915e-04
 8.5750e-01 -3.0432e-04
 8.5800e-01 -2.8890e-04
 8.5850e-01 -2.7288e-04
 8.5900e-01 -2.5624e-04
 8.5950e-01 -2.3898e-04
 8.6000e-01 -2.2110e-04
 8.6050e-01 -2.0258e-04
 8.6100e-01 -1.8343e-04
 8.6150e-01 -1.6362e-04
 8.6200e-01 -1.4315e-04
 8.6250e-01 -1.2203e-04
 8.6300e-01 -1.0022e-04
 8.6350e-01 -7.7745e-05
 8.6400e-01 -5.4578e-05
 8.6450e-01 -3.0717e-05
 8.6500e-01 -6.1534e-06
 8.6550e-01  1.9120e-05
 8.6600e-01  4.5110e-05
 8.6650e-01  7.1825e-05
 8.6700e-01  9.9272e-05
 8.6750e-01  1.2746e-04
 8.6800e-01  1.5639e-04
 8.6850e-01  1.8608e-04
 8.6900e-01  2.1653e-04
 8.6950e-01  2.4775e-04
 8.7000e-01  2.7975e-04
 8.7050e-01  3.1254e-04
 8.7100e-01  3.4611e-04
 8.7150e-01  3.8049e-04
 8.7200e-01  4.1567e-04
 8.7250e-01  4.5167e-04
 8.7300e-01  4.8850e-04
 8.7350e-01  5.2615e-04
 8.7400e-01  5.6464e-04
 8.7450e-01  6.0398e-04
 8.7500e-01  6.4417e-04
 8.7550e-01  6.8522e-04
 8.7600e-01  7.2713e-04
 8.7650e-01  7.6993e-04
 8.7700e-01  8.1360e-04
 8.7750e-01  8.5817e-04
 8.7800e-01  9.0364e-04
 8.7850e-01  9.5001e-04
 8.7900e-01  9.9729e-04
 8.7950e-01  1.0455e-03
 8.8000e-01  1.0946e-03
 8.8050e-01  1.1447e-03
 8.8100e-01  1.1957e-03
 8.8150e-01  1.2477e-03
 8.8200e-01  1.3006e-03
 8.8250e-01  1.3545e-03
 8.8300e-01  1.4094e-03
 8.8350e-01  1.4652e-03
 8.8400e-01  1.5221e-03
 8.8450e-01  1.5799e-03
 8.8500e-01  1.6387e-03
 8.8550e-01  1.6986e-03
 8.8600e-01  1.7595e-03
 8.8650e-01  1.8213e-03
 8.8700e-01  1.8843e-03
 8.8750e-01  1.9483e-03
 8.8800e-01  2.0133e-03
 8.8850e-01  2.0794e-03
 8.8900e-01  2.1465e-03
 8.8950e-01  2.2147e-03
 8.9000e-01  2.2840e-03
 8.9050e-01  2.3544e-03
 8.9100e-01  2.4259e-03
 8.9150e-01  2.4985e-03
 8.9200e-01  2.5722e-03
 8.9250e-01  2.6470e-03
 8.9300e-01  2.7229e-03
 8.9350e-01  2.8000e-03
 8.9400e-01  2.8782e-03
 8.9450e-01  2.9576e-03
 8.9500e-01  3.0381e-03
 8.9550e-01  3.1197e-03
 8.9600e-01  3.2026e-03
 8.9650e-01  3.2866e-03
 8.9700e-01  3.3718e-03
 8.9750e-01  3.4582e-03
 8.9800e-01  3.5459e-03
 8.9850e-01  3.6347e-03
 8.9900e-01  3.7247e-03
 8.9950e-01  3.8160e-03
 9.0000e-01  3.9085e-03
 9.0050e-01  4.0022e-03
 9.0100e-01  4.0972e-03
 9.0150e-01  4.1934e-03
 9.0200e-01  4.2909e-03
 9.0250e-01  4.3897e-03
 9.0300e-01  4.4897e-03
 9.0350e-01  4.5910e-03
 9.0400e-01  4.6936e-03
 9.0450e-01  4.7976e-03
 9.0500e-01  4.9028e-03
 9.0550e-01  5.0093e-03
 9.0600e-01  5.1172e-03
 9.0650e-01  5.2264e-03
 9.0700e-01  5.3369e-03
 9.0750e-01  5.4488e-03
 9.0800e-01  5.5620e-03
 9.0850e-01  5.6766e-03
 9.0900e-01  5.7926e-03
 9.0950e-01  5.9099e-03
 9.1000e-01  6.0287e-03
 9.1050e-01  6.1488e-03
 9.1100e-01  6.2703e-03
 9.1150e-01  6.3932e-03
 9.1200e-01  6.5175e-03
 9.1250e-01  6.6433e-03
 9.1300e-01  6.7705e-03
 9.1350e-01  6.8991e-03
 9.1400e-01  7.0292e-03
 9.1450e-01  7.1607e-03
 9.1500e-01  7.2937e-03
 9.1550e-01  7.4281e-03
 9.1600e-01  7.5640e-03
 9.1650e-01  7.7014e-03
 9.1700e-01  7.8403e-03
 9.1750e-01  7.9807e-03
 9.1800e-01  8.1226e-03
 9.1850e-01  8.2660e-03
 9.1900e-01  8.4109e-03
 9.1950e-01  8.5574e-03
 9.2000e-01  8.7054e-03
 9.2050e-01  8.8549e-03
 9.2100e-01  9.0060e-03
 9.2150e-01  9.1587e-03
 9.2200e-01  9.3129e-03
 9.2250e-01  9.4687e-03
 9.2300e-01  9.6260e-03
 9.2350e-01  9.7850e-03
 9.2400e-01  9.9455e-03
 9.2450e-01  1.0108e-02
 9.2500e-01  1.0271e-02
 9.2550e-01  1.0437e-02
 9.2600e-01  1.0604e-02
 9.2650e-01  1.0773e-02
 9.2700e-01  1.0943e-02
 9.2750e-01  1.1115e-02
 9.2800e-01  1.1288e-02
 9.2850e-01  1.1464e-02
 9.2900e-01  1.1641e-02
 9.2950e-01  1.1819e-02
 9.3000e-01  1.1999e-02
 9.3050e-01  1.2181e-02
 9.3100e-01  1.2365e-02
 9.3150e-01  1.2551e-02
 9.3200e-01  1.2738e-02
 9.3250e-01  1.2927e-02
 9.3300e-01  1.3117e-02
 9.3350e-01  1.3310e-02
 9.3400e-01  1.3504e-02
 9.3450e-01  1.3700e-02
 9.3500e-01  1.3897e-02
 9.3550e-01  1.4096e-02
 9.3600e-01  1.4298e-02
 9.3650e-01  1.4501e-02
 9.3700e-01  1.4705e-02
 9.3750e-01  1.4912e-02
 9.3800e-01  1.5120e-02
 9.3850e-01  1.5331e-02
 9.3900e-01  1.5543e-02
 9.3950e-01  1.5756e-02
 9.4000e-01  1.5972e-02
 9.4050e-01  1.6189e-02
 9.4100e-01  1.6409e-02
 9.4150e-01  1.6630e-02
 9.4200e-01  1.6853e-02
 9.4250e-01  1.7078e-02
 9.4300e-01  1.7305e-02
 9.4350e-01  1.7534e-02
 9.4400e-01  1.7765e-02
 9.4450e-01  1.7997e-02
 9.4500e-01  1.8232e-02
 9.4550e-01  1.8468e-02
 9.4600e-01  1.8707e-02
 9.4650e-01  1.8947e-02
 9.4700e-01  1.9189e-02
 9.4750e-01  1.9433e-02
 9.4800e-01  1.9679e-02
 9.4850e-01  1.9928e-02
 9.4900e-01  2.0178e-02
 9.4950e-01  2.0430e-02
 9.5000e-01  2.0684e-02
 9.5050e-01  2.0940e-02
 9.5100e-01  2.1198e-02
 9.5150e-01  2.1458e-02
 9.5200e-01  2.1720e-02
 9.5250e-01  2.1985e-02
 9.5300e-01  2.2251e-02
 9.5350e-01  2.2519e-02
 9.5400e-01  2.2789e-02
 9.5450e-01  2.3062e-02
 9.5500e-01  2.3336e-02
 9.5550e-01  2.3613e-02
 9.5600e-01  2.3891e-02
 9.5650e-01  2.4172e-02
 9.5700e-01  2.4455e-02
 9.5750e-01  2.4740e-02
 9.5800e-01  2.5027e-02
 9.5850e-01  2.5316e-02
 9.5900e-01  2.5607e-02
 9.5950e-01  2.5901e-02
 9.6000e-01  2.6196e-02
 9.6050e-01  2.6494e-02
 9.6100e-01  2.6794e-02
 9.6150e-01  2.7096e-02
 9.6200e-01  2.7400e-02
 9.6250e-01  2.7706e-02
 9.6300e-01  2.8015e-02
 9.6350e-01  2.8326e-02
 9.6400e-01  2.8639e-02
 9.6450e-01  2.8954e-02
 9.6500e-01  2.9272e-02
 9.6550e-01  2.9591e-02
 9.6600e-01  2.9913e-02
 9.6650e-01  3.0237e-02
 9.6700e-01  3.0564e-02
 9.6750e-01  3.0892e-02
 9.6800e-01  3.1224e-02
 9.6850e-01  3.1557e-02
 9.6900e-01  3.1892e-02
 9.6950e-01  3.2230e-02
 9.7000e-01  3.2570e-02
 9.7050e-01  3.2912e-02
 9.7100e-01  3.3257e-02
 9.7150e-01  3.3604e-02
 9.7200e-01  3.3954e-02
 9.7250e-01  3.4305e-02
 9.7300e-01  3.4660e-02
 9.7350e-01  3.5016e-02
 9.7400e-01  3.5375e-02
 9.7450e-01  3.5736e-02
 9.7500e-01  3.6099e-02
 9.7550e-01  3.6465e-02
 9.7600e-01  3.6833e-02
 9.7650e-01  3.7204e-02
 9.7700e-01  3.7577e-02
 9.7750e-01  3.7953e-02
 9.7800e-01  3.8331e-02
 9.7850e-01  3.8711e-02
 9.7900e-01  3.9094e-02
 9.7950e-01  3.9479e-02
 9.8000e-01  3.9867e-02
 9.8050e-01  4.0257e-02
 9.8100e-01  4.0650e-02
 9.8150e-01  4.1045e-02
 9.8200e-01  4.1442e-02
 9.8250e-01  4.1842e-02
 9.8300e-01  4.2245e-02
 9.8350e-01  4.2650e-02
 9.8400e-01  4.3058e-02
 9.8450e-01  4.3468e-02
 9.8500e-01  4.3880e-02
 9.8550e-01  4.4296e-02
 9.8600e-01  4.4713e-02
 9.8650e-01  4.5134e-02
 9.8700e-01  4.5556e-02
 9.8750e-01  4.5982e-02
 9.8800e-01  4.6410e-02
 9.8850e-01  4.6840e-02
 9.8900e-01  4.7274e-02
 9.8950e-01  4.7709e-02
 9.9000e-01  4.8148e-02
 9.9050e-01  4.8589e-02
 9.9100e-01  4.9032e-02
 9.9150e-01  4.9479e-02
 9.9200e-01  4.9927e-02
 9.9250e-01  5.0379e-02
 9.9300e-01  5.0833e-02
 9.9350e-01  5.1290e-02
 9.9400e-01  5.1749e-02
 9.9450e-01  5.2211e-02
 9.9500e-01  5.2676e-02
 9.9550e-01  5.3144e-02
 9.9600e-01  5.3614e-02
 9.9650e-01  5.4087e-02
 9.9700e-01  5.4563e-02
 9.9750e-01  5.5041e-02
 9.9800e-01  5.5522e-02
 9.9850e-01  5.6006e-02
 9.9900e-01  5.6493e-02
 9.9950e-01  5.6982e-02
 1.0000e+00  5.7474e-02
 1.0005e+00  5.7969e-02
 1.0010e+00  5.8466e-02
 1.0015e+00  5.8967e-02
 1.0020e+00  5.9470e-02
 1.0025e+00  5.9975e-02
 1.0030e+00  6.0484e-02
 1.0035e+00  6.0995e-02
 1.0040e+00  6.1508e-02
 1.0045e+00  6.2024e-02
 1.0050e+00  6.2543e-02
 1.0055e+00  6.3064e-02
 1.0060e+00  6.3588e-02
 1.0065e+00  6.4115e-02
 1.0070e+00  6.4643e-02
 1.0075e+00  6.5175e-02
 1.0080e+00  6.5708e-02
 1.0085e+00  6.6244e-02
 1.0090e+00  6.6783e-02
 1.0095e+00  6.7324e-02
 1.0100e+00  6.7867e-02
 1.0105e+00  6.8412e-02
 1.0110e+00  6.8960e-02
 1.0115e+00  6.9510e-02
 1.0120e+00  7.0062e-02
 1.0125e+00  7.0617e-02
 1.0130e+00  7.1174e-02
 1.0135e+00  7.1733e-02
 1.0140e+00  7.2294e-02
 1.0145e+00  7.2857e-02
 1.0150e+00  7.3422e-02
 1.0155e+00  7.3989e-02
 1.0160e+00  7.4559e-02
 1.0165e+00  7.5131e-02
 1.0170e+00  7.5704e-02
 1.0175e+00  7.6280e-02
 1.0180e+00  7.6857e-02
 1.0185e+00  7.7437e-02
 1.0190e+00  7.8018e-02
 1.0195e+00  7.8602e-02
 1.0200e+00  7.9187e-02
 1.0205e+00  7.9774e-02
 1.0210e+00  8.0363e-02
 1.0215e+00  8.0954e-02
 1.0220e+00  8.1546e-02
 1.0225e+00  8.2141e-02
 1.0230e+00  8.2737e-02
 1.0235e+00  8.3335e-02
 1.0240e+00  8.3934e-02
 1.0245e+00  8.4536e-02
 1.0250e+00  8.5139e-02
 1.0255e+00  8.5743e-02
 1.0260e+00  8.6349e-02
 1.0265e+00  8.6957e-02
 1.0270e+00  8.7567e-02
 1.0275e+00  8.8178e-02
 1.0280e+00  8.8790e-02
 1.0285e+00  8.9404e-02
 1.0290e+00  9.0020e-02
 1.0295e+00  9.0636e-02
 1.0300e+00  9.1255e-02
 1.0305e+00  9.1874e-02
 1.0310e+00  9.2496e-02
 1.0315e+00  9.3118e-02
 1.0320e+00  9.3742e-02
 1.0325e+00  9.4368e-02
 1.0330e+00  9.4994e-02
 1.0335e+00  9.5622e-02
 1.0340e+00  9.6251e-02
 1.0345e+00  9.6881e-02
 1.0350e+00  9.7513e-02
 1.0355e+00  9.8145e-02
 1.0360e+00  9.8780e-02
 1.0365e+00  9.9415e-02
 1.0370e+00  1.0005e-01
 1.0375e+00  1.0069e-01
 1.0380e+00  1.0133e-01
 1.0385e+00  1.0197e-01
 1.0390e+00  1.0261e-01
 1.0395e+00  1.0325e-01
 1.0400e+00  1.0389e-01
 1.0405e+00  1.0453e-01
 1.0410e+00  1.0518e-01
 1.0415e+00  1.0582e-01
 1.0420e+00  1.0647e-01
 1.0425e+00  1.0712e-01
 1.0430e+00  1.0776e-01
 1.0435e+00  1.0841e-01
 1.0440e+00  1.0906e-01
 1.0445e+00  1.0971e-01
 1.0450e+00  1.1036e-01
 1.0455e+00  1.1102e-01
 1.0460e+00  1.1167e-01
 1.0465e+00  1.1232e-01
 1.0470e+00  1.1298e-01
 1.0475e+00  1.1363e-01
 1.0480e+00  1.1429e-01
 1.0485e+00  1.1494e-01
 1.0490e+00  1.1560e-01
 1.0495e+00  1.1625e-01
 1.0500e+00  1.1691e-01
 1.0505e+00  1.1757e-01
 1.0510e+00  1.1823e-01
 1.0515e+00  1.1889e-01
 1.0520e+00  1.1955e-01
 1.0525e+00  1.2021e-01
 1.0530e+00  1.2087e-01
 1.0535e+00  1.2153e-01
 1.0540e+00  1.2219e-01
 1.0545e+00  1.2285e-01
 1.0550e+00  1.2351e-01
 1.0555e+00  1.2417e-01
 1.0560e+00  1.2484e-01
 1.0565e+00  1.2550e-01
 1.0570e+00  1.2616e-01
 1.0575e+00  1.2682e-01
 1.0580e+00  1.2749e-01
 1.0585e+00  1.2815e-01
 1.0590e+00  1.2882e-01
 1.0595e+00  1.2948e-01
 1.0600e+00  1.3014e-01
 1.0605e+00  1.3081e-01
 1.0610e+00  1.3147e-01
 1.0615e+00  1.3213e-01
 1.0620e+00  1.3280e-01
 1.0625e+00  1.3346e-01
 1.0630e+00  1.3412e-01
 1.0635e+00  1.3479e-01
 1.0640e+00  1.3545e-01
 1.0645e+00  1.3611e-01
 1.0650e+00  1.3678e-01
 1.0655e+00  1.3744e-01
 1.0660e+00  1.3810e-01
 1.0665e+00  1.3877e-01
 1.0670e+00  1.3943e-01
 1.0675e+00  1.4009e-01
 1.0680e+00  1.4075e-01
 1.0685e+00  1.4141e-01
 1.0690e+00  1.4208e-01
 1.0695e+00  1.4274e-01
 1.0700e+00  1.4340e-01
 1.0705e+00  1.4406e-01
 1.0710e+00  1.4472e-01
 1.0715e+00  1.4538e-01
 1.0720e+00  1.4603e-01
 1.0725e+00  1.4669e-01
 1.0730e+00  1.4735e-01
 1.0735e+00  1.4801e-01
 1.0740e+00  1.4866e-01
 1.0745e+00  1.4932e-01
 1.0750e+00  1.4998e-01
 1.0755e+00  1.5063e-01
 1.0760e+00  1.5129e-01
 1.0765e+00  1.5194e-01
 1.0770e+00  1.5259e-01
 1.0775e+00  1.5325e-01
 1.0780e+00  1.5390e-01
 1.0785e+00  1.5455e-01
 1.0790e+00  1.5520e-01
 1.0795e+00  1.5585e-01
 1.0800e+00  1.5650e-01
 1.0805e+00  1.5714e-01
 1.0810e+00  1.5779e-01
 1.0815e+00  1.5844e-01
 1.0820e+00  1.5908e-01
 1.0825e+00  1.5973e-01
 1.0830e+00  1.6037e-01
 1.0835e+00  1.6101e-01
 1.0840e+00  1.6165e-01
 1.0845e+00  1.6229e-01
 1.0850e+00  1.6293e-01
 1.0855e+00  1.6357e-01
 1.0860e+00  1.6420e-01
 1.0865e+00  1.6484e-01
 1.0870e+00  1.6548e-01
 1.0875e+00  1.6611e-01
 1.0880e+00  1.6674e-01
 1.0885e+00  1.6737e-01
 1.0890e+00  1.6800e-01
 1.0895e+00  1.6863e-01
 1.0900e+00  1.6926e-01
 1.0905e+00  1.6988e-01
 1.0910e+00  1.7051e-01
 1.0915e+00  1.7113e-01
 1.0920e+00  1.7175e-01
 1.0925e+00  1.7238e-01
 1.0930e+00  1.7299e-01
 1.0935e+00  1.7361e-01
 1.0940e+00  1.7423e-01
 1.0945e+00  1.7484e-01
 1.0950e+00  1.7546e-01
 1.0955e+00  1.7607e-01
 1.0960e+00  1.7668e-01
 1.0965e+00  1.7729e-01
 1.0970e+00  1.7789e-01
 1.0975e+00  1.7850e-01
 1.0980e+00  1.7910e-01
 1.0985e+00  1.7971e-01
 1.0990e+00  1.8031e-01
 1.0995e+00  1.8090e-01
 1.1000e+00  1.8150e-01
 1.1005e+00  1.8210e-01
 1.1010e+00  1.8269e-01
 1.1015e+00  1.8328e-01
 1.1020e+00  1.8387e-01
 1.1025e+00  1.8446e-01
 1.1030e+00  1.8505e-01
 1.1035e+00  1.8563e-01
 1.1040e+00  1.8622e-01
 1.1045e+00  1.8680e-01
 1.1050e+00  1.8738e-01
 1.1055e+00  1.8796e-01
 1.1060e+00  1.8854e-01
 1.1065e+00  1.8911e-01
 1.1070e+00  1.8969e-01
 1.1075e+00  1.9026e-01
 1.1080e+00  1.9083e-01
 1.1085e+00  1.9140e-01
 1.1090e+00  1.9197e-01
 1.1095e+00  1.9254e-01
 1.1100e+00  1.9310e-01
 1.1105e+00  1.9367e-01
 1.1110e+00  1.9423e-01
 1.1115e+00  1.9479e-01
 1.1120e+00  1.9536e-01
 1.1125e+00  1.9592e-01
 1.1130e+00  1.9648e-01
 1.1135e+00  1.9703e-01
 1.1140e+00  1.9759e-01
 1.1145e+00  1.9814e-01
 1.1150e+00  1.9870e-01
 1.1155e+00  1.9925e-01
 1.1160e+00  1.9980e-01
 1.1165e+00  2.0035e-01
 1.1170e+00  2.0090e-01
 1.1175e+00  2.0145e-01
 1.1180e+00  2.0200e-01
 1.1185e+00  2.0255e-01
 1.1190e+00  2.0309e-01
 1.1195e+00  2.0364e-01
 1.1200e+00  2.0418e-01
 1.1205e+00  2.0473e-01
 1.1210e+00  2.0527e-01
 1.1215e+00  2.0581e-01
 1.1220e+00  2.0635e-01
 1.1225e+00  2.0689e-01
 1.1230e+00  2.0743e-01
 1.1235e+00  2.0797e-01
 1.1240e+00  2.0851e-01
 1.1245e+00  2.0904e-01
 1.1250e+00  2.0958e-01
 1.1255e+00  2.1012e-01
 1.1260e+00  2.1065e-01
 1.1265e+00  2.1119e-01
 1.1270e+00  2.1172e-01
 1.1275e+00  2.1225e-01
 1.1280e+00  2.1279e-01
 1.1285e+00  2.1332e-01
 1.1290e+00  2.1385e-01
 1.1295e+00  2.1438e-01
 1.1300e+00  2.1492e-01
 1.1305e+00  2.1545e-01
 1.1310e+00  2.1598e-01
 1.1315e+00  2.1651e-01
 1.1320e+00  2.1704e-01
 1.1325e+00  2.1757e-01
 1.1330e+00  2.1809e-01
 1.1335e+00  2.1862e-01
 1.1340e+00  2.1915e-01
 1.1345e+00  2.1968e-01
 1.1350e+00  2.2021e-01
 1.1355e+00  2.2073e-01
 1.1360e+00  2.2126e-01
 1.1365e+00  2.2179e-01
 1.1370e+00  2.2232e-01
 1.1375e+00  2.2284e-01
 1.1380e+00  2.2337e-01
 1.1385e+00  2.2390e-01
 1.1390e+00  2.2442e-01
 1.1395e+00  2.2495e-01
 1.1400e+00  2.2548e-01
 1.1405e+00  2.2601e-01
 1.1410e+00  2.2653e-01
 1.1415e+00  2.2706e-01
 1.1420e+00  2.2759e-01
 1.1425e+00  2.2811e-01
 1.1430e+00  2.2864e-01
 1.1435e+00  2.2917e-01
 1.1440e+00  2.2970e-01
 1.1445e+00  2.3022e-01
 1.1450e+00  2.3075e-01
 1.1455e+00  2.3128e-01
 1.1460e+00  2.3181e-01
 1.1465e+00  2.3234e-01
 1.1470e+00  2.3287e-01
 1.1475e+00  2.3340e-01
 1.1480e+00  2.3393e-01
 1.1485e+00  2.3446e-01
 1.1490e+00  2.3499e-01
 1.1495e+00  2.3552e-01
 1.1500e+00  2.3605e-01
 1.1505e+00  2.3658e-01
 1.1510e+00  2.3711e-01
 1.1515e+00  2.3765e-01
 1.1520e+00  2.3818e-01
 1.1525e+00  2.3872e-01
 1.1530e+00  2.3925e-01
 1.1535e+00  2.3978e-01
 1.1540e+00  2.4032e-01
 1.1545e+00  2.4086e-01
 1.1550e+00  2.4139e-01
 1.1555e+00  2.4193e-01
 1.1560e+00  2.4247e-01
 1.1565e+00  2.4301e-01
 1.1570e+00  2.4355e-01
 1.1575e+00  2.4409e-01
 1.1580e+00  2.4463e-01
 1.1585e+00  2.4518e-01
 1.1590e+00  2.4572e-01
 1.1595e+00  2.4626e-01
 1.1600e+00  2.4681e-01
 1.1605e+00  2.4735e-01
 1.1610e+00  2.4790e-01
 1.1615e+00  2.4845e-01
 1.1620e+00  2.4900e-01
 1.1625e+00  2.4955e-01
 1.1630e+00  2.5010e-01
 1.1635e+00  2.5065e-01
 1.1640e+00  2.5120e-01
 1.1645e+00  2.5176e-01
 1.1650e+00  2.5231e-01
 1.1655e+00  2.5287e-01
 1.1660e+00  2.5343e-01
 1.1665e+00  2.5399e-01
 1.1670e+00  2.5455e-01
 1.1675e+00  2.5511e-01
 1.1680e+00  2.5567e-01
 1.1685e+00  2.5623e-01
 1.1690e+00  2.5680e-01
 1.1695e+00  2.5736e-01
 1.1700e+00  2.5793e-01
 1.1705e+00  2.5850e-01
 1.1710e+00  2.5907e-01
 1.1715e+00  2.5964e-01
 1.1720e+00  2.6021e-01
 1.1725e+00  2.6079e-01
 1.1730e+00  2.6137e-01
 1.1735e+00  2.6194e-01
 1.1740e+00  2.6252e-01
 1.1745e+00  2.6310e-01
 1.1750e+00  2.6369e-01
 1.1755e+00  2.6427e-01
 1.1760e+00  2.6485e-01
 1.1765e+00  2.6544e-01
 1.1770e+00  2.6603e-01
 1.1775e+00  2.6662e-01
 1.1780e+00  2.6721e-01
 1.1785e+00  2.6781e-01
 1.1790e+00  2.6840e-01
 1.1795e+00  2.6900e-01
 1.1800e+00  2.6960e-01
 1.1805e+00  2.7020e-01
 1.1810e+00  2.7080e-01
 1.1815e+00  2.7141e-01
 1.1820e+00  2.7201e-01
 1.1825e+00  2.7262e-01
 1.1830e+00  2.7323e-01
 1.1835e+00  2.7384e-01
 1.1840e+00  2.7446e-01
 1.1845e+00  2.7507e-01
 1.1850e+00  2.7569e-01
 1.1855e+00  2.7631e-01
 1.1860e+00  2.7693e-01
 1.1865e+00  2.7755e-01
 1.1870e+00  2.7818e-01
 1.1875e+00  2.7881e-01
 1.1880e+00  2.7944e-01
 1.1885e+00  2.8007e-01
 1.1890e+00  2.8071e-01
 1.1895e+00  2.8135e-01
 1.1900e+00  2.8198e-01
 1.1905e+00  2.8263e-01
 1.1910e+00  2.8327e-01
 1.1915e+00  2.8392e-01
 1.1920e+00  2.8456e-01
 1.1925e+00  2.8522e-01
 1.1930e+00  2.8587e-01
 1.1935e+00  2.8652e-01
 1.1940e+00  2.8718e-01
 1.1945e+00  2.8784e-01
 1.1950e+00  2.8850e-01
 1.1955e+00  2.8917e-01
 1.1960e+00  2.8984e-01
 1.1965e+00  2.9051e-01
 1.1970e+00  2.9118e-01
 1.1975e+00  2.9186e-01
 1.1980e+00  2.9253e-01
 1.1985e+00  2.9321e-01
 1.1990e+00  2.9390e-01
 1.1995e+00  2.9458e-01
 1.2000e+00  2.9527e-01
 1.2005e+00  2.9596e-01
 1.2010e+00  2.9666e-01
 1.2015e+00  2.9735e-01
 1.2020e+00  2.9805e-01
 1.2025e+00  2.9876e-01
 1.2030e+00  2.9946e-01
 1.2035e+00  3.0017e-01
 1.2040e+00  3.0088e-01
 1.2045e+00  3.0159e-01
 1.2050e+00  3.0230e-01
 1.2055e+00  3.0302e-01
 1.2060e+00  3.0374e-01
 1.2065e+00  3.0446e-01
 1.2070e+00  3.0519e-01
 1.2075e+00  3.0592e-01
 1.2080e+00  3.0665e-01
 1.2085e+00  3.0738e-01
 1.2090e+00  3.0811e-01
 1.2095e+00  3.0885e-01
 1.2100e+00  3.0959e-01
 1.2105e+00  3.1033e-01
 1.2110e+00  3.1108e-01
 1.2115e+00  3.1183e-01
 1.2120e+00  3.1257e-01
 1.2125e+00  3.1333e-01
 1.2130e+00  3.1408e-01
 1.2135e+00  3.1484e-01
 1.2140e+00  3.1560e-01
 1.2145e+00  3.1636e-01
 1.2150e+00  3.1712e-01
 1.2155e+00  3.1789e-01
 1.2160e+00  3.1866e-01
 1.2165e+00  3.1943e-01
 1.2170e+00  3.2020e-01
 1.2175e+00  3.2097e-01
 1.2180e+00  3.2175e-01
 1.2185e+00  3.2253e-01
 1.2190e+00  3.2331e-01
 1.2195e+00  3.2409e-01
 1.2200e+00  3.2488e-01
 1.2205e+00  3.2567e-01
 1.2210e+00  3.2646e-01
 1.2215e+00  3.2725e-01
 1.2220e+00  3.2804e-01
 1.2225e+00  3.2884e-01
 1.2230e+00  3.2964e-01
 1.2235e+00  3.3044e-01
 1.2240e+00  3.3124e-01
 1.2245e+00  3.3205e-01
 1.2250e+00  3.3285e-01
 1.2255e+00  3.3366e-01
 1.2260e+00  3.3447e-01
 1.2265e+00  3.3529e-01
 1.2270e+00  3.3610e-01
 1.2275e+00  3.3692e-01
 1.2280e+00  3.3774e-01
 1.2285e+00  3.3856e-01
 1.2290e+00  3.3938e-01
 1.2295e+00  3.4020e-01
 1.2300e+00  3.4103e-01
 1.2305e+00  3.4186e-01
 1.2310e+00  3.4269e-01
 1.2315e+00  3.4352e-01
 1.2320e+00  3.4435e-01
 1.2325e+00  3.4519e-01
 1.2330e+00  3.4603e-01
 1.2335e+00  3.4686e-01
 1.2340e+00  3.4771e-01
 1.2345e+00  3.4855e-01
 1.2350e+00  3.4939e-01
 1.2355e+00  3.5024e-01
 1.2360e+00  3.5109e-01
 1.2365e+00  3.5194e-01
 1.2370e+00  3.5279e-01
 1.2375e+00  3.5364e-01
 1.2380e+00  3.5450e-01
 1.2385e+00  3.5535e-01
 1.2390e+00  3.5621e-01
 1.2395e+00  3.5707e-01
 1.2400e+00  3.5793e-01
 1.2405e+00  3.5879e-01
 1.2410e+00  3.5966e-01
 1.2415e+00  3.6052e-01
 1.2420e+00  3.6139e-01
 1.2425e+00  3.6226e-01
 1.2430e+00  3.6313e-01
 1.2435e+00  3.6400e-01
 1.2440e+00  3.6488e-01
 1.2445e+00  3.6575e-01
 1.2450e+00  3.6663e-01
 1.2455e+00  3.6751e-01
 1.2460e+00  3.6839e-01
 1.2465e+00  3.6927e-01
 1.2470e+00  3.7015e-01
 1.2475e+00  3.7103e-01
 1.2480e+00  3.7192e-01
 1.2485e+00  3.7281e-01
 1.2490e+00  3.7369e-01
 1.2495e+00  3.7458e-01
 1.2500e+00  3.7547e-01
 1.2505e+00  3.7637e-01
 1.2510e+00  3.7726e-01
 1.2515e+00  3.7815e-01
 1.2520e+00  3.7905e-01
 1.2525e+00  3.7995e-01
 1.2530e+00  3.8085e-01
 1.2535e+00  3.8175e-01
 1.2540e+00  3.8265e-01
 1.2545e+00  3.8355e-01
 1.2550e+00  3.8445e-01
 1.2555e+00  3.8536e-01
 1.2560e+00  3.8626e-01
 1.2565e+00  3.8717e-01
 1.2570e+00  3.8808e-01
 1.2575e+00  3.8899e-01
 1.2580e+00  3.8990e-01
 1.2585e+00  3.9081e-01
 1.2590e+00  3.9172e-01
 1.2595e+00  3.9264e-01
 1.2600e+00  3.9355e-01
 1.2605e+00  3.9447e-01
 1.2610e+00  3.9538e-01
 1.2615e+00  3.9630e-01
 1.2620e+00  3.9722e-01
 1.2625e+00  3.9814e-01
 1.2630e+00  3.9906e-01
 1.2635e+00  3.9998e-01
 1.2640e+00  4.0091e-01
 1.2645e+00  4.0183e-01
 1.2650e+00  4.0275e-01
 1.2655e+00  4.0368e-01
 1.2660e+00  4.0461e-01
 1.2665e+00  4.0553e-01
 1.2670e+00  4.0646e-01
 1.2675e+00  4.0739e-01
 1.2680e+00  4.0832e-01
 1.2685e+00  4.0925e-01
 1.2690e+00  4.1018e-01
 1.2695e+00  4.1112e-01
 1.2700e+00  4.1205e-01
 1.2705e+00  4.1298e-01
 1.2710e+00  4.1392e-01
 1.2715e+00  4.1485e-01
 1.2720e+00  4.1579e-01
 1.2725e+00  4.1673e-01
 1.2730e+00  4.1767e-01
 1.2735e+00  4.1860e-01
 1.2740e+00  4.1954e-01
 1.2745e+00  4.2048e-01
 1.2750e+00  4.2142e-01
 1.2755e+00  4.2236e-01
 1.2760e+00  4.2331e-01
 1.2765e+00  4.2425e-01
 1.2770e+00  4.2519e-01
 1.2775e+00  4.2613e-01
 1.2780e+00  4.2708e-01
 1.2785e+00  4.2802e-01
 1.2790e+00  4.2897e-01
 1.2795e+00  4.2991e-01
 1.2800e+00  4.3086e-01
 1.2805e+00  4.3181e-01
 1.2810e+00  4.3276e-01
 1.2815e+00  4.3370e-01
 1.2820e+00  4.3465e-01
 1.2825e+00  4.3560e-01
 1.2830e+00  4.3655e-01
 1.2835e+00  4.3750e-01
 1.2840e+00  4.3845e-01
 1.2845e+00  4.3940e-01
 1.2850e+00  4.4035e-01
 1.2855e+00  4.4130e-01
 1.2860e+00  4.4225e-01
 1.2865e+00  4.4321e-01
 1.2870e+00  4.4416e-01
 1.2875e+00  4.4511e-01
 1.2880e+00  4.4606e-01
 1.2885e+00  4.4702e-01
 1.2890e+00  4.4797e-01
 1.2895e+00  4.4892e-01
 1.2900e+00  4.4988e-01
 1.2905e+00  4.5083e-01
 1.2910e+00  4.5179e-01
 1.2915e+00  4.5274e-01
 1.2920e+00  4.5370e-01
 1.2925e+00  4.5465e-01
 1.2930e+00  4.5560e-01
 1.2935e+00  4.5656e-01
 1.2940e+00  4.5752e-01
 1.2945e+00  4.5847e-01
 1.2950e+00  4.5943e-01
 1.2955e+00  4.6038e-01
 1.2960e+00  4.6134e-01
 1.2965e+00  4.6229e-01
 1.2970e+00  4.6325e-01
 1.2975e+00  4.6421e-01
 1.2980e+00  4.6516e-01
 1.2985e+00  4.6612e-01
 1.2990e+00  4.6707e-01
 1.2995e+00  4.6803e-01
 1.3000e+00  4.6899e-01
 1.3005e+00  4.6994e-01
 1.3010e+00  4.7090e-01
 1.3015e+00  4.7185e-01
 1.3020e+00  4.7281e-01
 1.3025e+00  4.7376e-01
 1.3030e+00  4.7472e-01
 1.3035e+00  4.7568e-01
 1.3040e+00  4.7663e-01
 1.3045e+00  4.7759e-01
 1.3050e+00  4.7854e-01
 1.3055e+00  4.7950e-01
 1.3060e+00  4.8046e-01
 1.3065e+00  4.8141e-01
 1.3070e+00  4.8237e-01
 1.3075e+00  4.8332e-01
 1.3080e+00  4.8428e-01
 1.3085e+00  4.8523e-01
 1.3090e+00  4.8619e-01
 1.3095e+00  4.8714e-01
 1.3100e+00  4.8810e-01
 1.3105e+00  4.8906e-01
 1.3110e+00  4.9001e-01
 1.3115e+00  4.9097e-01
 1.3120e+00  4.9192e-01
 1.3125e+00  4.9288e-01
 1.3130e+00  4.9384e-01
 1.3135e+00  4.9479e-01
 1.3140e+00  4.9575e-01
 1.3145e+00  4.9671e-01
 1.3150e+00  4.9766e-01
 1.3155e+00  4.9862e-01
 1.3160e+00  4.9957e-01
 1.3165e+00  5.0053e-01
 1.3170e+00  5.0149e-01
 1.3175e+00  5.0244e-01
 1.3180e+00  5.0340e-01
 1.3185e+00  5.0436e-01
 1.3190e+00  5.0531e-01
 1.3195e+00  5.0627e-01
 1.3200e+00  5.0723e-01
 1.3205e+00  5.0818e-01
 1.3210e+00  5.0914e-01
 1.3215e+00  5.1010e-01
 1.3220e+00  5.1106e-01
 1.3225e+00  5.1201e-01
 1.3230e+00  5.1297e-01
 1.3235e+00  5.1393e-01
 1.3240e+00  5.1489e-01
 1.3245e+00  5.1584e-01
 1.3250e+00  5.1680e-01
 1.3255e+00  5.1776e-01
 1.3260e+00  5.1872e-01
 1.3265e+00  5.1968e-01
 1.3270e+00  5.2064e-01
 1.3275e+00  5.2160e-01
 1.3280e+00  5.2255e-01
 1.3285e+00  5.2351e-01
 1.3290e+00  5.2447e-01
 1.3295e+00  5.2543e-01
 1.3300e+00  5.2639e-01
 1.3305e+00  5.2735e-01
 1.3310e+00  5.2831e-01
 1.3315e+00  5.2927e-01
 1.3320e+00  5.3023e-01
 1.3325e+00  5.3119e-01
 1.3330e+00  5.3215e-01
 1.3335e+00  5.3311e-01
 1.3340e+00  5.3407e-01
 1.3345e+00  5.3504e-01
 1.3350e+00  5.3600e-01
 1.3355e+00  5.3696e-01
 1.3360e+00  5.3792e-01
 1.3365e+00  5.3888e-01
 1.3370e+00  5.3984e-01
 1.3375e+00  5.4081e-01
 1.3380e+00  5.4177e-01
 1.3385e+00  5.4273e-01
 1.3390e+00  5.4369e-01
 1.3395e+00  5.4466e-01
 1.3400e+00  5.4562e-01
 1.3405e+00  5.4658e-01
 1.3410e+00  5.4755e-01
 1.3415e+00  5.4851e-01
 1.3420e+00  5.4948e-01
 1.3425e+00  5.5044e-01
 1.3430e+00  5.5141e-01
 1.3435e+00  5.5237e-01
 1.3440e+00  5.5334e-01
 1.3445e+00  5.5430e-01
 1.3450e+00  5.5527e-01
 1.3455e+00  5.5624e-01
 1.3460e+00  5.5720e-01
 1.3465e+00  5.5817e-01
 1.3470e+00  5.5914e-01
 1.3475e+00  5.6010e-01
 1.3480e+00  5.6107e-01
 1.3485e+00  5.6204e-01
 1.3490e+00  5.6301e-01
 1.3495e+00  5.6398e-01
 1.3500e+00  5.6494e-01
 1.3505e+00  5.6591e-01
 1.3510e+00  5.6688e-01
 1.3515e+00  5.6785e-01
 1.3520e+00  5.6882e-01
 1.3525e+00  5.6979e-01
 1.3530e+00  5.7076e-01
 1.3535e+00  5.7173e-01
 1.3540e+00  5.7271e-01
 1.3545e+00  5.7368e-01
 1.3550e+00  5.7465e-01
 1.3555e+00  5.7562e-01
 1.3560e+00  5.7659e-01
 1.3565e+00  5.7757e-01
 1.3570e+00  5.7854e-01
 1.3575e+00  5.7951e-01
 1.3580e+00  5.8049e-01
 1.3585e+00  5.8146e-01
 1.3590e+00  5.8244e-01
 1.3595e+00  5.8341e-01
 1.3600e+00  5.8439e-01
 1.3605e+00  5.8536e-01
 1.3610e+00  5.8634e-01
 1.3615e+00  5.8732e-01
 1.3620e+00  5.8829e-01
 1.3625e+00  5.8927e-01
 1.3630e+00  5.9025e-01
 1.3635e+00  5.9123e-01
 1.3640e+00  5.9220e-01
 1.3645e+00  5.9318e-01
 1.3650e+00  5.9416e-01
 1.3655e+00  5.9514e-01
 1.3660e+00  5.9612e-01
 1.3665e+00  5.9710e-01
 1.3670e+00  5.9808e-01
 1.3675e+00  5.9907e-01
 1.3680e+00  6.0005e-01
 1.3685e+00  6.0103e-01
 1.3690e+00  6.0201e-01
 1.3695e+00  6.0300e-01
 1.3700e+00  6.0398e-01
 1.3705e+00  6.0496e-01
 1.3710e+00  6.0595e-01
 1.3715e+00  6.0693e-01
 1.3720e+00  6.0792e-01
 1.3725e+00  6.0890e-01
 1.3730e+00  6.0989e-01
 1.3735e+00  6.1088e-01
 1.3740e+00  6.1186e-01
 1.3745e+00  6.1285e-01
 1.3750e+00  6.1384e-01
 1.3755e+00  6.1483e-01
 1.3760e+00  6.1582e-01
 1.3765e+00  6.1681e-01
 1.3770e+00  6.1780e-01
 1.3775e+00  6.1879e-01
 1.3780e+00  6.1978e-01
 1.3785e+00  6.2077e-01
 1.3790e+00  6.2176e-01
 1.3795e+00  6.2275e-01
 1.3800e+00  6.2375e-01
 1.3805e+00  6.2474e-01
 1.3810e+00  6.2574e-01
 1.3815e+00  6.2673e-01
 1.3820e+00  6.2772e-01
 1.3825e+00  6.2872e-01
 1.3830e+00  6.2972e-01
 1.3835e+00  6.3071e-01
 1.3840e+00  6.3171e-01
 1.3845e+00  6.3271e-01
 1.3850e+00  6.3371e-01
 1.3855e+00  6.3470e-01
 1.3860e+00  6.3570e-01
 1.3865e+00  6.3670e-01
 1.3870e+00  6.3770e-01
 1.3875e+00  6.3870e-01
 1.3880e+00  6.3971e-01
 1.3885e+00  6.4071e-01
 1.3890e+00  6.4171e-01
 1.3895e+00  6.4272e-01
 1.3900e+00  6.4372e-01
 1.3905e+00  6.4472e-01
 1.3910e+00  6.4573e-01
 1.3915e+00  6.4673e-01
 1.3920e+00  6.4774e-01
 1.3925e+00  6.4875e-01
 1.3930e+00  6.4975e-01
 1.3935e+00  6.5076e-01
 1.3940e+00  6.5177e-01
 1.3945e+00  6.5278e-01
 1.3950e+00  6.5379e-01
 1.3955e+00  6.5480e-01
 1.3960e+00  6.5581e-01
 1.3965e+00  6.5682e-01
 1.3970e+00  6.5783e-01
 1.3975e+00  6.5885e-01
 1.3980e+00  6.5986e-01
 1.3985e+00  6.6087e-01
 1.3990e+00  6.6189e-01
 1.3995e+00  6.6290e-01
 1.4000e+00  6.6392e-01
 1.4005e+00  6.6494e-01
 1.4010e+00  6.6595e-01
 1.4015e+00  6.6697e-01
 1.4020e+00  6.6799e-01
 1.4025e+00  6.6901e-01
 1.4030e+00  6.7003e-01
 1.4035e+00  6.7105e-01
 1.4040e+00  6.7207e-01
 1.4045e+00  6.7309e-01
 1.4050e+00  6.7411e-01
 1.4055e+00  6.7513e-01
 1.4060e+00  6.7615e-01
 1.4065e+00  6.7717e-01
 1.4070e+00  6.7819e-01
 1.4075e+00  6.7922e-01
 1.4080e+00  6.8024e-01
 1.4085e+00  6.8126e-01
 1.4090e+00  6.8228e-01
 1.4095e+00  6.8330e-01
 1.4100e+00  6.8432e-01
 1.4105e+00  6.8534e-01
 1.4110e+00  6.8637e-01
 1.4115e+00  6.8739e-01
 1.4120e+00  6.8841e-01
 1.4125e+00  6.8943e-01
 1.4130e+00  6.9045e-01
 1.4135e+00  6.9147e-01
 1.4140e+00  6.9248e-01
 1.4145e+00  6.9350e-01
 1.4150e+00  6.9452e-01
 1.4155e+00  6.9554e-01
 1.4160e+00  6.9656e-01
 1.4165e+00  6.9757e-01
 1.4170e+00  6.9859e-01
 1.4175e+00  6.9960e-01
 1.4180e+00  7.0061e-01
 1.4185e+00  7.0163e-01
 1.4190e+00  7.0264e-01
 1.4195e+00  7.0365e-01
 1.4200e+00  7.0466e-01
 1.4205e+00  7.0567e-01
 1.4210e+00  7.0668e-01
 1.4215e+00  7.0769e-01
 1.4220e+00  7.0869e-01
 1.4225e+00  7.0970e-01
 1.4230e+00  7.1070e-01
 1.4235e+00  7.1170e-01
 1.4240e+00  7.1271e-01
 1.4245e+00  7.1371e-01
 1.4250e+00  7.1470e-01
 1.4255e+00  7.1570e-01
 1.4260e+00  7.1670e-01
 1.4265e+00  7.1769e-01
 1.4270e+00  7.1869e-01
 1.4275e+00  7.1968e-01
 1.4280e+00  7.2067e-01
 1.4285e+00  7.2166e-01
 1.4290e+00  7.2264e-01
 1.4295e+00  7.2363e-01
 1.4300e+00  7.2461e-01
 1.4305e+00  7.2559e-01
 1.4310e+00  7.2657e-01
 1.4315e+00  7.2755e-01
 1.4320e+00  7.2852e-01
 1.4325e+00  7.2950e-01
 1.4330e+00  7.3047e-01
 1.4335e+00  7.3144e-01
 1.4340e+00  7.3241e-01
 1.4345e+00  7.3337e-01
 1.4350e+00  7.3434e-01
 1.4355e+00  7.3530e-01
 1.4360e+00  7.3626e-01
 1.4365e+00  7.3721e-01
 1.4370e+00  7.3817e-01
 1.4375e+00  7.3912e-01
 1.4380e+00  7.4007e-01
 1.4385e+00  7.4102e-01
 1.4390e+00  7.4196e-01
 1.4395e+00  7.4291e-01
 1.4400e+00  7.4384e-01
 1.4405e+00  7.4478e-01
 1.4410e+00  7.4572e-01
 1.4415e+00  7.4665e-01
 1.4420e+00  7.4758e-01
 1.4425e+00  7.4851e-01
 1.4430e+00  7.4943e-01
 1.4435e+00  7.5035e-01
 1.4440e+00  7.5127e-01
 1.4445e+00  7.5218e-01
 1.4450e+00  7.5309e-01
 1.4455e+00  7.5400e-01
 1.4460e+00  7.5491e-01
 1.4465e+00  7.5581e-01
 1.4470e+00  7.5671e-01
 1.4475e+00  7.5761e-01
 1.4480e+00  7.5850e-01
 1.4485e+00  7.5939e-01
 1.4490e+00  7.6028e-01
 1.4495e+00  7.6116e-01
 1.4500e+00  7.6204e-01
 1.4505e+00  7.6292e-01
 1.4510e+00  7.6379e-01
 1.4515e+00  7.6466e-01
 1.4520e+00  7.6553e-01
 1.4525e+00  7.6639e-01
 1.4530e+00  7.6725e-01
 1.4535e+00  7.6811e-01
 1.4540e+00  7.6896e-01
 1.4545e+00  7.6981e-01
 1.4550e+00  7.7065e-01
 1.4555e+00  7.7149e-01
 1.4560e+00  7.7233e-01
 1.4565e+00  7.7316e-01
 1.4570e+00  7.7399e-01
 1.4575e+00  7.7482e-01
 1.4580e+00  7.7564e-01
 1.4585e+00  7.7646e-01
 1.4590e+00  7.7727e-01
 1.4595e+00  7.7808e-01
 1.4600e+00  7.7888e-01
 1.4605e+00  7.7968e-01
 1.4610e+00  7.8048e-01
 1.4615e+00  7.8127e-01
 1.4620e+00  7.8206e-01
 1.4625e+00  7.8284e-01
 1.4630e+00  7.8362e-01
 1.4635e+00  7.8439e-01
 1.4640e+00  7.8516e-01
 1.4645e+00  7.8593e-01
 1.4650e+00  7.8669e-01
 1.4655e+00  7.8744e-01
 1.4660e+00  7.8819e-01
 1.4665e+00  7.8894e-01
 1.4670e+00  7.8968e-01
 1.4675e+00  7.9042e-01
 1.4680e+00  7.9115e-01
 1.4685e+00  7.9188e-01
 1.4690e+00  7.9260e-01
 1.4695e+00  7.9332e-01
 1.4700e+00  7.9403e-01
 1.4705e+00  7.9474e-01
 1.4710e+00  7.9544e-01
 1.4715e+00  7.9614e-01
 1.4720e+00  7.9683e-01
 1.4725e+00  7.9752e-01
 1.4730e+00  7.9820e-01
 1.4735e+00  7.9888e-01
 1.4740e+00  7.9955e-01
 1.4745e+00  8.0021e-01
 1.4750e+00  8.0087e-01
 1.4755e+00  8.0153e-01
 1.4760e+00  8.0218e-01
 1.4765e+00  8.0282e-01
 1.4770e+00  8.0346e-01
 1.4775e+00  8.0409e-01
 1.4780e+00  8.0472e-01
 1.4785e+00  8.0534e-01
 1.4790e+00  8.0596e-01
 1.4795e+00  8.0657e-01
 1.4800e+00  8.0717e-01
 1.4805e+00  8.0777e-01
 1.4810e+00  8.0836e-01
 1.4815e+00  8.0895e-01
 1.4820e+00  8.0953e-01
 1.4825e+00  8.1010e-01
 1.4830e+00  8.1067e-01
 1.4835e+00  8.1123e-01
 1.4840e+00  8.1179e-01
 1.4845e+00  8.1234e-01
 1.4850e+00  8.1288e-01
 1.4855e+00  8.1342e-01
 1.4860e+00  8.1395e-01
 1.4865e+00  8.1448e-01
 1.4870e+00  8.1500e-01
 1.4875e+00  8.1551e-01
 1.4880e+00  8.1602e-01
 1.4885e+00  8.1651e-01
 1.4890e+00  8.1701e-01
 1.4895e+00  8.1749e-01
 1.4900e+00  8.1797e-01
 1.4905e+00  8.1845e-01
 1.4910e+00  8.1891e-01
 1.4915e+00  8.1937e-01
 1.4920e+00  8.1983e-01
 1.4925e+00  8.2027e-01
 1.4930e+00  8.2071e-01
 1.4935e+00  8.2114e-01
 1.4940e+00  8.2157e-01
 1.4945e+00  8.2199e-01
 1.4950e+00  8.2240e-01
 1.4955e+00  8.2280e-01
 1.4960e+00  8.2320e-01
 1.4965e+00  8.2359e-01
 1.4970e+00  8.2397e-01
 1.4975e+00  8.2435e-01
 1.4980e+00  8.2472e-01
 1.4985e+00  8.2508e-01
 1.4990e+00  8.2543e-01
 1.4995e+00  8.2578e-01
 1.5000e+00  8.2612e-01
 1.5005e+00  8.2645e-01
 1.5010e+00  8.2677e-01
 1.5015e+00  8.2709e-01
 1.5020e+00  8.2740e-01
 1.5025e+00  8.2770e-01
 1.5030e+00  8.2800e-01
 1.5035e+00  8.2828e-01
 1.5040e+00  8.2856e-01
 1.5045e+00  8.2884e-01
 1.5050e+00  8.2910e-01
 1.5055e+00  8.2936e-01
 1.5060e+00  8.2961e-01
 1.5065e+00  8.2986e-01
 1.5070e+00  8.3010e-01
 1.5075e+00  8.3033e-01
 1.5080e+00  8.3056e-01
 1.5085e+00  8.3077e-01
 1.5090e+00  8.3099e-01
 1.5095e+00  8.3119e-01
 1.5100e+00  8.3139e-01
 1.5105e+00  8.3158e-01
 1.5110e+00  8.3177e-01
 1.5115e+00  8.3194e-01
 1.5120e+00  8.3212e-01
 1.5125e+00  8.3228e-01
 1.5130e+00  8.3244e-01
 1.5135e+00  8.3259e-01
 1.5140e+00  8.3274e-01
 1.5145e+00  8.3288e-01
 1.5150e+00  8.3302e-01
 1.5155e+00  8.3315e-01
 1.5160e+00  8.3327e-01
 1.5165e+00  8.3339e-01
 1.5170e+00  8.3350e-01
 1.5175e+00  8.3360e-01
 1.5180e+00  8.3370e-01
 1.5185e+00  8.3379e-01
 1.5190e+00  8.3388e-01
 1.5195e+00  8.3396e-01
 1.5200e+00  8.3404e-01
 1.5205e+00  8.3411e-01
 1.5210e+00  8.3417e-01
 1.5215e+00  8.3423e-01
 1.5220e+00  8.3429e-01
 1.5225e+00  8.3433e-01
 1.5230e+00  8.3438e-01
 1.5235e+00  8.3442e-01
 1.5240e+00  8.3445e-01
 1.5245e+00  8.3447e-01
 1.5250e+00  8.3449e-01
 1.5255e+00  8.3451e-01
 1.5260e+00  8.3452e-01
 1.5265e+00  8.3453e-01
 1.5270e+00  8.3453e-01
 1.5275e+00  8.3453e-01
 1.5280e+00  8.3452e-01
 1.5285e+00  8.3450e-01
 1.5290e+00  8.3449e-01
 1.5295e+00  8.3446e-01
 1.5300e+00  8.3443e-01
 1.5305e+00  8.3440e-01
 1.5310e+00  8.3436e-01
 1.5315e+00  8.3432e-01
 1.5320e+00  8.3427e-01
 1.5325e+00  8.3422e-01
 1.5330e+00  8.3417e-01
 1.5335e+00  8.3411e-01
 1.5340e+00  8.3404e-01
 1.5345e+00  8.3397e-01
 1.5350e+00  8.3390e-01
 1.5355e+00  8.3382e-01
 1.5360e+00  8.3374e-01
 1.5365e+00  8.3366e-01
 1.5370e+00  8.3357e-01
 1.5375e+00  8.3347e-01
 1.5380e+00  8.3337e-01
 1.5385e+00  8.3327e-01
 1.5390e+00  8.3316e-01
 1.5395e+00  8.3305e-01
 1.5400e+00  8.3294e-01
 1.5405e+00  8.3282e-01
 1.5410e+00  8.3270e-01
 1.5415e+00  8.3257e-01
 1.5420e+00  8.3245e-01
 1.5425e+00  8.3231e-01
 1.5430e+00  8.3218e-01
 1.5435e+00  8.3204e-01
 1.5440e+00  8.3190e-01
 1.5445e+00  8.3175e-01
 1.5450e+00  8.3160e-01
 1.5455e+00  8.3144e-01
 1.5460e+00  8.3129e-01
 1.5465e+00  8.3113e-01
 1.5470e+00  8.3097e-01
 1.5475e+00  8.3080e-01
 1.5480e+00  8.3063e-01
 1.5485e+00  8.3046e-01
 1.5490e+00  8.3028e-01
 1.5495e+00  8.3010e-01
 1.5500e+00  8.2992e-01
 1.5505e+00  8.2974e-01
 1.5510e+00  8.2955e-01
 1.5515e+00  8.2936e-01
 1.5520e+00  8.2917e-01
 1.5525e+00  8.2897e-01
 1.5530e+00  8.2878e-01
 1.5535e+00  8.2857e-01
 1.5540e+00  8.2837e-01
 1.5545e+00  8.2817e-01
 1.5550e+00  8.2796e-01
 1.5555e+00  8.2775e-01
 1.5560e+00  8.2753e-01
 1.5565e+00  8.2732e-01
 1.5570e+00  8.2710e-01
 1.5575e+00  8.2688e-01
 1.5580e+00  8.2666e-01
 1.5585e+00  8.2643e-01
 1.5590e+00  8.2621e-01
 1.5595e+00  8.2598e-01
 1.5600e+00  8.2575e-01
 1.5605e+00  8.2551e-01
 1.5610e+00  8.2528e-01
 1.5615e+00  8.2504e-01
 1.5620e+00  8.2481e-01
 1.5625e+00  8.2457e-01
 1.5630e+00  8.2432e-01
 1.5635e+00  8.2408e-01
 1.5640e+00  8.2384e-01
 1.5645e+00  8.2359e-01
 1.5650e+00  8.2334e-01
 1.5655e+00  8.2309e-01
 1.5660e+00  8.2284e-01
 1.5665e+00  8.2259e-01
 1.5670e+00  8.2233e-01
 1.5675e+00  8.2208e-01
 1.5680e+00  8.2182e-01
 1.5685e+00  8.2156e-01
 1.5690e+00  8.2130e-01
 1.5695e+00  8.2104e-01
 1.5700e+00  8.2078e-01
 1.5705e+00  8.2052e-01
 1.5710e+00  8.2026e-01
 1.5715e+00  8.1999e-01
 1.5720e+00  8.1973e-01
 1.5725e+00  8.1946e-01
 1.5730e+00  8.1919e-01
 1.5735e+00  8.1892e-01
 1.5740e+00  8.1866e-01
 1.5745e+00  8.1839e-01
 1.5750e+00  8.1812e-01
 1.5755e+00  8.1785e-01
 1.5760e+00  8.1758e-01
 1.5765e+00  8.1730e-01
 1.5770e+00  8.1703e-01
 1.5775e+00  8.1676e-01
 1.5780e+00  8.1649e-01
 1.5785e+00  8.1621e-01
 1.5790e+00  8.1594e-01
 1.5795e+00  8.1567e-01
 1.5800e+00  8.1539e-01
 1.5805e+00  8.1512e-01
 1.5810e+00  8.1484e-01
 1.5815e+00  8.1457e-01
 1.5820e+00  8.1430e-01
 1.5825e+00  8.1402e-01
 1.5830e+00  8.1375e-01
 1.5835e+00  8.1347e-01
 1.5840e+00  8.1320e-01
 1.5845e+00  8.1293e-01
 1.5850e+00  8.1265e-01
 1.5855e+00  8.1238e-01
 1.5860e+00  8.1211e-01
 1.5865e+00  8.1184e-01
 1.5870e+00  8.1156e-01
 1.5875e+00  8.1129e-01
 1.5880e+00  8.1102e-01
 1.5885e+00  8.1075e-01
 1.5890e+00  8.1048e-01
 1.5895e+00  8.1021e-01
 1.5900e+00  8.0995e-01
 1.5905e+00  8.0968e-01
 1.5910e+00  8.0941e-01
 1.5915e+00  8.0915e-01
 1.5920e+00  8.0888e-01
 1.5925e+00  8.0862e-01
 1.5930e+00  8.0836e-01
 1.5935e+00  8.0809e-01
 1.5940e+00  8.0783e-01
 1.5945e+00  8.0757e-01
 1.5950e+00  8.0732e-01
 1.5955e+00  8.0706e-01
 1.5960e+00  8.0680e-01
 1.5965e+00  8.0655e-01
 1.5970e+00  8.0629e-01
 1.5975e+00  8.0604e-01
 1.5980e+00  8.0579e-01
 1.5985e+00  8.0554e-01
 1.5990e+00  8.0530e-01
 1.5995e+00  8.0505e-01
 1.6000e+00  8.0481e-01
 1.6005e+00  8.0456e-01
 1.6010e+00  8.0432e-01
 1.6015e+00  8.0409e-01
 1.6020e+00  8.0385e-01
 1.6025e+00  8.0361e-01
 1.6030e+00  8.0338e-01
 1.6035e+00  8.0315e-01
 1.6040e+00  8.0292e-01
 1.6045e+00  8.0268e-01
 1.6050e+00  8.0246e-01
 1.6055e+00  8.0223e-01
 1.6060e+00  8.0200e-01
 1.6065e+00  8.0178e-01
 1.6070e+00  8.0156e-01
 1.6075e+00  8.0134e-01
 1.6080e+00  8.0111e-01
 1.6085e+00  8.0090e-01
 1.6090e+00  8.0068e-01
 1.6095e+00  8.0046e-01
 1.6100e+00  8.0024e-01
 1.6105e+00  8.0003e-01
 1.6110e+00  7.9982e-01
 1.6115e+00  7.9960e-01
 1.6120e+00  7.9939e-01
 1.6125e+00  7.9918e-01
 1.6130e+00  7.9897e-01
 1.6135e+00  7.9876e-01
 1.6140e+00  7.9855e-01
 1.6145e+00  7.9834e-01
 1.6150e+00  7.9814e-01
 1.6155e+00  7.9793e-01
 1.6160e+00  7.9773e-01
 1.6165e+00  7.9752e-01
 1.6170e+00  7.9732e-01
 1.6175e+00  7.9712e-01
 1.6180e+00  7.9691e-01
 1.6185e+00  7.9671e-01
 1.6190e+00  7.9651e-01
 1.6195e+00  7.9631e-01
 1.6200e+00  7.9611e-01
 1.6205e+00  7.9591e-01
 1.6210e+00  7.9571e-01
 1.6215e+00  7.9551e-01
 1.6220e+00  7.9531e-01
 1.6225e+00  7.9511e-01
 1.6230e+00  7.9491e-01
 1.6235e+00  7.9471e-01
 1.6240e+00  7.9452e-01
 1.6245e+00  7.9432e-01
 1.6250e+00  7.9412e-01
 1.6255e+00  7.9392e-01
 1.6260e+00  7.9373e-01
 1.6265e+00  7.9353e-01
 1.6270e+00  7.9333e-01
 1.6275e+00  7.9314e-01
 1.6280e+00  7.9294e-01
 1.6285e+00  7.9274e-01
 1.6290e+00  7.9255e-01
 1.6295e+00  7.9235e-01
 1.6300e+00  7.9215e-01
 1.6305e+00  7.9195e-01
 1.6310e+00  7.9176e-01
 1.6315e+00  7.9156e-01
 1.6320e+00  7.9136e-01
 1.6325e+00  7.9116e-01
 1.6330e+00  7.9096e-01
 1.6335e+00  7.9076e-01
 1.6340e+00  7.9056e-01
 1.6345e+00  7.9036e-01
 1.6350e+00  7.9016e-01
 1.6355e+00  7.8996e-01
 1.6360e+00  7.8976e-01
 1.6365e+00  7.8956e-01
 1.6370e+00  7.8936e-01
 1.6375e+00  7.8915e-01
 1.6380e+00  7.8895e-01
 1.6385e+00  7.8874e-01
 1.6390e+00  7.8854e-01
 1.6395e+00  7.8833e-01
 1.6400e+00  7.8813e-01
 1.6405e+00  7.8792e-01
 1.6410e+00  7.8771e-01
 1.6415e+00  7.8750e-01
 1.6420e+00  7.8729e-01
 1.6425e+00  7.8708e-01
 1.6430e+00  7.8687e-01
 1.6435e+00  7.8665e-01
 1.6440e+00  7.8644e-01
 1.6445e+00  7.8623e-01
 1.6450e+00  7.8601e-01
 1.6455e+00  7.8579e-01
 1.6460e+00  7.8557e-01
 1.6465e+00  7.8536e-01
 1.6470e+00  7.8513e-01
 1.6475e+00  7.8491e-01
 1.6480e+00  7.8469e-01
 1.6485e+00  7.8446e-01
 1.6490e+00  7.8424e-01
 1.6495e+00  7.8401e-01
 1.6500e+00  7.8378e-01
 1.6505e+00  7.8355e-01
 1.6510e+00  7.8332e-01
 1.6515e+00  7.8309e-01
 1.6520e+00  7.8285e-01
 1.6525e+00  7.8262e-01
 1.6530e+00  7.8238e-01
 1.6535e+00  7.8214e-01
 1.6540e+00  7.8190e-01
 1.6545e+00  7.8166e-01
 1.6550e+00  7.8141e-01
 1.6555e+00  7.8117e-01
 1.6560e+00  7.8092e-01
 1.6565e+00  7.8067e-01
 1.6570e+00  7.8042e-01
 1.6575e+00  7.8017e-01
 1.6580e+00  7.7991e-01
 1.6585e+00  7.7966e-01
 1.6590e+00  7.7940e-01
 1.6595e+00  7.7914e-01
 1.6600e+00  7.7887e-01
 1.6605e+00  7.7861e-01
 1.6610e+00  7.7834e-01
 1.6615e+00  7.7807e-01
 1.6620e+00  7.7780e-01
 1.6625e+00  7.7753e-01
 1.6630e+00  7.7725e-01
 1.6635e+00  7.7697e-01
 1.6640e+00  7.7669e-01
 1.6645e+00  7.7641e-01
 1.6650e+00  7.7613e-01
 1.6655e+00  7.7584e-01
 1.6660e+00  7.7555e-01
 1.6665e+00  7.7526e-01
 1.6670e+00  7.7497e-01
 1.6675e+00  7.7467e-01
 1.6680e+00  7.7437e-01
 1.6685e+00  7.7407e-01
 1.6690e+00  7.7377e-01
 1.6695e+00  7.7346e-01
 1.6700e+00  7.7315e-01
 1.6705e+00  7.7284e-01
 1.6710e+00  7.7252e-01
 1.6715e+00  7.7220e-01
 1.6720e+00  7.7188e-01
 1.6725e+00  7.7156e-01
 1.6730e+00  7.7124e-01
 1.6735e+00  7.7091e-01
 1.6740e+00  7.7058e-01
 1.6745e+00  7.7024e-01
 1.6750e+00  7.6990e-01
 1.6755e+00  7.6956e-01
 1.6760e+00  7.6922e-01
 1.6765e+00  7.6887e-01
 1.6770e+00  7.6852e-01
 1.6775e+00  7.6817e-01
 1.6780e+00  7.6781e-01
 1.6785e+00  7.6745e-01
 1.6790e+00  7.6709e-01
 1.6795e+00  7.6673e-01
 1.6800e+00  7.6636e-01
 1.6805e+00  7.6599e-01
 1.6810e+00  7.6561e-01
 1.6815e+00  7.6523e-01
 1.6820e+00  7.6485e-01
 1.6825e+00  7.6447e-01
 1.6830e+00  7.6408e-01
 1.6835e+00  7.6369e-01
 1.6840e+00  7.6329e-01
 1.6845e+00  7.6289e-01
 1.6850e+00  7.6249e-01
 1.6855e+00  7.6208e-01
 1.6860e+00  7.6167e-01
 1.6865e+00  7.6126e-01
 1.6870e+00  7.6084e-01
 1.6875e+00  7.6042e-01
 1.6880e+00  7.5999e-01
 1.6885e+00  7.5957e-01
 1.6890e+00  7.5913e-01
 1.6895e+00  7.5870e-01
 1.6900e+00  7.5826e-01
 1.6905e+00  7.5781e-01
 1.6910e+00  7.5736e-01
 1.6915e+00  7.5691e-01
 1.6920e+00  7.5646e-01
 1.6925e+00  7.5600e-01
 1.6930e+00  7.5553e-01
 1.6935e+00  7.5506e-01
 1.6940e+00  7.5459e-01
 1.6945e+00  7.5412e-01
 1.6950e+00  7.5364e-01
 1.6955e+00  7.5315e-01
 1.6960e+00  7.5266e-01
 1.6965e+00  7.5217e-01
 1.6970e+00  7.5167e-01
 1.6975e+00  7.5117e-01
 1.6980e+00  7.5066e-01
 1.6985e+00  7.5015e-01
 1.6990e+00  7.4964e-01
 1.6995e+00  7.4912e-01
 1.7000e+00  7.4859e-01
 1.7005e+00  7.4806e-01
 1.7010e+00  7.4753e-01
 1.7015e+00  7.4699e-01
 1.7020e+00  7.4645e-01
 1.7025e+00  7.4590e-01
 1.7030e+00  7.4535e-01
 1.7035e+00  7.4480e-01
 1.7040e+00  7.4424e-01
 1.7045e+00  7.4367e-01
 1.7050e+00  7.4310e-01
 1.7055e+00  7.4253e-01
 1.7060e+00  7.4195e-01
 1.7065e+00  7.4137e-01
 1.7070e+00  7.4079e-01
 1.7075e+00  7.4020e-01
 1.7080e+00  7.3960e-01
 1.7085e+00  7.3900e-01
 1.7090e+00  7.3840e-01
 1.7095e+00  7.3780e-01
 1.7100e+00  7.3718e-01
 1.7105e+00  7.3657e-01
 1.7110e+00  7.3595e-01
 1.7115e+00  7.3533e-01
 1.7120e+00  7.3470e-01
 1.7125e+00  7.3407e-01
 1.7130e+00  7.3344e-01
 1.7135e+00  7.3280e-01
 1.7140e+00  7.3216e-01
 1.7145e+00  7.3151e-01
 1.7150e+00  7.3086e-01
 1.7155e+00  7.3020e-01
 1.7160e+00  7.2955e-01
 1.7165e+00  7.2888e-01
 1.7170e+00  7.2822e-01
 1.7175e+00  7.2755e-01
 1.7180e+00  7.2688e-01
 1.7185e+00  7.2620e-01
 1.7190e+00  7.2552e-01
 1.7195e+00  7.2483e-01
 1.7200e+00  7.2415e-01
 1.7205e+00  7.2345e-01
 1.7210e+00  7.2276e-01
 1.7215e+00  7.2206e-01
 1.7220e+00  7.2136e-01
 1.7225e+00  7.2065e-01
 1.7230e+00  7.1994e-01
 1.7235e+00  7.1923e-01
 1.7240e+00  7.1851e-01
 1.7245e+00  7.1779e-01
 1.7250e+00  7.1707e-01
 1.7255e+00  7.1634e-01
 1.7260e+00  7.1561e-01
 1.7265e+00  7.1488e-01
 1.7270e+00  7.1414e-01
 1.7275e+00  7.1340e-01
 1.7280e+00  7.1266e-01
 1.7285e+00  7.1191e-01
 1.7290e+00  7.1116e-01
 1.7295e+00  7.1041e-01
 1.7300e+00  7.0965e-01
 1.7305e+00  7.0889e-01
 1.7310e+00  7.0813e-01
 1.7315e+00  7.0736e-01
 1.7320e+00  7.0659e-01
 1.7325e+00  7.0582e-01
 1.7330e+00  7.0504e-01
 1.7335e+00  7.0427e-01
 1.7340e+00  7.0348e-01
 1.7345e+00  7.0270e-01
 1.7350e+00  7.0191e-01
 1.7355e+00  7.0112e-01
 1.7360e+00  7.0033e-01
 1.7365e+00  6.9953e-01
 1.7370e+00  6.9873e-01
 1.7375e+00  6.9793e-01
 1.7380e+00  6.9712e-01
 1.7385e+00  6.9632e-01
 1.7390e+00  6.9551e-01
 1.7395e+00  6.9469e-01
 1.7400e+00  6.9388e-01
 1.7405e+00  6.9306e-01
 1.7410e+00  6.9224e-01
 1.7415e+00  6.9141e-01
 1.7420e+00  6.9058e-01
 1.7425e+00  6.8975e-01
 1.7430e+00  6.8892e-01
 1.7435e+00  6.8809e-01
 1.7440e+00  6.8725e-01
 1.7445e+00  6.8641e-01
 1.7450e+00  6.8557e-01
 1.7455e+00  6.8472e-01
 1.7460e+00  6.8387e-01
 1.7465e+00  6.8302e-01
 1.7470e+00  6.8217e-01
 1.7475e+00  6.8132e-01
 1.7480e+00  6.8046e-01
 1.7485e+00  6.7960e-01
 1.7490e+00  6.7873e-01
 1.7495e+00  6.7787e-01
 1.7500e+00  6.7700e-01
 1.7505e+00  6.7613e-01
 1.7510e+00  6.7526e-01
 1.7515e+00  6.7439e-01
 1.7520e+00  6.7351e-01
 1.7525e+00  6.7263e-01
 1.7530e+00  6.7175e-01
 1.7535e+00  6.7087e-01
 1.7540e+00  6.6999e-01
 1.7545e+00  6.6910e-01
 1.7550e+00  6.6821e-01
 1.7555e+00  6.6732e-01
 1.7560e+00  6.6643e-01
 1.7565e+00  6.6553e-01
 1.7570e+00  6.6463e-01
 1.7575e+00  6.6373e-01
 1.7580e+00  6.6283e-01
 1.7585e+00  6.6193e-01
 1.7590e+00  6.6102e-01
 1.7595e+00  6.6012e-01
 1.7600e+00  6.5921e-01
 1.7605e+00  6.5830e-01
 1.7610e+00  6.5739e-01
 1.7615e+00  6.5647e-01
 1.7620e+00  6.5555e-01
 1.7625e+00  6.5464e-01
 1.7630e+00  6.5372e-01
 1.7635e+00  6.5280e-01
 1.7640e+00  6.5187e-01
 1.7645e+00  6.5095e-01
 1.7650e+00  6.5002e-01
 1.7655e+00  6.4909e-01
 1.7660e+00  6.4816e-01
 1.7665e+00  6.4723e-01
 1.7670e+00  6.4630e-01
 1.7675e+00  6.4537e-01
 1.7680e+00  6.4443e-01
 1.7685e+00  6.4349e-01
 1.7690e+00  6.4255e-01
 1.7695e+00  6.4161e-01
 1.7700e+00  6.4067e-01
 1.7705e+00  6.3973e-01
 1.7710e+00  6.3878e-01
 1.7715e+00  6.3784e-01
 1.7720e+00  6.3689e-01
 1.7725e+00  6.3594e-01
 1.7730e+00  6.3499e-01
 1.7735e+00  6.3404e-01
 1.7740e+00  6.3309e-01
 1.7745e+00  6.3214e-01
 1.7750e+00  6.3118e-01
 1.7755e+00  6.3022e-01
 1.7760e+00  6.2927e-01
 1.7765e+00  6.2831e-01
 1.7770e+00  6.2735e-01
 1.7775e+00  6.2639e-01
 1.7780e+00  6.2543e-01
 1.7785e+00  6.2446e-01
 1.7790e+00  6.2350e-01
 1.7795e+00  6.2254e-01
 1.7800e+00  6.2157e-01
 1.7805e+00  6.2060e-01
 1.7810e+00  6.1964e-01
 1.7815e+00  6.1867e-01
 1.7820e+00  6.1770e-01
 1.7825e+00  6.1673e-01
 1.7830e+00  6.1576e-01
 1.7835e+00  6.1478e-01
 1.7840e+00  6.1381e-01
 1.7845e+00  6.1284e-01
 1.7850e+00  6.1186e-01
 1.7855e+00  6.1089e-01
 1.7860e+00  6.0991e-01
 1.7865e+00  6.0894e-01
 1.7870e+00  6.0796e-01
 1.7875e+00  6.0698e-01
 1.7880e+00  6.0600e-01
 1.7885e+00  6.0502e-01
 1.7890e+00  6.0404e-01
 1.7895e+00  6.0306e-01
 1.7900e+00  6.0208e-01
 1.7905e+00  6.0110e-01
 1.7910e+00  6.0012e-01
 1.7915e+00  5.9914e-01
 1.7920e+00  5.9815e-01
 1.7925e+00  5.9717e-01
 1.7930e+00  5.9619e-01
 1.7935e+00  5.9520e-01
 1.7940e+00  5.9422e-01
 1.7945e+00  5.9323e-01
 1.7950e+00  5.9225e-01
 1.7955e+00  5.9126e-01
 1.7960e+00  5.9028e-01
 1.7965e+00  5.8929e-01
 1.7970e+00  5.8831e-01
 1.7975e+00  5.8732e-01
 1.7980e+00  5.8633e-01
 1.7985e+00  5.8535e-01
 1.7990e+00  5.8436e-01
 1.7995e+00  5.8337e-01
 1.8000e+00  5.8239e-01
 1.8005e+00  5.8140e-01
 1.8010e+00  5.8041e-01
 1.8015e+00  5.7942e-01
 1.8020e+00  5.7844e-01
 1.8025e+00  5.7745e-01
 1.8030e+00  5.7646e-01
 1.8035e+00  5.7548e-01
 1.8040e+00  5.7449e-01
 1.8045e+00  5.7350e-01
 1.8050e+00  5.7252e-01
 1.8055e+00  5.7153e-01
 1.8060e+00  5.7054e-01
 1.8065e+00  5.6956e-01
 1.8070e+00  5.6857e-01
 1.8075e+00  5.6759e-01
 1.8080e+00  5.6660e-01
 1.8085e+00  5.6561e-01
 1.8090e+00  5.6463e-01
 1.8095e+00  5.6364e-01
 1.8100e+00  5.6266e-01
 1.8105e+00  5.6168e-01
 1.8110e+00  5.6069e-01
 1.8115e+00  5.5971e-01
 1.8120e+00  5.5873e-01
 1.8125e+00  5.5775e-01
 1.8130e+00  5.5676e-01
 1.8135e+00  5.5578e-01
 1.8140e+00  5.5480e-01
 1.8145e+00  5.5382e-01
 1.8150e+00  5.5284e-01
 1.8155e+00  5.5186e-01
 1.8160e+00  5.5089e-01
 1.8165e+00  5.4991e-01
 1.8170e+00  5.4893e-01
 1.8175e+00  5.4795e-01
 1.8180e+00  5.4698e-01
 1.8185e+00  5.4600e-01
 1.8190e+00  5.4503e-01
 1.8195e+00  5.4406e-01
 1.8200e+00  5.4309e-01
 1.8205e+00  5.4211e-01
 1.8210e+00  5.4114e-01
 1.8215e+00  5.4017e-01
 1.8220e+00  5.3920e-01
 1.8225e+00  5.3824e-01
 1.8230e+00  5.3727e-01
 1.8235e+00  5.3630e-01
 1.8240e+00  5.3534e-01
 1.8245e+00  5.3437e-01
 1.8250e+00  5.3341e-01
 1.8255e+00  5.3245e-01
 1.8260e+00  5.3148e-01
 1.8265e+00  5.3053e-01
 1.8270e+00  5.2957e-01
 1.8275e+00  5.2861e-01
 1.8280e+00  5.2765e-01
 1.8285e+00  5.2670e-01
 1.8290e+00  5.2574e-01
 1.8295e+00  5.2479e-01
 1.8300e+00  5.2384e-01
 1.8305e+00  5.2289e-01
 1.8310e+00  5.2194e-01
 1.8315e+00  5.2099e-01
 1.8320e+00  5.2004e-01
 1.8325e+00  5.1910e-01
 1.8330e+00  5.1815e-01
 1.8335e+00  5.1721e-01
 1.8340e+00  5.1627e-01
 1.8345e+00  5.1533e-01
 1.8350e+00  5.1439e-01
 1.8355e+00  5.1345e-01
 1.8360e+00  5.1252e-01
 1.8365e+00  5.1159e-01
 1.8370e+00  5.1065e-01
 1.8375e+00  5.0972e-01
 1.8380e+00  5.0879e-01
 1.8385e+00  5.0787e-01
 1.8390e+00  5.0694e-01
 1.8395e+00  5.0602e-01
 1.8400e+00  5.0510e-01
 1.8405e+00  5.0418e-01
 1.8410e+00  5.0326e-01
 1.8415e+00  5.0234e-01
 1.8420e+00  5.0142e-01
 1.8425e+00  5.0051e-01
 1.8430e+00  4.9960e-01
 1.8435e+00  4.9869e-01
 1.8440e+00  4.9778e-01
 1.8445e+00  4.9688e-01
 1.8450e+00  4.9597e-01
 1.8455e+00  4.9507e-01
 1.8460e+00  4.9417e-01
 1.8465e+00  4.9327e-01
 1.8470e+00  4.9237e-01
 1.8475e+00  4.9148e-01
 1.8480e+00  4.9059e-01
 1.8485e+00  4.8970e-01
 1.8490e+00  4.8881e-01
 1.8495e+00  4.8792e-01
 1.8500e+00  4.8704e-01
 1.8505e+00  4.8616e-01
 1.8510e+00  4.8528e-01
 1.8515e+00  4.8440e-01
 1.8520e+00  4.8353e-01
 1.8525e+00  4.8265e-01
 1.8530e+00  4.8178e-01
 1.8535e+00  4.8092e-01
 1.8540e+00  4.8005e-01
 1.8545e+00  4.7919e-01
 1.8550e+00  4.7833e-01
 1.8555e+00  4.7747e-01
 1.8560e+00  4.7661e-01
 1.8565e+00  4.7576e-01
 1.8570e+00  4.7491e-01
 1.8575e+00  4.7406e-01
 1.8580e+00  4.7321e-01
 1.8585e+00  4.7236e-01
 1.8590e+00  4.7152e-01
 1.8595e+00  4.7069e-01
 1.8600e+00  4.6985e-01
 1.8605e+00  4.6902e-01
 1.8610e+00  4.6818e-01
 1.8615e+00  4.6736e-01
 1.8620e+00  4.6653e-01
 1.8625e+00  4.6571e-01
 1.8630e+00  4.6489e-01
 1.8635e+00  4.6407e-01
 1.8640e+00  4.6325e-01
 1.8645e+00  4.6244e-01
 1.8650e+00  4.6163e-01
 1.8655e+00  4.6083e-01
 1.8660e+00  4.6002e-01
 1.8665e+00  4.5922e-01
 1.8670e+00  4.5843e-01
 1.8675e+00  4.5763e-01
 1.8680e+00  4.5684e-01
 1.8685e+00  4.5605e-01
 1.8690e+00  4.5526e-01
 1.8695e+00  4.5448e-01
 1.8700e+00  4.5370e-01
 1.8705e+00  4.5292e-01
 1.8710e+00  4.5215e-01
 1.8715e+00  4.5138e-01
 1.8720e+00  4.5061e-01
 1.8725e+00  4.4985e-01
 1.8730e+00  4.4909e-01
 1.8735e+00  4.4833e-01
 1.8740e+00  4.4757e-01
 1.8745e+00  4.4682e-01
 1.8750e+00  4.4607e-01
 1.8755e+00  4.4533e-01
 1.8760e+00  4.4459e-01
 1.8765e+00  4.4385e-01
 1.8770e+00  4.4311e-01
 1.8775e+00  4.4238e-01
 1.8780e+00  4.4165e-01
 1.8785e+00  4.4093e-01
 1.8790e+00  4.4021e-01
 1.8795e+00  4.3949e-01
 1.8800e+00  4.3877e-01
 1.8805e+00  4.3806e-01
 1.8810e+00  4.3736e-01
 1.8815e+00  4.3665e-01
 1.8820e+00  4.3595e-01
 1.8825e+00  4.3525e-01
 1.8830e+00  4.3456e-01
 1.8835e+00  4.3387e-01
 1.8840e+00  4.3319e-01
 1.8845e+00  4.3250e-01
 1.8850e+00  4.3183e-01
 1.8855e+00  4.3115e-01
 1.8860e+00  4.3048e-01
 1.8865e+00  4.2981e-01
 1.8870e+00  4.2915e-01
 1.8875e+00  4.2849e-01
 1.8880e+00  4.2783e-01
 1.8885e+00  4.2718e-01
 1.8890e+00  4.2653e-01
 1.8895e+00  4.2589e-01
 1.8900e+00  4.2525e-01
 1.8905e+00  4.2461e-01
 1.8910e+00  4.2398e-01
 1.8915e+00  4.2335e-01
 1.8920e+00  4.2273e-01
 1.8925e+00  4.2211e-01
 1.8930e+00  4.2149e-01
 1.8935e+00  4.2088e-01
 1.8940e+00  4.2027e-01
 1.8945e+00  4.1967e-01
 1.8950e+00  4.1907e-01
 1.8955e+00  4.1847e-01
 1.8960e+00  4.1788e-01
 1.8965e+00  4.1729e-01
 1.8970e+00  4.1671e-01
 1.8975e+00  4.1613e-01
 1.8980e+00  4.1556e-01
 1.8985e+00  4.1499e-01
 1.8990e+00  4.1442e-01
 1.8995e+00  4.1386e-01
 1.9000e+00  4.1330e-01
 1.9005e+00  4.1275e-01
 1.9010e+00  4.1220e-01
 1.9015e+00  4.1166e-01
 1.9020e+00  4.1112e-01
 1.9025e+00  4.1058e-01
 1.9030e+00  4.1005e-01
 1.9035e+00  4.0953e-01
 1.9040e+00  4.0901e-01
 1.9045e+00  4.0849e-01
 1.9050e+00  4.0798e-01
 1.9055e+00  4.0747e-01
 1.9060e+00  4.0697e-01
 1.9065e+00  4.0647e-01
 1.9070e+00  4.0598e-01
 1.9075e+00  4.0549e-01
 1.9080e+00  4.0500e-01
 1.9085e+00  4.0452e-01
 1.9090e+00  4.0405e-01
 1.9095e+00  4.0358e-01
 1.9100e+00  4.0311e-01
 1.9105e+00  4.0265e-01
 1.9110e+00  4.0220e-01
 1.9115e+00  4.0175e-01
 1.9120e+00  4.0130e-01
 1.9125e+00  4.0086e-01
 1.9130e+00  4.0043e-01
 1.9135e+00  4.0000e-01
 1.9140e+00  3.9957e-01
 1.9145e+00  3.9915e-01
 1.9150e+00  3.9874e-01
 1.9155e+00  3.9833e-01
 1.9160e+00  3.9792e-01
 1.9165e+00  3.9752e-01
 1.9170e+00  3.9713e-01
 1.9175e+00  3.9674e-01
 1.9180e+00  3.9635e-01
 1.9185e+00  3.9597e-01
 1.9190e+00  3.9560e-01
 1.9195e+00  3.9523e-01
 1.9200e+00  3.9487e-01
 1.9205e+00  3.9451e-01
 1.9210e+00  3.9415e-01
 1.9215e+00  3.9381e-01
 1.9220e+00  3.9346e-01
 1.9225e+00  3.9313e-01
 1.9230e+00  3.9280e-01
 1.9235e+00  3.9247e-01
 1.9240e+00  3.9215e-01
 1.9245e+00  3.9183e-01
 1.9250e+00  3.9152e-01
 1.9255e+00  3.9122e-01
 1.9260e+00  3.9092e-01
 1.9265e+00  3.9063e-01
 1.9270e+00  3.9034e-01
 1.9275e+00  3.9006e-01
 1.9280e+00  3.8978e-01
 1.9285e+00  3.8951e-01
 1.9290e+00  3.8925e-01
 1.9295e+00  3.8899e-01
 1.9300e+00  3.8873e-01
 1.9305e+00  3.8849e-01
 1.9310e+00  3.8824e-01
 1.9315e+00  3.8801e-01
 1.9320e+00  3.8778e-01
 1.9325e+00  3.8755e-01
 1.9330e+00  3.8733e-01
 1.9335e+00  3.8712e-01
 1.9340e+00  3.8691e-01
 1.9345e+00  3.8671e-01
 1.9350e+00  3.8652e-01
 1.9355e+00  3.8633e-01
 1.9360e+00  3.8614e-01
 1.9365e+00  3.8597e-01
 1.9370e+00  3.8579e-01
 1.9375e+00  3.8563e-01
 1.9380e+00  3.8547e-01
 1.9385e+00  3.8532e-01
 1.9390e+00  3.8517e-01
 1.9395e+00  3.8503e-01
 1.9400e+00  3.8490e-01
 1.9405e+00  3.8477e-01
 1.9410e+00  3.8465e-01
 1.9415e+00  3.8453e-01
 1.9420e+00  3.8442e-01
 1.9425e+00  3.8432e-01
 1.9430e+00  3.8422e-01
 1.9435e+00  3.8413e-01
 1.9440e+00  3.8404e-01
 1.9445e+00  3.8397e-01
 1.9450e+00  3.8389e-01
 1.9455e+00  3.8383e-01
 1.9460e+00  3.8377e-01
 1.9465e+00  3.8372e-01
 1.9470e+00  3.8367e-01
 1.9475e+00  3.8363e-01
 1.9480e+00  3.8360e-01
 1.9485e+00  3.8357e-01
 1.9490e+00  3.8355e-01
 1.9495e+00  3.8354e-01
 1.9500e+00  3.8353e-01
 1.9505e+00  3.8353e-01
 1.9510e+00  3.8354e-01
 1.9515e+00  3.8355e-01
 1.9520e+00  3.8357e-01
 1.9525e+00  3.8360e-01
 1.9530e+00  3.8364e-01
 1.9535e+00  3.8367e-01
 1.9540e+00  3.8372e-01
 1.9545e+00  3.8378e-01
 1.9550e+00  3.8384e-01
 1.9555e+00  3.8390e-01
 1.9560e+00  3.8398e-01
 1.9565e+00  3.8406e-01
 1.9570e+00  3.8415e-01
 1.9575e+00  3.8425e-01
 1.9580e+00  3.8435e-01
 1.9585e+00  3.8446e-01
 1.9590e+00  3.8457e-01
 1.9595e+00  3.8470e-01
 1.9600e+00  3.8483e-01
 1.9605e+00  3.8496e-01
 1.9610e+00  3.8511e-01
 1.9615e+00  3.8526e-01
 1.9620e+00  3.8542e-01
 1.9625e+00  3.8559e-01
 1.9630e+00  3.8576e-01
 1.9635e+00  3.8594e-01
 1.9640e+00  3.8613e-01
 1.9645e+00  3.8632e-01
 1.9650e+00  3.8652e-01
 1.9655e+00  3.8673e-01
 1.9660e+00  3.8695e-01
 1.9665e+00  3.8717e-01
 1.9670e+00  3.8741e-01
 1.9675e+00  3.8765e-01
 1.9680e+00  3.8789e-01
 1.9685e+00  3.8815e-01
 1.9690e+00  3.8841e-01
 1.9695e+00  3.8867e-01
 1.9700e+00  3.8895e-01
 1.9705e+00  3.8924e-01
 1.9710e+00  3.8953e-01
 1.9715e+00  3.8983e-01
 1.9720e+00  3.9013e-01
 1.9725e+00  3.9045e-01
 1.9730e+00  3.9077e-01
 1.9735e+00  3.9110e-01
 1.9740e+00  3.9143e-01
 1.9745e+00  3.9178e-01
 1.9750e+00  3.9213e-01
 1.9755e+00  3.9249e-01
 1.9760e+00  3.9286e-01
 1.9765e+00  3.9324e-01
 1.9770e+00  3.9362e-01
 1.9775e+00  3.9401e-01
 1.9780e+00  3.9441e-01
 1.9785e+00  3.9482e-01
 1.9790e+00  3.9524e-01
 1.9795e+00  3.9566e-01
 1.9800e+00  3.9609e-01
 1.9805e+00  3.9653e-01
 1.9810e+00  3.9698e-01
 1.9815e+00  3.9743e-01
 1.9820e+00  3.9789e-01
 1.9825e+00  3.9837e-01
 1.9830e+00  3.9885e-01
 1.9835e+00  3.9933e-01
 1.9840e+00  3.9983e-01
 1.9845e+00  4.0033e-01
 1.9850e+00  4.0084e-01
 1.9855e+00  4.0136e-01
 1.9860e+00  4.0189e-01
 1.9865e+00  4.0243e-01
 1.9870e+00  4.0297e-01
 1.9875e+00  4.0353e-01
 1.9880e+00  4.0409e-01
 1.9885e+00  4.0466e-01
 1.9890e+00  4.0524e-01
 1.9895e+00  4.0582e-01
 1.9900e+00  4.0642e-01
 1.9905e+00  4.0702e-01
 1.9910e+00  4.0763e-01
 1.9915e+00  4.0825e-01
 1.9920e+00  4.0888e-01
 1.9925e+00  4.0952e-01
 1.9930e+00  4.1017e-01
 1.9935e+00  4.1082e-01
 1.9940e+00  4.1148e-01
 1.9945e+00  4.1216e-01
 1.9950e+00  4.1284e-01
 1.9955e+00  4.1352e-01
 1.9960e+00  4.1422e-01
 1.9965e+00  4.1493e-01
 1.9970e+00  4.1564e-01
 1.9975e+00  4.1637e-01
 1.9980e+00  4.1710e-01
 1.9985e+00  4.1784e-01
 1.9990e+00  4.1859e-01
 1.9995e+00  4.1935e-01
 2.0000e+00  4.2012e-01
