#     mass     R_mu^F
 4.1950e-01  0.0000e+00
 4.2000e-01  7.4016e-24
 4.2050e-01  8.0057e-11
 4.2100e-01  1.8705e-10
 4.2150e-01  3.2113e-10
 4.2200e-01  4.8246e-10
 4.2250e-01  6.7120e-10
 4.2300e-01  8.8752e-10
 4.2350e-01  1.1316e-09
 4.2400e-01  1.4035e-09
 4.2450e-01  1.7035e-09
 4.2500e-01  2.0318e-09
 4.2550e-01  2.3885e-09
 4.2600e-01  2.7737e-09
 4.2650e-01  3.1877e-09
 4.2700e-01  3.6306e-09
 4.2750e-01  4.1026e-09
 4.2800e-01  4.6039e-09
 4.2850e-01  5.1347e-09
 4.2900e-01  5.6950e-09
 4.2950e-01  6.2852e-09
 4.3000e-01  6.9054e-09
 4.3050e-01  7.5557e-09
 4.3100e-01  8.2365e-09
 4.3150e-01  8.9477e-09
 4.3200e-01  9.6898e-09
 4.3250e-01  1.0463e-08
 4.3300e-01  1.1267e-08
 4.3350e-01  1.2102e-08
 4.3400e-01  1.2969e-08
 4.3450e-01  1.3868e-08
 4.3500e-01  1.4798e-08
 4.3550e-01  1.5761e-08
 4.3600e-01  1.6756e-08
 4.3650e-01  1.7783e-08
 4.3700e-01  1.8844e-08
 4.3750e-01  1.9937e-08
 4.3800e-01  2.1063e-08
 4.3850e-01  2.2223e-08
 4.3900e-01  2.3416e-08
 4.3950e-01  2.4643e-08
 4.4000e-01  2.5904e-08
 4.4050e-01  2.7200e-08
 4.4100e-01  2.8530e-08
 4.4150e-01  2.9894e-08
 4.4200e-01  3.1293e-08
 4.4250e-01  3.2728e-08
 4.4300e-01  3.4197e-08
 4.4350e-01  3.5703e-08
 4.4400e-01  3.7244e-08
 4.4450e-01  3.8821e-08
 4.4500e-01  4.0435e-08
 4.4550e-01  4.2085e-08
 4.4600e-01  4.3772e-08
 4.4650e-01  4.5496e-08
 4.4700e-01  4.7257e-08
 4.4750e-01  4.9056e-08
 4.4800e-01  5.0892e-08
 4.4850e-01  5.2767e-08
 4.4900e-01  5.4680e-08
 4.4950e-01  5.6631e-08
 4.5000e-01  5.8621e-08
 4.5050e-01  6.0650e-08
 4.5100e-01  6.2719e-08
 4.5150e-01  6.4827e-08
 4.5200e-01  6.6975e-08
 4.5250e-01  6.9163e-08
 4.5300e-01  7.1392e-08
 4.5350e-01  7.3661e-08
 4.5400e-01  7.5971e-08
 4.5450e-01  7.8322e-08
 4.5500e-01  8.0715e-08
 4.5550e-01  8.3150e-08
 4.5600e-01  8.5627e-08
 4.5650e-01  8.8146e-08
 4.5700e-01  9.0708e-08
 4.5750e-01  9.3313e-08
 4.5800e-01  9.5961e-08
 4.5850e-01  9.8653e-08
 4.5900e-01  1.0139e-07
 4.5950e-01  1.0417e-07
 4.6000e-01  1.0699e-07
 4.6050e-01  1.0986e-07
 4.6100e-01  1.1278e-07
 4.6150e-01  1.1574e-07
 4.6200e-01  1.1874e-07
 4.6250e-01  1.2179e-07
 4.6300e-01  1.2489e-07
 4.6350e-01  1.2804e-07
 4.6400e-01  1.3123e-07
 4.6450e-01  1.3447e-07
 4.6500e-01  1.3776e-07
 4.6550e-01  1.4109e-07
 4.6600e-01  1.4447e-07
 4.6650e-01  1.4791e-07
 4.6700e-01  1.5139e-07
 4.6750e-01  1.5492e-07
 4.6800e-01  1.5850e-07
 4.6850e-01  1.6213e-07
 4.6900e-01  1.6581e-07
 4.6950e-01  1.6955e-07
 4.7000e-01  1.7333e-07
 4.7050e-01  1.7717e-07
 4.7100e-01  1.8105e-07
 4.7150e-01  1.8499e-07
 4.7200e-01  1.8899e-07
 4.7250e-01  1.9303e-07
 4.7300e-01  1.9713e-07
 4.7350e-01  2.0129e-07
 4.7400e-01  2.0549e-07
 4.7450e-01  2.0976e-07
 4.7500e-01  2.1408e-07
 4.7550e-01  2.1845e-07
 4.7600e-01  2.2288e-07
 4.7650e-01  2.2737e-07
 4.7700e-01  2.3191e-07
 4.7750e-01  2.3651e-07
 4.7800e-01  2.4117e-07
 4.7850e-01  2.4588e-07
 4.7900e-01  2.5066e-07
 4.7950e-01  2.5549e-07
 4.8000e-01  2.6038e-07
 4.8050e-01  2.6534e-07
 4.8100e-01  2.7035e-07
 4.8150e-01  2.7542e-07
 4.8200e-01  2.8056e-07
 4.8250e-01  2.8575e-07
 4.8300e-01  2.9101e-07
 4.8350e-01  2.9633e-07
 4.8400e-01  3.0172e-07
 4.8450e-01  3.0717e-07
 4.8500e-01  3.1268e-07
 4.8550e-01  3.1826e-07
 4.8600e-01  3.2390e-07
 4.8650e-01  3.2960e-07
 4.8700e-01  3.3537e-07
 4.8750e-01  3.4121e-07
 4.8800e-01  3.4712e-07
 4.8850e-01  3.5309e-07
 4.8900e-01  3.5913e-07
 4.8950e-01  3.6524e-07
 4.9000e-01  3.7142e-07
 4.9050e-01  3.7767e-07
 4.9100e-01  3.8399e-07
 4.9150e-01  3.9038e-07
 4.9200e-01  3.9684e-07
 4.9250e-01  4.0337e-07
 4.9300e-01  4.0998e-07
 4.9350e-01  4.1665e-07
 4.9400e-01  4.2340e-07
 4.9450e-01  4.3023e-07
 4.9500e-01  4.3713e-07
 4.9550e-01  4.4410e-07
 4.9600e-01  4.5115e-07
 4.9650e-01  4.5827e-07
 4.9700e-01  4.6547e-07
 4.9750e-01  4.7275e-07
 4.9800e-01  4.8011e-07
 4.9850e-01  4.8755e-07
 4.9900e-01  4.9506e-07
 4.9950e-01  5.0266e-07
 5.0000e-01  5.1033e-07
 5.0050e-01  5.1809e-07
 5.0100e-01  5.2592e-07
 5.0150e-01  5.3384e-07
 5.0200e-01  5.4185e-07
 5.0250e-01  5.4993e-07
 5.0300e-01  5.5810e-07
 5.0350e-01  5.6636e-07
 5.0400e-01  5.7470e-07
 5.0450e-01  5.8312e-07
 5.0500e-01  5.9163e-07
 5.0550e-01  6.0024e-07
 5.0600e-01  6.0892e-07
 5.0650e-01  6.1770e-07
 5.0700e-01  6.2657e-07
 5.0750e-01  6.3553e-07
 5.0800e-01  6.4457e-07
 5.0850e-01  6.5371e-07
 5.0900e-01  6.6294e-07
 5.0950e-01  6.7227e-07
 5.1000e-01  6.8169e-07
 5.1050e-01  6.9120e-07
 5.1100e-01  7.0081e-07
 5.1150e-01  7.1051e-07
 5.1200e-01  7.2031e-07
 5.1250e-01  7.3021e-07
 5.1300e-01  7.4021e-07
 5.1350e-01  7.5030e-07
 5.1400e-01  7.6050e-07
 5.1450e-01  7.7079e-07
 5.1500e-01  7.8119e-07
 5.1550e-01  7.9169e-07
 5.1600e-01  8.0229e-07
 5.1650e-01  8.1299e-07
 5.1700e-01  8.2380e-07
 5.1750e-01  8.3472e-07
 5.1800e-01  8.4574e-07
 5.1850e-01  8.5687e-07
 5.1900e-01  8.6810e-07
 5.1950e-01  8.7945e-07
 5.2000e-01  8.9090e-07
 5.2050e-01  9.0247e-07
 5.2100e-01  9.1414e-07
 5.2150e-01  9.2593e-07
 5.2200e-01  9.3783e-07
 5.2250e-01  9.4984e-07
 5.2300e-01  9.6197e-07
 5.2350e-01  9.7422e-07
 5.2400e-01  9.8658e-07
 5.2450e-01  9.9906e-07
 5.2500e-01  1.0117e-06
 5.2550e-01  1.0244e-06
 5.2600e-01  1.0372e-06
 5.2650e-01  1.0502e-06
 5.2700e-01  1.0632e-06
 5.2750e-01  1.0765e-06
 5.2800e-01  1.0898e-06
 5.2850e-01  1.1032e-06
 5.2900e-01  1.1168e-06
 5.2950e-01  1.1305e-06
 5.3000e-01  1.1443e-06
 5.3050e-01  1.1583e-06
 5.3100e-01  1.1724e-06
 5.3150e-01  1.1866e-06
 5.3200e-01  1.2010e-06
 5.3250e-01  1.2155e-06
 5.3300e-01  1.2301e-06
 5.3350e-01  1.2448e-06
 5.3400e-01  1.2597e-06
 5.3450e-01  1.2748e-06
 5.3500e-01  1.2899e-06
 5.3550e-01  1.3052e-06
 5.3600e-01  1.3207e-06
 5.3650e-01  1.3363e-06
 5.3700e-01  1.3520e-06
 5.3750e-01  1.3679e-06
 5.3800e-01  1.3839e-06
 5.3850e-01  1.4001e-06
 5.3900e-01  1.4164e-06
 5.3950e-01  1.4329e-06
 5.4000e-01  1.4495e-06
 5.4050e-01  1.4662e-06
 5.4100e-01  1.4832e-06
 5.4150e-01  1.5002e-06
 5.4200e-01  1.5175e-06
 5.4250e-01  1.5349e-06
 5.4300e-01  1.5524e-06
 5.4350e-01  1.5701e-06
 5.4400e-01  1.5879e-06
 5.4450e-01  1.6060e-06
 5.4500e-01  1.6241e-06
 5.4550e-01  1.6425e-06
 5.4600e-01  1.6610e-06
 5.4650e-01  1.6797e-06
 5.4700e-01  1.6985e-06
 5.4750e-01  1.7175e-06
 5.4800e-01  1.7367e-06
 5.4850e-01  1.7560e-06
 5.4900e-01  1.7756e-06
 5.4950e-01  1.7953e-06
 5.5000e-01  1.8151e-06
 5.5050e-01  1.8352e-06
 5.5100e-01  1.8554e-06
 5.5150e-01  1.8758e-06
 5.5200e-01  1.8964e-06
 5.5250e-01  1.9171e-06
 5.5300e-01  1.9381e-06
 5.5350e-01  1.9592e-06
 5.5400e-01  1.9806e-06
 5.5450e-01  2.0021e-06
 5.5500e-01  2.0238e-06
 5.5550e-01  2.0457e-06
 5.5600e-01  2.0677e-06
 5.5650e-01  2.0900e-06
 5.5700e-01  2.1125e-06
 5.5750e-01  2.1351e-06
 5.5800e-01  2.1580e-06
 5.5850e-01  2.1811e-06
 5.5900e-01  2.2043e-06
 5.5950e-01  2.2278e-06
 5.6000e-01  2.2515e-06
 5.6050e-01  2.2754e-06
 5.6100e-01  2.2995e-06
 5.6150e-01  2.3238e-06
 5.6200e-01  2.3483e-06
 5.6250e-01  2.3730e-06
 5.6300e-01  2.3980e-06
 5.6350e-01  2.4231e-06
 5.6400e-01  2.4485e-06
 5.6450e-01  2.4741e-06
 5.6500e-01  2.4999e-06
 5.6550e-01  2.5260e-06
 5.6600e-01  2.5522e-06
 5.6650e-01  2.5787e-06
 5.6700e-01  2.6055e-06
 5.6750e-01  2.6324e-06
 5.6800e-01  2.6596e-06
 5.6850e-01  2.6870e-06
 5.6900e-01  2.7147e-06
 5.6950e-01  2.7426e-06
 5.7000e-01  2.7707e-06
 5.7050e-01  2.7991e-06
 5.7100e-01  2.8277e-06
 5.7150e-01  2.8566e-06
 5.7200e-01  2.8857e-06
 5.7250e-01  2.9150e-06
 5.7300e-01  2.9446e-06
 5.7350e-01  2.9745e-06
 5.7400e-01  3.0046e-06
 5.7450e-01  3.0350e-06
 5.7500e-01  3.0657e-06
 5.7550e-01  3.0966e-06
 5.7600e-01  3.1277e-06
 5.7650e-01  3.1591e-06
 5.7700e-01  3.1908e-06
 5.7750e-01  3.2228e-06
 5.7800e-01  3.2550e-06
 5.7850e-01  3.2876e-06
 5.7900e-01  3.3203e-06
 5.7950e-01  3.3534e-06
 5.8000e-01  3.3868e-06
 5.8050e-01  3.4204e-06
 5.8100e-01  3.4543e-06
 5.8150e-01  3.4885e-06
 5.8200e-01  3.5230e-06
 5.8250e-01  3.5578e-06
 5.8300e-01  3.5929e-06
 5.8350e-01  3.6282e-06
 5.8400e-01  3.6639e-06
 5.8450e-01  3.6999e-06
 5.8500e-01  3.7362e-06
 5.8550e-01  3.7728e-06
 5.8600e-01  3.8097e-06
 5.8650e-01  3.8469e-06
 5.8700e-01  3.8844e-06
 5.8750e-01  3.9222e-06
 5.8800e-01  3.9604e-06
 5.8850e-01  3.9988e-06
 5.8900e-01  4.0376e-06
 5.8950e-01  4.0768e-06
 5.9000e-01  4.1162e-06
 5.9050e-01  4.1560e-06
 5.9100e-01  4.1961e-06
 5.9150e-01  4.2366e-06
 5.9200e-01  4.2773e-06
 5.9250e-01  4.3185e-06
 5.9300e-01  4.3599e-06
 5.9350e-01  4.4018e-06
 5.9400e-01  4.4440e-06
 5.9450e-01  4.4865e-06
 5.9500e-01  4.5294e-06
 5.9550e-01  4.5726e-06
 5.9600e-01  4.6162e-06
 5.9650e-01  4.6601e-06
 5.9700e-01  4.7045e-06
 5.9750e-01  4.7492e-06
 5.9800e-01  4.7942e-06
 5.9850e-01  4.8397e-06
 5.9900e-01  4.8855e-06
 5.9950e-01  4.9317e-06
 6.0000e-01  4.9783e-06
 6.0050e-01  5.0253e-06
 6.0100e-01  5.0727e-06
 6.0150e-01  5.1204e-06
 6.0200e-01  5.1686e-06
 6.0250e-01  5.2171e-06
 6.0300e-01  5.2661e-06
 6.0350e-01  5.3155e-06
 6.0400e-01  5.3652e-06
 6.0450e-01  5.4154e-06
 6.0500e-01  5.4660e-06
 6.0550e-01  5.5170e-06
 6.0600e-01  5.5685e-06
 6.0650e-01  5.6204e-06
 6.0700e-01  5.6726e-06
 6.0750e-01  5.7254e-06
 6.0800e-01  5.7785e-06
 6.0850e-01  5.8322e-06
 6.0900e-01  5.8862e-06
 6.0950e-01  5.9407e-06
 6.1000e-01  5.9956e-06
 6.1050e-01  6.0511e-06
 6.1100e-01  6.1069e-06
 6.1150e-01  6.1632e-06
 6.1200e-01  6.2200e-06
 6.1250e-01  6.2772e-06
 6.1300e-01  6.3350e-06
 6.1350e-01  6.3932e-06
 6.1400e-01  6.4518e-06
 6.1450e-01  6.5110e-06
 6.1500e-01  6.5706e-06
 6.1550e-01  6.6308e-06
 6.1600e-01  6.6914e-06
 6.1650e-01  6.7525e-06
 6.1700e-01  6.8141e-06
 6.1750e-01  6.8763e-06
 6.1800e-01  6.9389e-06
 6.1850e-01  7.0021e-06
 6.1900e-01  7.0658e-06
 6.1950e-01  7.1300e-06
 6.2000e-01  7.1947e-06
 6.2050e-01  7.2599e-06
 6.2100e-01  7.3257e-06
 6.2150e-01  7.3920e-06
 6.2200e-01  7.4589e-06
 6.2250e-01  7.5264e-06
 6.2300e-01  7.5943e-06
 6.2350e-01  7.6629e-06
 6.2400e-01  7.7319e-06
 6.2450e-01  7.8016e-06
 6.2500e-01  7.8718e-06
 6.2550e-01  7.9426e-06
 6.2600e-01  8.0140e-06
 6.2650e-01  8.0860e-06
 6.2700e-01  8.1585e-06
 6.2750e-01  8.2317e-06
 6.2800e-01  8.3054e-06
 6.2850e-01  8.3797e-06
 6.2900e-01  8.4547e-06
 6.2950e-01  8.5303e-06
 6.3000e-01  8.6064e-06
 6.3050e-01  8.6832e-06
 6.3100e-01  8.7607e-06
 6.3150e-01  8.8387e-06
 6.3200e-01  8.9174e-06
 6.3250e-01  8.9968e-06
 6.3300e-01  9.0767e-06
 6.3350e-01  9.1574e-06
 6.3400e-01  9.2387e-06
 6.3450e-01  9.3206e-06
 6.3500e-01  9.4032e-06
 6.3550e-01  9.4865e-06
 6.3600e-01  9.5705e-06
 6.3650e-01  9.6552e-06
 6.3700e-01  9.7405e-06
 6.3750e-01  9.8266e-06
 6.3800e-01  9.9133e-06
 6.3850e-01  1.0001e-05
 6.3900e-01  1.0089e-05
 6.3950e-01  1.0178e-05
 6.4000e-01  1.0267e-05
 6.4050e-01  1.0358e-05
 6.4100e-01  1.0449e-05
 6.4150e-01  1.0541e-05
 6.4200e-01  1.0633e-05
 6.4250e-01  1.0726e-05
 6.4300e-01  1.0821e-05
 6.4350e-01  1.0915e-05
 6.4400e-01  1.1011e-05
 6.4450e-01  1.1107e-05
 6.4500e-01  1.1204e-05
 6.4550e-01  1.1302e-05
 6.4600e-01  1.1401e-05
 6.4650e-01  1.1501e-05
 6.4700e-01  1.1601e-05
 6.4750e-01  1.1702e-05
 6.4800e-01  1.1804e-05
 6.4850e-01  1.1907e-05
 6.4900e-01  1.2010e-05
 6.4950e-01  1.2115e-05
 6.5000e-01  1.2220e-05
 6.5050e-01  1.2327e-05
 6.5100e-01  1.2434e-05
 6.5150e-01  1.2542e-05
 6.5200e-01  1.2650e-05
 6.5250e-01  1.2760e-05
 6.5300e-01  1.2870e-05
 6.5350e-01  1.2982e-05
 6.5400e-01  1.3094e-05
 6.5450e-01  1.3208e-05
 6.5500e-01  1.3322e-05
 6.5550e-01  1.3437e-05
 6.5600e-01  1.3553e-05
 6.5650e-01  1.3670e-05
 6.5700e-01  1.3788e-05
 6.5750e-01  1.3907e-05
 6.5800e-01  1.4027e-05
 6.5850e-01  1.4148e-05
 6.5900e-01  1.4269e-05
 6.5950e-01  1.4392e-05
 6.6000e-01  1.4516e-05
 6.6050e-01  1.4641e-05
 6.6100e-01  1.4767e-05
 6.6150e-01  1.4893e-05
 6.6200e-01  1.5021e-05
 6.6250e-01  1.5150e-05
 6.6300e-01  1.5280e-05
 6.6350e-01  1.5411e-05
 6.6400e-01  1.5543e-05
 6.6450e-01  1.5676e-05
 6.6500e-01  1.5811e-05
 6.6550e-01  1.5946e-05
 6.6600e-01  1.6082e-05
 6.6650e-01  1.6220e-05
 6.6700e-01  1.6358e-05
 6.6750e-01  1.6498e-05
 6.6800e-01  1.6639e-05
 6.6850e-01  1.6781e-05
 6.6900e-01  1.6924e-05
 6.6950e-01  1.7069e-05
 6.7000e-01  1.7214e-05
 6.7050e-01  1.7361e-05
 6.7100e-01  1.7509e-05
 6.7150e-01  1.7658e-05
 6.7200e-01  1.7808e-05
 6.7250e-01  1.7959e-05
 6.7300e-01  1.8112e-05
 6.7350e-01  1.8266e-05
 6.7400e-01  1.8421e-05
 6.7450e-01  1.8578e-05
 6.7500e-01  1.8736e-05
 6.7550e-01  1.8895e-05
 6.7600e-01  1.9055e-05
 6.7650e-01  1.9216e-05
 6.7700e-01  1.9379e-05
 6.7750e-01  1.9544e-05
 6.7800e-01  1.9709e-05
 6.7850e-01  1.9876e-05
 6.7900e-01  2.0044e-05
 6.7950e-01  2.0214e-05
 6.8000e-01  2.0385e-05
 6.8050e-01  2.0558e-05
 6.8100e-01  2.0731e-05
 6.8150e-01  2.0907e-05
 6.8200e-01  2.1083e-05
 6.8250e-01  2.1261e-05
 6.8300e-01  2.1441e-05
 6.8350e-01  2.1622e-05
 6.8400e-01  2.1804e-05
 6.8450e-01  2.1988e-05
 6.8500e-01  2.2174e-05
 6.8550e-01  2.2361e-05
 6.8600e-01  2.2549e-05
 6.8650e-01  2.2739e-05
 6.8700e-01  2.2931e-05
 6.8750e-01  2.3124e-05
 6.8800e-01  2.3319e-05
 6.8850e-01  2.3515e-05
 6.8900e-01  2.3713e-05
 6.8950e-01  2.3912e-05
 6.9000e-01  2.4113e-05
 6.9050e-01  2.4316e-05
 6.9100e-01  2.4521e-05
 6.9150e-01  2.4727e-05
 6.9200e-01  2.4934e-05
 6.9250e-01  2.5144e-05
 6.9300e-01  2.5355e-05
 6.9350e-01  2.5568e-05
 6.9400e-01  2.5783e-05
 6.9450e-01  2.5999e-05
 6.9500e-01  2.6217e-05
 6.9550e-01  2.6437e-05
 6.9600e-01  2.6659e-05
 6.9650e-01  2.6882e-05
 6.9700e-01  2.7108e-05
 6.9750e-01  2.7335e-05
 6.9800e-01  2.7564e-05
 6.9850e-01  2.7795e-05
 6.9900e-01  2.8028e-05
 6.9950e-01  2.8262e-05
 7.0000e-01  2.8499e-05
 7.0050e-01  2.8738e-05
 7.0100e-01  2.8978e-05
 7.0150e-01  2.9221e-05
 7.0200e-01  2.9465e-05
 7.0250e-01  2.9712e-05
 7.0300e-01  2.9960e-05
 7.0350e-01  3.0211e-05
 7.0400e-01  3.0463e-05
 7.0450e-01  3.0718e-05
 7.0500e-01  3.0975e-05
 7.0550e-01  3.1234e-05
 7.0600e-01  3.1495e-05
 7.0650e-01  3.1758e-05
 7.0700e-01  3.2023e-05
 7.0750e-01  3.2291e-05
 7.0800e-01  3.2561e-05
 7.0850e-01  3.2833e-05
 7.0900e-01  3.3107e-05
 7.0950e-01  3.3383e-05
 7.1000e-01  3.3662e-05
 7.1050e-01  3.3943e-05
 7.1100e-01  3.4226e-05
 7.1150e-01  3.4512e-05
 7.1200e-01  3.4800e-05
 7.1250e-01  3.5090e-05
 7.1300e-01  3.5383e-05
 7.1350e-01  3.5678e-05
 7.1400e-01  3.5976e-05
 7.1450e-01  3.6276e-05
 7.1500e-01  3.6579e-05
 7.1550e-01  3.6884e-05
 7.1600e-01  3.7191e-05
 7.1650e-01  3.7501e-05
 7.1700e-01  3.7814e-05
 7.1750e-01  3.8130e-05
 7.1800e-01  3.8447e-05
 7.1850e-01  3.8768e-05
 7.1900e-01  3.9091e-05
 7.1950e-01  3.9417e-05
 7.2000e-01  3.9746e-05
 7.2050e-01  4.0077e-05
 7.2100e-01  4.0411e-05
 7.2150e-01  4.0748e-05
 7.2200e-01  4.1088e-05
 7.2250e-01  4.1430e-05
 7.2300e-01  4.1776e-05
 7.2350e-01  4.2124e-05
 7.2400e-01  4.2475e-05
 7.2450e-01  4.2829e-05
 7.2500e-01  4.3186e-05
 7.2550e-01  4.3546e-05
 7.2600e-01  4.3909e-05
 7.2650e-01  4.4275e-05
 7.2700e-01  4.4644e-05
 7.2750e-01  4.5016e-05
 7.2800e-01  4.5391e-05
 7.2850e-01  4.5770e-05
 7.2900e-01  4.6151e-05
 7.2950e-01  4.6536e-05
 7.3000e-01  4.6924e-05
 7.3050e-01  4.7315e-05
 7.3100e-01  4.7710e-05
 7.3150e-01  4.8108e-05
 7.3200e-01  4.8509e-05
 7.3250e-01  4.8913e-05
 7.3300e-01  4.9321e-05
 7.3350e-01  4.9733e-05
 7.3400e-01  5.0148e-05
 7.3450e-01  5.0566e-05
 7.3500e-01  5.0988e-05
 7.3550e-01  5.1413e-05
 7.3600e-01  5.1842e-05
 7.3650e-01  5.2275e-05
 7.3700e-01  5.2711e-05
 7.3750e-01  5.3151e-05
 7.3800e-01  5.3595e-05
 7.3850e-01  5.4042e-05
 7.3900e-01  5.4494e-05
 7.3950e-01  5.4948e-05
 7.4000e-01  5.5407e-05
 7.4050e-01  5.5870e-05
 7.4100e-01  5.6337e-05
 7.4150e-01  5.6808e-05
 7.4200e-01  5.7282e-05
 7.4250e-01  5.7761e-05
 7.4300e-01  5.8244e-05
 7.4350e-01  5.8731e-05
 7.4400e-01  5.9222e-05
 7.4450e-01  5.9717e-05
 7.4500e-01  6.0216e-05
 7.4550e-01  6.0720e-05
 7.4600e-01  6.1228e-05
 7.4650e-01  6.1740e-05
 7.4700e-01  6.2257e-05
 7.4750e-01  6.2778e-05
 7.4800e-01  6.3303e-05
 7.4850e-01  6.3834e-05
 7.4900e-01  6.4368e-05
 7.4950e-01  6.4907e-05
 7.5000e-01  6.5451e-05
 7.5050e-01  6.6000e-05
 7.5100e-01  6.6553e-05
 7.5150e-01  6.7111e-05
 7.5200e-01  6.7674e-05
 7.5250e-01  6.8241e-05
 7.5300e-01  6.8814e-05
 7.5350e-01  6.9391e-05
 7.5400e-01  6.9974e-05
 7.5450e-01  7.0561e-05
 7.5500e-01  7.1154e-05
 7.5550e-01  7.1751e-05
 7.5600e-01  7.2354e-05
 7.5650e-01  7.2962e-05
 7.5700e-01  7.3575e-05
 7.5750e-01  7.4194e-05
 7.5800e-01  7.4818e-05
 7.5850e-01  7.5448e-05
 7.5900e-01  7.6083e-05
 7.5950e-01  7.6723e-05
 7.6000e-01  7.7369e-05
 7.6050e-01  7.8021e-05
 7.6100e-01  7.8678e-05
 7.6150e-01  7.9341e-05
 7.6200e-01  8.0010e-05
 7.6250e-01  8.0685e-05
 7.6300e-01  8.1365e-05
 7.6350e-01  8.2052e-05
 7.6400e-01  8.2744e-05
 7.6450e-01  8.3443e-05
 7.6500e-01  8.4148e-05
 7.6550e-01  8.4859e-05
 7.6600e-01  8.5576e-05
 7.6650e-01  8.6300e-05
 7.6700e-01  8.7030e-05
 7.6750e-01  8.7766e-05
 7.6800e-01  8.8509e-05
 7.6850e-01  8.9258e-05
 7.6900e-01  9.0014e-05
 7.6950e-01  9.0777e-05
 7.7000e-01  9.1547e-05
 7.7050e-01  9.2323e-05
 7.7100e-01  9.3106e-05
 7.7150e-01  9.3896e-05
 7.7200e-01  9.4694e-05
 7.7250e-01  9.5498e-05
 7.7300e-01  9.6309e-05
 7.7350e-01  9.7128e-05
 7.7400e-01  9.7954e-05
 7.7450e-01  9.8787e-05
 7.7500e-01  9.9628e-05
 7.7550e-01  1.0048e-04
 7.7600e-01  1.0133e-04
 7.7650e-01  1.0220e-04
 7.7700e-01  1.0307e-04
 7.7750e-01  1.0395e-04
 7.7800e-01  1.0483e-04
 7.7850e-01  1.0573e-04
 7.7900e-01  1.0663e-04
 7.7950e-01  1.0754e-04
 7.8000e-01  1.0846e-04
 7.8050e-01  1.0939e-04
 7.8100e-01  1.1033e-04
 7.8150e-01  1.1127e-04
 7.8200e-01  1.1223e-04
 7.8250e-01  1.1319e-04
 7.8300e-01  1.1416e-04
 7.8350e-01  1.1514e-04
 7.8400e-01  1.1613e-04
 7.8450e-01  1.1712e-04
 7.8500e-01  1.1813e-04
 7.8550e-01  1.1914e-04
 7.8600e-01  1.2017e-04
 7.8650e-01  1.2120e-04
 7.8700e-01  1.2225e-04
 7.8750e-01  1.2330e-04
 7.8800e-01  1.2436e-04
 7.8850e-01  1.2544e-04
 7.8900e-01  1.2652e-04
 7.8950e-01  1.2761e-04
 7.9000e-01  1.2872e-04
 7.9050e-01  1.2983e-04
 7.9100e-01  1.3095e-04
 7.9150e-01  1.3208e-04
 7.9200e-01  1.3323e-04
 7.9250e-01  1.3438e-04
 7.9300e-01  1.3555e-04
 7.9350e-01  1.3673e-04
 7.9400e-01  1.3791e-04
 7.9450e-01  1.3911e-04
 7.9500e-01  1.4032e-04
 7.9550e-01  1.4154e-04
 7.9600e-01  1.4277e-04
 7.9650e-01  1.4402e-04
 7.9700e-01  1.4527e-04
 7.9750e-01  1.4654e-04
 7.9800e-01  1.4782e-04
 7.9850e-01  1.4911e-04
 7.9900e-01  1.5041e-04
 7.9950e-01  1.5173e-04
 8.0000e-01  1.5306e-04
 8.0050e-01  1.5440e-04
 8.0100e-01  1.5575e-04
 8.0150e-01  1.5712e-04
 8.0200e-01  1.5850e-04
 8.0250e-01  1.5989e-04
 8.0300e-01  1.6129e-04
 8.0350e-01  1.6271e-04
 8.0400e-01  1.6414e-04
 8.0450e-01  1.6559e-04
 8.0500e-01  1.6705e-04
 8.0550e-01  1.6852e-04
 8.0600e-01  1.7001e-04
 8.0650e-01  1.7151e-04
 8.0700e-01  1.7303e-04
 8.0750e-01  1.7456e-04
 8.0800e-01  1.7611e-04
 8.0850e-01  1.7767e-04
 8.0900e-01  1.7924e-04
 8.0950e-01  1.8084e-04
 8.1000e-01  1.8244e-04
 8.1050e-01  1.8407e-04
 8.1100e-01  1.8570e-04
 8.1150e-01  1.8736e-04
 8.1200e-01  1.8903e-04
 8.1250e-01  1.9071e-04
 8.1300e-01  1.9242e-04
 8.1350e-01  1.9414e-04
 8.1400e-01  1.9587e-04
 8.1450e-01  1.9763e-04
 8.1500e-01  1.9940e-04
 8.1550e-01  2.0119e-04
 8.1600e-01  2.0299e-04
 8.1650e-01  2.0482e-04
 8.1700e-01  2.0666e-04
 8.1750e-01  2.0852e-04
 8.1800e-01  2.1040e-04
 8.1850e-01  2.1230e-04
 8.1900e-01  2.1421e-04
 8.1950e-01  2.1615e-04
 8.2000e-01  2.1810e-04
 8.2050e-01  2.2007e-04
 8.2100e-01  2.2207e-04
 8.2150e-01  2.2408e-04
 8.2200e-01  2.2612e-04
 8.2250e-01  2.2817e-04
 8.2300e-01  2.3025e-04
 8.2350e-01  2.3234e-04
 8.2400e-01  2.3446e-04
 8.2450e-01  2.3660e-04
 8.2500e-01  2.3876e-04
 8.2550e-01  2.4094e-04
 8.2600e-01  2.4315e-04
 8.2650e-01  2.4537e-04
 8.2700e-01  2.4762e-04
 8.2750e-01  2.4990e-04
 8.2800e-01  2.5219e-04
 8.2850e-01  2.5451e-04
 8.2900e-01  2.5686e-04
 8.2950e-01  2.5922e-04
 8.3000e-01  2.6162e-04
 8.3050e-01  2.6403e-04
 8.3100e-01  2.6648e-04
 8.3150e-01  2.6894e-04
 8.3200e-01  2.7144e-04
 8.3250e-01  2.7395e-04
 8.3300e-01  2.7650e-04
 8.3350e-01  2.7907e-04
 8.3400e-01  2.8167e-04
 8.3450e-01  2.8430e-04
 8.3500e-01  2.8695e-04
 8.3550e-01  2.8963e-04
 8.3600e-01  2.9234e-04
 8.3650e-01  2.9508e-04
 8.3700e-01  2.9784e-04
 8.3750e-01  3.0064e-04
 8.3800e-01  3.0347e-04
 8.3850e-01  3.0632e-04
 8.3900e-01  3.0921e-04
 8.3950e-01  3.1213e-04
 8.4000e-01  3.1507e-04
 8.4050e-01  3.1805e-04
 8.4100e-01  3.2106e-04
 8.4150e-01  3.2411e-04
 8.4200e-01  3.2719e-04
 8.4250e-01  3.3030e-04
 8.4300e-01  3.3344e-04
 8.4350e-01  3.3662e-04
 8.4400e-01  3.3983e-04
 8.4450e-01  3.4308e-04
 8.4500e-01  3.4636e-04
 8.4550e-01  3.4968e-04
 8.4600e-01  3.5303e-04
 8.4650e-01  3.5643e-04
 8.4700e-01  3.5986e-04
 8.4750e-01  3.6332e-04
 8.4800e-01  3.6683e-04
 8.4850e-01  3.7037e-04
 8.4900e-01  3.7395e-04
 8.4950e-01  3.7758e-04
 8.5000e-01  3.8124e-04
 8.5050e-01  3.8494e-04
 8.5100e-01  3.8869e-04
 8.5150e-01  3.9247e-04
 8.5200e-01  3.9630e-04
 8.5250e-01  4.0018e-04
 8.5300e-01  4.0409e-04
 8.5350e-01  4.0805e-04
 8.5400e-01  4.1206e-04
 8.5450e-01  4.1611e-04
 8.5500e-01  4.2020e-04
 8.5550e-01  4.2435e-04
 8.5600e-01  4.2854e-04
 8.5650e-01  4.3277e-04
 8.5700e-01  4.3706e-04
 8.5750e-01  4.4140e-04
 8.5800e-01  4.4578e-04
 8.5850e-01  4.5022e-04
 8.5900e-01  4.5471e-04
 8.5950e-01  4.5925e-04
 8.6000e-01  4.6384e-04
 8.6050e-01  4.6848e-04
 8.6100e-01  4.7318e-04
 8.6150e-01  4.7794e-04
 8.6200e-01  4.8275e-04
 8.6250e-01  4.8762e-04
 8.6300e-01  4.9254e-04
 8.6350e-01  4.9752e-04
 8.6400e-01  5.0256e-04
 8.6450e-01  5.0767e-04
 8.6500e-01  5.1283e-04
 8.6550e-01  5.1805e-04
 8.6600e-01  5.2334e-04
 8.6650e-01  5.2869e-04
 8.6700e-01  5.3410e-04
 8.6750e-01  5.3958e-04
 8.6800e-01  5.4512e-04
 8.6850e-01  5.5074e-04
 8.6900e-01  5.5641e-04
 8.6950e-01  5.6216e-04
 8.7000e-01  5.6798e-04
 8.7050e-01  5.7387e-04
 8.7100e-01  5.7983e-04
 8.7150e-01  5.8587e-04
 8.7200e-01  5.9198e-04
 8.7250e-01  5.9816e-04
 8.7300e-01  6.0442e-04
 8.7350e-01  6.1076e-04
 8.7400e-01  6.1718e-04
 8.7450e-01  6.2368e-04
 8.7500e-01  6.3026e-04
 8.7550e-01  6.3692e-04
 8.7600e-01  6.4366e-04
 8.7650e-01  6.5049e-04
 8.7700e-01  6.5741e-04
 8.7750e-01  6.6441e-04
 8.7800e-01  6.7151e-04
 8.7850e-01  6.7869e-04
 8.7900e-01  6.8596e-04
 8.7950e-01  6.9333e-04
 8.8000e-01  7.0080e-04
 8.8050e-01  7.0836e-04
 8.8100e-01  7.1601e-04
 8.8150e-01  7.2377e-04
 8.8200e-01  7.3162e-04
 8.8250e-01  7.3958e-04
 8.8300e-01  7.4765e-04
 8.8350e-01  7.5582e-04
 8.8400e-01  7.6409e-04
 8.8450e-01  7.7248e-04
 8.8500e-01  7.8097e-04
 8.8550e-01  7.8958e-04
 8.8600e-01  7.9831e-04
 8.8650e-01  8.0714e-04
 8.8700e-01  8.1610e-04
 8.8750e-01  8.2518e-04
 8.8800e-01  8.3438e-04
 8.8850e-01  8.4370e-04
 8.8900e-01  8.5315e-04
 8.8950e-01  8.6273e-04
 8.9000e-01  8.7244e-04
 8.9050e-01  8.7401e-04
 8.9100e-01  8.8557e-04
 8.9150e-01  8.9729e-04
 8.9200e-01  9.0916e-04
 8.9250e-01  9.2119e-04
 8.9300e-01  9.3338e-04
 8.9350e-01  9.4574e-04
 8.9400e-01  9.5826e-04
 8.9450e-01  9.7096e-04
 8.9500e-01  9.8382e-04
 8.9550e-01  9.9687e-04
 8.9600e-01  1.0101e-03
 8.9650e-01  1.0235e-03
 8.9700e-01  1.0371e-03
 8.9750e-01  1.0509e-03
 8.9800e-01  1.0648e-03
 8.9850e-01  1.0790e-03
 8.9900e-01  1.0934e-03
 8.9950e-01  1.1079e-03
 9.0000e-01  1.1227e-03
 9.0050e-01  1.1377e-03
 9.0100e-01  1.1528e-03
 9.0150e-01  1.1683e-03
 9.0200e-01  1.1839e-03
 9.0250e-01  1.1997e-03
 9.0300e-01  1.2158e-03
 9.0350e-01  1.2321e-03
 9.0400e-01  1.2487e-03
 9.0450e-01  1.2655e-03
 9.0500e-01  1.2825e-03
 9.0550e-01  1.2998e-03
 9.0600e-01  1.3173e-03
 9.0650e-01  1.3351e-03
 9.0700e-01  1.3532e-03
 9.0750e-01  1.3715e-03
 9.0800e-01  1.3901e-03
 9.0850e-01  1.4090e-03
 9.0900e-01  1.4282e-03
 9.0950e-01  1.4476e-03
 9.1000e-01  1.4674e-03
 9.1050e-01  1.4874e-03
 9.1100e-01  1.5078e-03
 9.1150e-01  1.5285e-03
 9.1200e-01  1.5494e-03
 9.1250e-01  1.5708e-03
 9.1300e-01  1.5924e-03
 9.1350e-01  1.6144e-03
 9.1400e-01  1.6367e-03
 9.1450e-01  1.6594e-03
 9.1500e-01  1.6824e-03
 9.1550e-01  1.7059e-03
 9.1600e-01  1.7296e-03
 9.1650e-01  1.7538e-03
 9.1700e-01  1.7783e-03
 9.1750e-01  1.8033e-03
 9.1800e-01  1.8286e-03
 9.1850e-01  1.8544e-03
 9.1900e-01  1.8806e-03
 9.1950e-01  1.9072e-03
 9.2000e-01  1.9342e-03
 9.2050e-01  1.9617e-03
 9.2100e-01  1.9897e-03
 9.2150e-01  2.0181e-03
 9.2200e-01  2.0470e-03
 9.2250e-01  2.0764e-03
 9.2300e-01  2.1063e-03
 9.2350e-01  2.1366e-03
 9.2400e-01  2.1676e-03
 9.2450e-01  2.1990e-03
 9.2500e-01  2.2310e-03
 9.2550e-01  2.2635e-03
 9.2600e-01  2.2966e-03
 9.2650e-01  2.3303e-03
 9.2700e-01  2.3646e-03
 9.2750e-01  2.3995e-03
 9.2800e-01  2.4350e-03
 9.2850e-01  2.4712e-03
 9.2900e-01  2.5080e-03
 9.2950e-01  2.5454e-03
 9.3000e-01  2.5836e-03
 9.3050e-01  2.6224e-03
 9.3100e-01  2.6619e-03
 9.3150e-01  2.7022e-03
 9.3200e-01  2.7432e-03
 9.3250e-01  2.7850e-03
 9.3300e-01  2.8276e-03
 9.3350e-01  2.8709e-03
 9.3400e-01  2.9151e-03
 9.3450e-01  2.9601e-03
 9.3500e-01  3.0060e-03
 9.3550e-01  3.0528e-03
 9.3600e-01  3.1004e-03
 9.3650e-01  3.1490e-03
 9.3700e-01  3.1986e-03
 9.3750e-01  3.2491e-03
 9.3800e-01  3.3006e-03
 9.3850e-01  3.3531e-03
 9.3900e-01  3.4067e-03
 9.3950e-01  3.4614e-03
 9.4000e-01  3.5171e-03
 9.4050e-01  3.5740e-03
 9.4100e-01  3.6321e-03
 9.4150e-01  3.6913e-03
 9.4200e-01  3.7518e-03
 9.4250e-01  3.8136e-03
 9.4300e-01  3.8766e-03
 9.4350e-01  3.9410e-03
 9.4400e-01  4.0067e-03
 9.4450e-01  4.0738e-03
 9.4500e-01  4.1424e-03
 9.4550e-01  4.2125e-03
 9.4600e-01  4.2840e-03
 9.4650e-01  4.3572e-03
 9.4700e-01  4.4319e-03
 9.4750e-01  4.5083e-03
 9.4800e-01  4.5865e-03
 9.4850e-01  4.6663e-03
 9.4900e-01  4.7480e-03
 9.4950e-01  4.8315e-03
 9.5000e-01  4.9170e-03
 9.5050e-01  5.0044e-03
 9.5100e-01  5.0938e-03
 9.5150e-01  5.1854e-03
 9.5200e-01  5.2790e-03
 9.5250e-01  5.3749e-03
 9.5300e-01  5.4732e-03
 9.5350e-01  5.5737e-03
 9.5400e-01  5.6767e-03
 9.5450e-01  5.7822e-03
 9.5500e-01  5.8903e-03
 9.5550e-01  6.0011e-03
 9.5600e-01  6.1147e-03
 9.5650e-01  6.2311e-03
 9.5700e-01  6.3504e-03
 9.5750e-01  6.4728e-03
 9.5800e-01  6.5983e-03
 9.5850e-01  6.7271e-03
 9.5900e-01  6.8593e-03
 9.5950e-01  6.9949e-03
 9.6000e-01  7.1341e-03
 9.6050e-01  7.2771e-03
 9.6100e-01  7.4239e-03
 9.6150e-01  7.5747e-03
 9.6200e-01  7.7297e-03
 9.6250e-01  7.8889e-03
 9.6300e-01  8.0526e-03
 9.6350e-01  8.2208e-03
 9.6400e-01  8.3939e-03
 9.6450e-01  8.5719e-03
 9.6500e-01  8.7550e-03
 9.6550e-01  8.9434e-03
 9.6600e-01  9.1374e-03
 9.6650e-01  9.3372e-03
 9.6700e-01  9.5429e-03
 9.6750e-01  9.7548e-03
 9.6800e-01  9.9732e-03
 9.6850e-01  1.0198e-02
 9.6900e-01  1.0430e-02
 9.6950e-01  1.0670e-02
 9.7000e-01  1.0917e-02
 9.7050e-01  1.1172e-02
 9.7100e-01  1.1435e-02
 9.7150e-01  1.1706e-02
 9.7200e-01  1.1987e-02
 9.7250e-01  1.2277e-02
 9.7300e-01  1.2577e-02
 9.7350e-01  1.2887e-02
 9.7400e-01  1.3207e-02
 9.7450e-01  1.3539e-02
 9.7500e-01  1.3882e-02
 9.7550e-01  1.4238e-02
 9.7600e-01  1.4606e-02
 9.7650e-01  1.4988e-02
 9.7700e-01  1.5383e-02
 9.7750e-01  1.5793e-02
 9.7800e-01  1.6219e-02
 9.7850e-01  1.6661e-02
 9.7900e-01  1.7120e-02
 9.7950e-01  1.7597e-02
 9.8000e-01  1.8093e-02
 9.8050e-01  1.8608e-02
 9.8100e-01  1.9144e-02
 9.8150e-01  1.9702e-02
 9.8200e-01  2.0284e-02
 9.8250e-01  2.0890e-02
 9.8300e-01  2.1521e-02
 9.8350e-01  2.2180e-02
 9.8400e-01  2.2868e-02
 9.8450e-01  2.3586e-02
 9.8500e-01  2.4337e-02
 9.8550e-01  2.5122e-02
 9.8600e-01  2.5943e-02
 9.8650e-01  2.6803e-02
 9.8700e-01  2.7704e-02
 9.8750e-01  2.8648e-02
 9.8800e-01  2.9639e-02
 9.8850e-01  3.0680e-02
 9.8900e-01  3.1774e-02
 9.8950e-01  3.2924e-02
 9.9000e-01  3.4134e-02
 9.9050e-01  3.5409e-02
 9.9100e-01  3.6753e-02
 9.9150e-01  3.8172e-02
 9.9200e-01  3.9670e-02
 9.9250e-01  4.1254e-02
 9.9300e-01  4.2931e-02
 9.9350e-01  4.4707e-02
 9.9400e-01  4.6591e-02
 9.9450e-01  4.8591e-02
 9.9500e-01  5.0717e-02
 9.9550e-01  5.2981e-02
 9.9600e-01  5.5392e-02
 9.9650e-01  5.7966e-02
 9.9700e-01  6.0716e-02
 9.9750e-01  6.3659e-02
 9.9800e-01  6.6812e-02
 9.9850e-01  7.0198e-02
 9.9900e-01  7.3837e-02
 9.9950e-01  7.7757e-02
 1.0000e+00  8.1986e-02
 1.0005e+00  8.6557e-02
 1.0010e+00  9.1509e-02
 1.0015e+00  9.6883e-02
 1.0020e+00  1.0273e-01
 1.0025e+00  1.0910e-01
 1.0030e+00  1.1607e-01
 1.0035e+00  1.2370e-01
 1.0040e+00  1.3209e-01
 1.0045e+00  1.4134e-01
 1.0050e+00  1.5156e-01
 1.0055e+00  1.6290e-01
 1.0060e+00  1.7552e-01
 1.0065e+00  1.8961e-01
 1.0070e+00  2.0543e-01
 1.0075e+00  2.2325e-01
 1.0080e+00  2.4342e-01
 1.0085e+00  2.6636e-01
 1.0090e+00  2.9261e-01
 1.0095e+00  3.2280e-01
 1.0100e+00  3.5776e-01
 1.0105e+00  3.9852e-01
 1.0110e+00  4.4641e-01
 1.0115e+00  5.0313e-01
 1.0120e+00  5.7092e-01
 1.0125e+00  6.5276e-01
 1.0130e+00  7.5263e-01
 1.0135e+00  8.7594e-01
 1.0140e+00  1.0302e+00
 1.0145e+00  1.2258e+00
 1.0150e+00  1.4775e+00
 1.0155e+00  1.8061e+00
 1.0160e+00  2.2409e+00
 1.0165e+00  2.8210e+00
 1.0170e+00  3.5937e+00
 1.0175e+00  4.5976e+00
 1.0180e+00  5.8103e+00
 1.0185e+00  7.0427e+00
 1.0190e+00  7.8702e+00
 1.0195e+00  7.8597e+00
 1.0200e+00  7.0218e+00
 1.0205e+00  5.7964e+00
 1.0210e+00  4.5983e+00
 1.0215e+00  3.6078e+00
 1.0220e+00  2.8445e+00
 1.0225e+00  2.2701e+00
 1.0230e+00  1.8383e+00
 1.0235e+00  1.5108e+00
 1.0240e+00  1.2592e+00
 1.0245e+00  1.0631e+00
 1.0250e+00  9.0799e-01
 1.0255e+00  7.8361e-01
 1.0260e+00  6.8260e-01
 1.0265e+00  5.9960e-01
 1.0270e+00  5.3066e-01
 1.0275e+00  4.7283e-01
 1.0280e+00  4.2388e-01
 1.0285e+00  3.8212e-01
 1.0290e+00  3.4621e-01
 1.0295e+00  3.1512e-01
 1.0300e+00  2.8803e-01
 1.0305e+00  2.6430e-01
 1.0310e+00  2.4339e-01
 1.0315e+00  2.2487e-01
 1.0320e+00  2.0840e-01
 1.0325e+00  1.9368e-01
 1.0330e+00  1.8048e-01
 1.0335e+00  1.6860e-01
 1.0340e+00  1.5786e-01
 1.0345e+00  1.4813e-01
 1.0350e+00  1.3927e-01
 1.0355e+00  1.3120e-01
 1.0360e+00  1.2382e-01
 1.0365e+00  1.1705e-01
 1.0370e+00  1.1083e-01
 1.0375e+00  1.0510e-01
 1.0380e+00  9.9809e-02
 1.0385e+00  9.4914e-02
 1.0390e+00  9.0376e-02
 1.0395e+00  8.6162e-02
 1.0400e+00  8.2241e-02
 1.0405e+00  7.8586e-02
 1.0410e+00  7.5174e-02
 1.0415e+00  7.1984e-02
 1.0420e+00  6.8997e-02
 1.0425e+00  6.6196e-02
 1.0430e+00  6.3565e-02
 1.0435e+00  6.1092e-02
 1.0440e+00  5.8763e-02
 1.0445e+00  5.6569e-02
 1.0450e+00  5.4497e-02
 1.0455e+00  5.2540e-02
 1.0460e+00  5.0689e-02
 1.0465e+00  4.8937e-02
 1.0470e+00  4.7276e-02
 1.0475e+00  4.5701e-02
 1.0480e+00  4.4205e-02
 1.0485e+00  4.2783e-02
 1.0490e+00  4.1431e-02
 1.0495e+00  4.0143e-02
 1.0500e+00  3.8916e-02
 1.0505e+00  3.7747e-02
 1.0510e+00  3.6630e-02
 1.0515e+00  3.5564e-02
 1.0520e+00  3.4545e-02
 1.0525e+00  3.3571e-02
 1.0530e+00  3.2639e-02
 1.0535e+00  3.1746e-02
 1.0540e+00  3.0890e-02
 1.0545e+00  3.0070e-02
 1.0550e+00  2.9283e-02
 1.0555e+00  2.8527e-02
 1.0560e+00  2.7801e-02
 1.0565e+00  2.7104e-02
 1.0570e+00  2.6433e-02
 1.0575e+00  2.5788e-02
 1.0580e+00  2.5167e-02
 1.0585e+00  2.4569e-02
 1.0590e+00  2.3992e-02
 1.0595e+00  2.3437e-02
 1.0600e+00  2.2901e-02
 1.0605e+00  2.2384e-02
 1.0610e+00  2.1885e-02
 1.0615e+00  2.1403e-02
 1.0620e+00  2.0937e-02
 1.0625e+00  2.0487e-02
 1.0630e+00  2.0052e-02
 1.0635e+00  1.9631e-02
 1.0640e+00  1.9224e-02
 1.0645e+00  1.8830e-02
 1.0650e+00  1.8448e-02
 1.0655e+00  1.8079e-02
 1.0660e+00  1.7720e-02
 1.0665e+00  1.7373e-02
 1.0670e+00  1.7036e-02
 1.0675e+00  1.6709e-02
 1.0680e+00  1.6392e-02
 1.0685e+00  1.6085e-02
 1.0690e+00  1.5786e-02
 1.0695e+00  1.5495e-02
 1.0700e+00  1.5214e-02
 1.0705e+00  1.4940e-02
 1.0710e+00  1.4673e-02
 1.0715e+00  1.4414e-02
 1.0720e+00  1.4162e-02
 1.0725e+00  1.3917e-02
 1.0730e+00  1.3679e-02
 1.0735e+00  1.3447e-02
 1.0740e+00  1.3221e-02
 1.0745e+00  1.3001e-02
 1.0750e+00  1.2786e-02
 1.0755e+00  1.2577e-02
 1.0760e+00  1.2374e-02
 1.0765e+00  1.2175e-02
 1.0770e+00  1.1982e-02
 1.0775e+00  1.1793e-02
 1.0780e+00  1.1609e-02
 1.0785e+00  1.1429e-02
 1.0790e+00  1.1254e-02
 1.0795e+00  1.1083e-02
 1.0800e+00  1.0915e-02
 1.0805e+00  1.0752e-02
 1.0810e+00  1.0593e-02
 1.0815e+00  1.0437e-02
 1.0820e+00  1.0285e-02
 1.0825e+00  1.0137e-02
 1.0830e+00  9.9913e-03
 1.0835e+00  9.8492e-03
 1.0840e+00  9.7103e-03
 1.0845e+00  9.5745e-03
 1.0850e+00  9.4416e-03
 1.0855e+00  9.3116e-03
 1.0860e+00  9.1844e-03
 1.0865e+00  9.0600e-03
 1.0870e+00  8.9381e-03
 1.0875e+00  8.8188e-03
 1.0880e+00  8.7020e-03
 1.0885e+00  8.5876e-03
 1.0890e+00  8.4756e-03
 1.0895e+00  8.3659e-03
 1.0900e+00  8.2584e-03
 1.0905e+00  8.1530e-03
 1.0910e+00  8.0497e-03
 1.0915e+00  7.9485e-03
 1.0920e+00  7.8493e-03
 1.0925e+00  7.7520e-03
 1.0930e+00  7.6566e-03
 1.0935e+00  7.5631e-03
 1.0940e+00  7.4713e-03
 1.0945e+00  7.3813e-03
 1.0950e+00  7.2930e-03
 1.0955e+00  7.2063e-03
 1.0960e+00  7.1213e-03
 1.0965e+00  7.0378e-03
 1.0970e+00  6.9558e-03
 1.0975e+00  6.8754e-03
 1.0980e+00  6.7964e-03
 1.0985e+00  6.7188e-03
 1.0990e+00  6.6426e-03
 1.0995e+00  6.5678e-03
 1.1000e+00  6.4943e-03
 1.1005e+00  6.4221e-03
 1.1010e+00  6.3511e-03
 1.1015e+00  6.2814e-03
 1.1020e+00  6.2129e-03
 1.1025e+00  6.1455e-03
 1.1030e+00  6.0793e-03
 1.1035e+00  6.0142e-03
 1.1040e+00  5.9502e-03
 1.1045e+00  5.8873e-03
 1.1050e+00  5.8254e-03
 1.1055e+00  5.7645e-03
 1.1060e+00  5.7047e-03
 1.1065e+00  5.6458e-03
 1.1070e+00  5.5879e-03
 1.1075e+00  5.5308e-03
 1.1080e+00  5.4747e-03
 1.1085e+00  5.4196e-03
 1.1090e+00  5.3652e-03
 1.1095e+00  5.3118e-03
 1.1100e+00  5.2591e-03
 1.1105e+00  5.2073e-03
 1.1110e+00  5.1563e-03
 1.1115e+00  5.1061e-03
 1.1120e+00  5.0566e-03
 1.1125e+00  5.0079e-03
 1.1130e+00  4.9599e-03
 1.1135e+00  4.9127e-03
 1.1140e+00  4.8661e-03
 1.1145e+00  4.8203e-03
 1.1150e+00  4.7751e-03
 1.1155e+00  4.7306e-03
 1.1160e+00  4.6867e-03
 1.1165e+00  4.6435e-03
 1.1170e+00  4.6009e-03
 1.1175e+00  4.5589e-03
 1.1180e+00  4.5176e-03
 1.1185e+00  4.4768e-03
 1.1190e+00  4.4366e-03
 1.1195e+00  4.3969e-03
 1.1200e+00  4.3578e-03
 1.1205e+00  4.3193e-03
 1.1210e+00  4.2813e-03
 1.1215e+00  4.2438e-03
 1.1220e+00  4.2068e-03
 1.1225e+00  4.1703e-03
 1.1230e+00  4.1344e-03
 1.1235e+00  4.0989e-03
 1.1240e+00  4.0639e-03
 1.1245e+00  4.0293e-03
 1.1250e+00  3.9953e-03
 1.1255e+00  3.9616e-03
 1.1260e+00  3.9285e-03
 1.1265e+00  3.8957e-03
 1.1270e+00  3.8634e-03
 1.1275e+00  3.8315e-03
 1.1280e+00  3.8000e-03
 1.1285e+00  3.7690e-03
 1.1290e+00  3.7383e-03
 1.1295e+00  3.7080e-03
 1.1300e+00  3.6781e-03
 1.1305e+00  3.6486e-03
 1.1310e+00  3.6194e-03
 1.1315e+00  3.5906e-03
 1.1320e+00  3.5622e-03
 1.1325e+00  3.5341e-03
 1.1330e+00  3.5064e-03
 1.1335e+00  3.4790e-03
 1.1340e+00  3.4519e-03
 1.1345e+00  3.4252e-03
 1.1350e+00  3.3988e-03
 1.1355e+00  3.3727e-03
 1.1360e+00  3.3470e-03
 1.1365e+00  3.3215e-03
 1.1370e+00  3.2963e-03
 1.1375e+00  3.2715e-03
 1.1380e+00  3.2469e-03
 1.1385e+00  3.2227e-03
 1.1390e+00  3.1987e-03
 1.1395e+00  3.1749e-03
 1.1400e+00  3.1515e-03
 1.1405e+00  3.1283e-03
 1.1410e+00  3.1054e-03
 1.1415e+00  3.0828e-03
 1.1420e+00  3.0604e-03
 1.1425e+00  3.0383e-03
 1.1430e+00  3.0164e-03
 1.1435e+00  2.9948e-03
 1.1440e+00  2.9734e-03
 1.1445e+00  2.9522e-03
 1.1450e+00  2.9313e-03
 1.1455e+00  2.9106e-03
 1.1460e+00  2.8902e-03
 1.1465e+00  2.8700e-03
 1.1470e+00  2.8499e-03
 1.1475e+00  2.8302e-03
 1.1480e+00  2.8106e-03
 1.1485e+00  2.7912e-03
 1.1490e+00  2.7720e-03
 1.1495e+00  2.7531e-03
 1.1500e+00  2.7343e-03
 1.1505e+00  2.7158e-03
 1.1510e+00  2.6974e-03
 1.1515e+00  2.6793e-03
 1.1520e+00  2.6613e-03
 1.1525e+00  2.6435e-03
 1.1530e+00  2.6259e-03
 1.1535e+00  2.6085e-03
 1.1540e+00  2.5913e-03
 1.1545e+00  2.5742e-03
 1.1550e+00  2.5573e-03
 1.1555e+00  2.5406e-03
 1.1560e+00  2.5241e-03
 1.1565e+00  2.5077e-03
 1.1570e+00  2.4915e-03
 1.1575e+00  2.4754e-03
 1.1580e+00  2.4595e-03
 1.1585e+00  2.4438e-03
 1.1590e+00  2.4282e-03
 1.1595e+00  2.4128e-03
 1.1600e+00  2.3976e-03
 1.1605e+00  2.3824e-03
 1.1610e+00  2.3675e-03
 1.1615e+00  2.3527e-03
 1.1620e+00  2.3380e-03
 1.1625e+00  2.3234e-03
 1.1630e+00  2.3090e-03
 1.1635e+00  2.2948e-03
 1.1640e+00  2.2807e-03
 1.1645e+00  2.2667e-03
 1.1650e+00  2.2528e-03
 1.1655e+00  2.2391e-03
 1.1660e+00  2.2255e-03
 1.1665e+00  2.2121e-03
 1.1670e+00  2.1987e-03
 1.1675e+00  2.1855e-03
 1.1680e+00  2.1724e-03
 1.1685e+00  2.1594e-03
 1.1690e+00  2.1466e-03
 1.1695e+00  2.1339e-03
 1.1700e+00  2.1213e-03
 1.1705e+00  2.1088e-03
 1.1710e+00  2.0964e-03
 1.1715e+00  2.0841e-03
 1.1720e+00  2.0719e-03
 1.1725e+00  2.0599e-03
 1.1730e+00  2.0480e-03
 1.1735e+00  2.0361e-03
 1.1740e+00  2.0244e-03
 1.1745e+00  2.0128e-03
 1.1750e+00  2.0012e-03
 1.1755e+00  1.9898e-03
 1.1760e+00  1.9785e-03
 1.1765e+00  1.9673e-03
 1.1770e+00  1.9561e-03
 1.1775e+00  1.9451e-03
 1.1780e+00  1.9342e-03
 1.1785e+00  1.9234e-03
 1.1790e+00  1.9126e-03
 1.1795e+00  1.9019e-03
 1.1800e+00  1.8914e-03
 1.1805e+00  1.8809e-03
 1.1810e+00  1.8705e-03
 1.1815e+00  1.8602e-03
 1.1820e+00  1.8501e-03
 1.1825e+00  1.8399e-03
 1.1830e+00  1.8299e-03
 1.1835e+00  1.8200e-03
 1.1840e+00  1.8101e-03
 1.1845e+00  1.8003e-03
 1.1850e+00  1.7906e-03
 1.1855e+00  1.7810e-03
 1.1860e+00  1.7714e-03
 1.1865e+00  1.7620e-03
 1.1870e+00  1.7526e-03
 1.1875e+00  1.7433e-03
 1.1880e+00  1.7340e-03
 1.1885e+00  1.7249e-03
 1.1890e+00  1.7158e-03
 1.1895e+00  1.7068e-03
 1.1900e+00  1.6978e-03
 1.1905e+00  1.6890e-03
 1.1910e+00  1.6802e-03
 1.1915e+00  1.6714e-03
 1.1920e+00  1.6628e-03
 1.1925e+00  1.6542e-03
 1.1930e+00  1.6457e-03
 1.1935e+00  1.6372e-03
 1.1940e+00  1.6288e-03
 1.1945e+00  1.6205e-03
 1.1950e+00  1.6122e-03
 1.1955e+00  1.6041e-03
 1.1960e+00  1.5959e-03
 1.1965e+00  1.5878e-03
 1.1970e+00  1.5798e-03
 1.1975e+00  1.5719e-03
 1.1980e+00  1.5640e-03
 1.1985e+00  1.5562e-03
 1.1990e+00  1.5484e-03
 1.1995e+00  1.5407e-03
 1.2000e+00  1.5331e-03
 1.2005e+00  1.5255e-03
 1.2010e+00  1.5180e-03
 1.2015e+00  1.5105e-03
 1.2020e+00  1.5031e-03
 1.2025e+00  1.4957e-03
 1.2030e+00  1.4884e-03
 1.2035e+00  1.4811e-03
 1.2040e+00  1.4739e-03
 1.2045e+00  1.4668e-03
 1.2050e+00  1.4597e-03
 1.2055e+00  1.4527e-03
 1.2060e+00  1.4457e-03
 1.2065e+00  1.4387e-03
 1.2070e+00  1.4318e-03
 1.2075e+00  1.4250e-03
 1.2080e+00  1.4182e-03
 1.2085e+00  1.4115e-03
 1.2090e+00  1.4048e-03
 1.2095e+00  1.3981e-03
 1.2100e+00  1.3915e-03
 1.2105e+00  1.3850e-03
 1.2110e+00  1.3785e-03
 1.2115e+00  1.3720e-03
 1.2120e+00  1.3656e-03
 1.2125e+00  1.3592e-03
 1.2130e+00  1.3529e-03
 1.2135e+00  1.3467e-03
 1.2140e+00  1.3404e-03
 1.2145e+00  1.3342e-03
 1.2150e+00  1.3281e-03
 1.2155e+00  1.3220e-03
 1.2160e+00  1.3159e-03
 1.2165e+00  1.3099e-03
 1.2170e+00  1.3039e-03
 1.2175e+00  1.2980e-03
 1.2180e+00  1.2921e-03
 1.2185e+00  1.2862e-03
 1.2190e+00  1.2804e-03
 1.2195e+00  1.2746e-03
 1.2200e+00  1.2689e-03
 1.2205e+00  1.2632e-03
 1.2210e+00  1.2575e-03
 1.2215e+00  1.2519e-03
 1.2220e+00  1.2463e-03
 1.2225e+00  1.2408e-03
 1.2230e+00  1.2353e-03
 1.2235e+00  1.2298e-03
 1.2240e+00  1.2244e-03
 1.2245e+00  1.2190e-03
 1.2250e+00  1.2136e-03
 1.2255e+00  1.2083e-03
 1.2260e+00  1.2030e-03
 1.2265e+00  1.1977e-03
 1.2270e+00  1.1925e-03
 1.2275e+00  1.1873e-03
 1.2280e+00  1.1821e-03
 1.2285e+00  1.1770e-03
 1.2290e+00  1.1719e-03
 1.2295e+00  1.1669e-03
 1.2300e+00  1.1618e-03
 1.2305e+00  1.1569e-03
 1.2310e+00  1.1519e-03
 1.2315e+00  1.1470e-03
 1.2320e+00  1.1421e-03
 1.2325e+00  1.1372e-03
 1.2330e+00  1.1324e-03
 1.2335e+00  1.1275e-03
 1.2340e+00  1.1228e-03
 1.2345e+00  1.1180e-03
 1.2350e+00  1.1133e-03
 1.2355e+00  1.1086e-03
 1.2360e+00  1.1040e-03
 1.2365e+00  1.0994e-03
 1.2370e+00  1.0948e-03
 1.2375e+00  1.0902e-03
 1.2380e+00  1.0857e-03
 1.2385e+00  1.0811e-03
 1.2390e+00  1.0766e-03
 1.2395e+00  1.0722e-03
 1.2400e+00  1.0678e-03
 1.2405e+00  1.0634e-03
 1.2410e+00  1.0590e-03
 1.2415e+00  1.0546e-03
 1.2420e+00  1.0503e-03
 1.2425e+00  1.0460e-03
 1.2430e+00  1.0417e-03
 1.2435e+00  1.0375e-03
 1.2440e+00  1.0333e-03
 1.2445e+00  1.0291e-03
 1.2450e+00  1.0249e-03
 1.2455e+00  1.0208e-03
 1.2460e+00  1.0167e-03
 1.2465e+00  1.0126e-03
 1.2470e+00  1.0085e-03
 1.2475e+00  1.0045e-03
 1.2480e+00  1.0004e-03
 1.2485e+00  9.9643e-04
 1.2490e+00  9.9246e-04
 1.2495e+00  9.8851e-04
 1.2500e+00  9.8458e-04
 1.2505e+00  9.8068e-04
 1.2510e+00  9.7679e-04
 1.2515e+00  9.7293e-04
 1.2520e+00  9.6910e-04
 1.2525e+00  9.6528e-04
 1.2530e+00  9.6149e-04
 1.2535e+00  9.5772e-04
 1.2540e+00  9.5397e-04
 1.2545e+00  9.5025e-04
 1.2550e+00  9.4654e-04
 1.2555e+00  9.4286e-04
 1.2560e+00  9.3919e-04
 1.2565e+00  9.3555e-04
 1.2570e+00  9.3193e-04
 1.2575e+00  9.2833e-04
 1.2580e+00  9.2475e-04
 1.2585e+00  9.2119e-04
 1.2590e+00  9.1765e-04
 1.2595e+00  9.1413e-04
 1.2600e+00  9.1063e-04
 1.2605e+00  9.0715e-04
 1.2610e+00  9.0369e-04
 1.2615e+00  9.0025e-04
 1.2620e+00  8.9682e-04
 1.2625e+00  8.9342e-04
 1.2630e+00  8.9004e-04
 1.2635e+00  8.8667e-04
 1.2640e+00  8.8332e-04
 1.2645e+00  8.7999e-04
 1.2650e+00  8.7668e-04
 1.2655e+00  8.7339e-04
 1.2660e+00  8.7012e-04
 1.2665e+00  8.6686e-04
 1.2670e+00  8.6362e-04
 1.2675e+00  8.6040e-04
 1.2680e+00  8.5720e-04
 1.2685e+00  8.5401e-04
 1.2690e+00  8.5085e-04
 1.2695e+00  8.4769e-04
 1.2700e+00  8.4456e-04
 1.2705e+00  8.4144e-04
 1.2710e+00  8.3834e-04
 1.2715e+00  8.3526e-04
 1.2720e+00  8.3219e-04
 1.2725e+00  8.2914e-04
 1.2730e+00  8.2611e-04
 1.2735e+00  8.2309e-04
 1.2740e+00  8.2009e-04
 1.2745e+00  8.1710e-04
 1.2750e+00  8.1413e-04
 1.2755e+00  8.1117e-04
 1.2760e+00  8.0823e-04
 1.2765e+00  8.0531e-04
 1.2770e+00  8.0240e-04
 1.2775e+00  7.9951e-04
 1.2780e+00  7.9663e-04
 1.2785e+00  7.9377e-04
 1.2790e+00  7.9092e-04
 1.2795e+00  7.8809e-04
 1.2800e+00  7.8527e-04
 1.2805e+00  7.8246e-04
 1.2810e+00  7.7967e-04
 1.2815e+00  7.7690e-04
 1.2820e+00  7.7414e-04
 1.2825e+00  7.7139e-04
 1.2830e+00  7.6866e-04
 1.2835e+00  7.6594e-04
 1.2840e+00  7.6324e-04
 1.2845e+00  7.6054e-04
 1.2850e+00  7.5787e-04
 1.2855e+00  7.5520e-04
 1.2860e+00  7.5256e-04
 1.2865e+00  7.4992e-04
 1.2870e+00  7.4730e-04
 1.2875e+00  7.4469e-04
 1.2880e+00  7.4209e-04
 1.2885e+00  7.3951e-04
 1.2890e+00  7.3693e-04
 1.2895e+00  7.3438e-04
 1.2900e+00  7.3183e-04
 1.2905e+00  7.2930e-04
 1.2910e+00  7.2678e-04
 1.2915e+00  7.2428e-04
 1.2920e+00  7.2178e-04
 1.2925e+00  7.1930e-04
 1.2930e+00  7.1683e-04
 1.2935e+00  7.1437e-04
 1.2940e+00  7.1193e-04
 1.2945e+00  7.0949e-04
 1.2950e+00  7.0707e-04
 1.2955e+00  7.0466e-04
 1.2960e+00  7.0227e-04
 1.2965e+00  6.9988e-04
 1.2970e+00  6.9751e-04
 1.2975e+00  6.9514e-04
 1.2980e+00  6.9279e-04
 1.2985e+00  6.9045e-04
 1.2990e+00  6.8813e-04
 1.2995e+00  6.8581e-04
 1.3000e+00  6.8350e-04
 1.3005e+00  6.8121e-04
 1.3010e+00  6.7893e-04
 1.3015e+00  6.7665e-04
 1.3020e+00  6.7439e-04
 1.3025e+00  6.7214e-04
 1.3030e+00  6.6990e-04
 1.3035e+00  6.6767e-04
 1.3040e+00  6.6545e-04
 1.3045e+00  6.6325e-04
 1.3050e+00  6.6105e-04
 1.3055e+00  6.5886e-04
 1.3060e+00  6.5668e-04
 1.3065e+00  6.5452e-04
 1.3070e+00  6.5236e-04
 1.3075e+00  6.5022e-04
 1.3080e+00  6.4808e-04
 1.3085e+00  6.4596e-04
 1.3090e+00  6.4384e-04
 1.3095e+00  6.4174e-04
 1.3100e+00  6.3964e-04
 1.3105e+00  6.3755e-04
 1.3110e+00  6.3548e-04
 1.3115e+00  6.3341e-04
 1.3120e+00  6.3135e-04
 1.3125e+00  6.2931e-04
 1.3130e+00  6.2727e-04
 1.3135e+00  6.2524e-04
 1.3140e+00  6.2322e-04
 1.3145e+00  6.2121e-04
 1.3150e+00  6.1921e-04
 1.3155e+00  6.1722e-04
 1.3160e+00  6.1524e-04
 1.3165e+00  6.1326e-04
 1.3170e+00  6.1130e-04
 1.3175e+00  6.0935e-04
 1.3180e+00  6.0740e-04
 1.3185e+00  6.0546e-04
 1.3190e+00  6.0354e-04
 1.3195e+00  6.0162e-04
 1.3200e+00  5.9971e-04
 1.3205e+00  5.9780e-04
 1.3210e+00  5.9591e-04
 1.3215e+00  5.9403e-04
 1.3220e+00  5.9215e-04
 1.3225e+00  5.9028e-04
 1.3230e+00  5.8842e-04
 1.3235e+00  5.8657e-04
 1.3240e+00  5.8473e-04
 1.3245e+00  5.8289e-04
 1.3250e+00  5.8107e-04
 1.3255e+00  5.7925e-04
 1.3260e+00  5.7744e-04
 1.3265e+00  5.7564e-04
 1.3270e+00  5.7385e-04
 1.3275e+00  5.7206e-04
 1.3280e+00  5.7028e-04
 1.3285e+00  5.6851e-04
 1.3290e+00  5.6675e-04
 1.3295e+00  5.6499e-04
 1.3300e+00  5.6325e-04
 1.3305e+00  5.6151e-04
 1.3310e+00  5.5978e-04
 1.3315e+00  5.5805e-04
 1.3320e+00  5.5634e-04
 1.3325e+00  5.5463e-04
 1.3330e+00  5.5293e-04
 1.3335e+00  5.5124e-04
 1.3340e+00  5.4955e-04
 1.3345e+00  5.4787e-04
 1.3350e+00  5.4620e-04
 1.3355e+00  5.4454e-04
 1.3360e+00  5.4288e-04
 1.3365e+00  5.4123e-04
 1.3370e+00  5.3959e-04
 1.3375e+00  5.3795e-04
 1.3380e+00  5.3632e-04
 1.3385e+00  5.3470e-04
 1.3390e+00  5.3309e-04
 1.3395e+00  5.3148e-04
 1.3400e+00  5.2988e-04
 1.3405e+00  5.2829e-04
 1.3410e+00  5.2670e-04
 1.3415e+00  5.2512e-04
 1.3420e+00  5.2355e-04
 1.3425e+00  5.2198e-04
 1.3430e+00  5.2042e-04
 1.3435e+00  5.1887e-04
 1.3440e+00  5.1732e-04
 1.3445e+00  5.1578e-04
 1.3450e+00  5.1425e-04
 1.3455e+00  5.1272e-04
 1.3460e+00  5.1120e-04
 1.3465e+00  5.0968e-04
 1.3470e+00  5.0818e-04
 1.3475e+00  5.0668e-04
 1.3480e+00  5.0518e-04
 1.3485e+00  5.0369e-04
 1.3490e+00  5.0221e-04
 1.3495e+00  5.0073e-04
 1.3500e+00  4.9927e-04
 1.3505e+00  4.9780e-04
 1.3510e+00  4.9634e-04
 1.3515e+00  4.9489e-04
 1.3520e+00  4.9345e-04
 1.3525e+00  4.9201e-04
 1.3530e+00  4.9057e-04
 1.3535e+00  4.8915e-04
 1.3540e+00  4.8772e-04
 1.3545e+00  4.8631e-04
 1.3550e+00  4.8490e-04
 1.3555e+00  4.8350e-04
 1.3560e+00  4.8210e-04
 1.3565e+00  4.8071e-04
 1.3570e+00  4.7932e-04
 1.3575e+00  4.7794e-04
 1.3580e+00  4.7656e-04
 1.3585e+00  4.7519e-04
 1.3590e+00  4.7383e-04
 1.3595e+00  4.7247e-04
 1.3600e+00  4.7112e-04
 1.3605e+00  4.6977e-04
 1.3610e+00  4.6843e-04
 1.3615e+00  4.6709e-04
 1.3620e+00  4.6576e-04
 1.3625e+00  4.6444e-04
 1.3630e+00  4.6312e-04
 1.3635e+00  4.6180e-04
 1.3640e+00  4.6050e-04
 1.3645e+00  4.5919e-04
 1.3650e+00  4.5789e-04
 1.3655e+00  4.5660e-04
 1.3660e+00  4.5531e-04
 1.3665e+00  4.5403e-04
 1.3670e+00  4.5275e-04
 1.3675e+00  4.5148e-04
 1.3680e+00  4.5021e-04
 1.3685e+00  4.4895e-04
 1.3690e+00  4.4769e-04
 1.3695e+00  4.4644e-04
 1.3700e+00  4.4519e-04
 1.3705e+00  4.4395e-04
 1.3710e+00  4.4271e-04
 1.3715e+00  4.4148e-04
 1.3720e+00  4.4026e-04
 1.3725e+00  4.3903e-04
 1.3730e+00  4.3782e-04
 1.3735e+00  4.3660e-04
 1.3740e+00  4.3540e-04
 1.3745e+00  4.3419e-04
 1.3750e+00  4.3300e-04
 1.3755e+00  4.3180e-04
 1.3760e+00  4.3061e-04
 1.3765e+00  4.2943e-04
 1.3770e+00  4.2825e-04
 1.3775e+00  4.2708e-04
 1.3780e+00  4.2591e-04
 1.3785e+00  4.2474e-04
 1.3790e+00  4.2358e-04
 1.3795e+00  4.2242e-04
 1.3800e+00  4.2127e-04
 1.3805e+00  4.2013e-04
 1.3810e+00  4.1898e-04
 1.3815e+00  4.1785e-04
 1.3820e+00  4.1671e-04
 1.3825e+00  4.1558e-04
 1.3830e+00  4.1446e-04
 1.3835e+00  4.1334e-04
 1.3840e+00  4.1222e-04
 1.3845e+00  4.1111e-04
 1.3850e+00  4.1001e-04
 1.3855e+00  4.0890e-04
 1.3860e+00  4.0780e-04
 1.3865e+00  4.0671e-04
 1.3870e+00  4.0562e-04
 1.3875e+00  4.0453e-04
 1.3880e+00  4.0345e-04
 1.3885e+00  4.0238e-04
 1.3890e+00  4.0130e-04
 1.3895e+00  4.0023e-04
 1.3900e+00  3.9917e-04
 1.3905e+00  3.9811e-04
 1.3910e+00  3.9705e-04
 1.3915e+00  3.9600e-04
 1.3920e+00  3.9495e-04
 1.3925e+00  3.9391e-04
 1.3930e+00  3.9287e-04
 1.3935e+00  3.9183e-04
 1.3940e+00  3.9080e-04
 1.3945e+00  3.8977e-04
 1.3950e+00  3.8874e-04
 1.3955e+00  3.8772e-04
 1.3960e+00  3.8671e-04
 1.3965e+00  3.8570e-04
 1.3970e+00  3.8469e-04
 1.3975e+00  3.8368e-04
 1.3980e+00  3.8268e-04
 1.3985e+00  3.8168e-04
 1.3990e+00  3.8069e-04
 1.3995e+00  3.7970e-04
 1.4000e+00  3.7871e-04
 1.4005e+00  3.7773e-04
 1.4010e+00  3.7675e-04
 1.4015e+00  3.7578e-04
 1.4020e+00  3.7481e-04
 1.4025e+00  3.7384e-04
 1.4030e+00  3.7288e-04
 1.4035e+00  3.7192e-04
 1.4040e+00  3.7096e-04
 1.4045e+00  3.7001e-04
 1.4050e+00  3.6906e-04
 1.4055e+00  3.6811e-04
 1.4060e+00  3.6717e-04
 1.4065e+00  3.6623e-04
 1.4070e+00  3.6530e-04
 1.4075e+00  3.6437e-04
 1.4080e+00  3.6344e-04
 1.4085e+00  3.6251e-04
 1.4090e+00  3.6159e-04
 1.4095e+00  3.6068e-04
 1.4100e+00  3.5976e-04
 1.4105e+00  3.5885e-04
 1.4110e+00  3.5795e-04
 1.4115e+00  3.5704e-04
 1.4120e+00  3.5614e-04
 1.4125e+00  3.5525e-04
 1.4130e+00  3.5435e-04
 1.4135e+00  3.5346e-04
 1.4140e+00  3.5257e-04
 1.4145e+00  3.5169e-04
 1.4150e+00  3.5081e-04
 1.4155e+00  3.4994e-04
 1.4160e+00  3.4906e-04
 1.4165e+00  3.4819e-04
 1.4170e+00  3.4732e-04
 1.4175e+00  3.4646e-04
 1.4180e+00  3.4560e-04
 1.4185e+00  3.4474e-04
 1.4190e+00  3.4389e-04
 1.4195e+00  3.4304e-04
 1.4200e+00  3.4219e-04
 1.4205e+00  3.4134e-04
 1.4210e+00  3.4050e-04
 1.4215e+00  3.3966e-04
 1.4220e+00  3.3883e-04
 1.4225e+00  3.3800e-04
 1.4230e+00  3.3717e-04
 1.4235e+00  3.3634e-04
 1.4240e+00  3.3552e-04
 1.4245e+00  3.3470e-04
 1.4250e+00  3.3388e-04
 1.4255e+00  3.3307e-04
 1.4260e+00  3.3226e-04
 1.4265e+00  3.3145e-04
 1.4270e+00  3.3064e-04
 1.4275e+00  3.2984e-04
 1.4280e+00  3.2904e-04
 1.4285e+00  3.2825e-04
 1.4290e+00  3.2745e-04
 1.4295e+00  3.2666e-04
 1.4300e+00  3.2588e-04
 1.4305e+00  3.2509e-04
 1.4310e+00  3.2431e-04
 1.4315e+00  3.2353e-04
 1.4320e+00  3.2276e-04
 1.4325e+00  3.2198e-04
 1.4330e+00  3.2121e-04
 1.4335e+00  3.2045e-04
 1.4340e+00  3.1968e-04
 1.4345e+00  3.1892e-04
 1.4350e+00  3.1816e-04
 1.4355e+00  3.1741e-04
 1.4360e+00  3.1665e-04
 1.4365e+00  3.1590e-04
 1.4370e+00  3.1515e-04
 1.4375e+00  3.1441e-04
 1.4380e+00  3.1367e-04
 1.4385e+00  3.1293e-04
 1.4390e+00  3.1219e-04
 1.4395e+00  3.1146e-04
 1.4400e+00  3.1072e-04
 1.4405e+00  3.1000e-04
 1.4410e+00  3.0927e-04
 1.4415e+00  3.0855e-04
 1.4420e+00  3.0783e-04
 1.4425e+00  3.0711e-04
 1.4430e+00  3.0639e-04
 1.4435e+00  3.0568e-04
 1.4440e+00  3.0497e-04
 1.4445e+00  3.0426e-04
 1.4450e+00  3.0356e-04
 1.4455e+00  3.0285e-04
 1.4460e+00  3.0215e-04
 1.4465e+00  3.0146e-04
 1.4470e+00  3.0076e-04
 1.4475e+00  3.0007e-04
 1.4480e+00  2.9938e-04
 1.4485e+00  2.9869e-04
 1.4490e+00  2.9801e-04
 1.4495e+00  2.9732e-04
 1.4500e+00  2.9664e-04
 1.4505e+00  2.9597e-04
 1.4510e+00  2.9529e-04
 1.4515e+00  2.9462e-04
 1.4520e+00  2.9395e-04
 1.4525e+00  2.9328e-04
 1.4530e+00  2.9262e-04
 1.4535e+00  2.9195e-04
 1.4540e+00  2.9129e-04
 1.4545e+00  2.9063e-04
 1.4550e+00  2.8998e-04
 1.4555e+00  2.8933e-04
 1.4560e+00  2.8868e-04
 1.4565e+00  2.8803e-04
 1.4570e+00  2.8738e-04
 1.4575e+00  2.8674e-04
 1.4580e+00  2.8609e-04
 1.4585e+00  2.8546e-04
 1.4590e+00  2.8482e-04
 1.4595e+00  2.8419e-04
 1.4600e+00  2.8355e-04
 1.4605e+00  2.8292e-04
 1.4610e+00  2.8230e-04
 1.4615e+00  2.8167e-04
 1.4620e+00  2.8105e-04
 1.4625e+00  2.8043e-04
 1.4630e+00  2.7981e-04
 1.4635e+00  2.7919e-04
 1.4640e+00  2.7858e-04
 1.4645e+00  2.7796e-04
 1.4650e+00  2.7736e-04
 1.4655e+00  2.7675e-04
 1.4660e+00  2.7614e-04
 1.4665e+00  2.7554e-04
 1.4670e+00  2.7494e-04
 1.4675e+00  2.7434e-04
 1.4680e+00  2.7374e-04
 1.4685e+00  2.7315e-04
 1.4690e+00  2.7256e-04
 1.4695e+00  2.7197e-04
 1.4700e+00  2.7138e-04
 1.4705e+00  2.7079e-04
 1.4710e+00  2.7021e-04
 1.4715e+00  2.6963e-04
 1.4720e+00  2.6905e-04
 1.4725e+00  2.6847e-04
 1.4730e+00  2.6789e-04
 1.4735e+00  2.6732e-04
 1.4740e+00  2.6675e-04
 1.4745e+00  2.6618e-04
 1.4750e+00  2.6561e-04
 1.4755e+00  2.6505e-04
 1.4760e+00  2.6449e-04
 1.4765e+00  2.6392e-04
 1.4770e+00  2.6337e-04
 1.4775e+00  2.6281e-04
 1.4780e+00  2.6225e-04
 1.4785e+00  2.6170e-04
 1.4790e+00  2.6115e-04
 1.4795e+00  2.6060e-04
 1.4800e+00  2.6005e-04
 1.4805e+00  2.5951e-04
 1.4810e+00  2.5897e-04
 1.4815e+00  2.5843e-04
 1.4820e+00  2.5789e-04
 1.4825e+00  2.5735e-04
 1.4830e+00  2.5682e-04
 1.4835e+00  2.5628e-04
 1.4840e+00  2.5575e-04
 1.4845e+00  2.5522e-04
 1.4850e+00  2.5469e-04
 1.4855e+00  2.5417e-04
 1.4860e+00  2.5365e-04
 1.4865e+00  2.5312e-04
 1.4870e+00  2.5260e-04
 1.4875e+00  2.5209e-04
 1.4880e+00  2.5157e-04
 1.4885e+00  2.5106e-04
 1.4890e+00  2.5055e-04
 1.4895e+00  2.5003e-04
 1.4900e+00  2.4953e-04
 1.4905e+00  2.4902e-04
 1.4910e+00  2.4851e-04
 1.4915e+00  2.4801e-04
 1.4920e+00  2.4751e-04
 1.4925e+00  2.4701e-04
 1.4930e+00  2.4651e-04
 1.4935e+00  2.4602e-04
 1.4940e+00  2.4552e-04
 1.4945e+00  2.4503e-04
 1.4950e+00  2.4454e-04
 1.4955e+00  2.4405e-04
 1.4960e+00  2.4357e-04
 1.4965e+00  2.4308e-04
 1.4970e+00  2.4260e-04
 1.4975e+00  2.4212e-04
 1.4980e+00  2.4164e-04
 1.4985e+00  2.4116e-04
 1.4990e+00  2.4068e-04
 1.4995e+00  2.4021e-04
 1.5000e+00  2.3974e-04
 1.5005e+00  2.3906e-04
 1.5010e+00  2.3839e-04
 1.5015e+00  2.3772e-04
 1.5020e+00  2.3706e-04
 1.5025e+00  2.3639e-04
 1.5030e+00  2.3573e-04
 1.5035e+00  2.3507e-04
 1.5040e+00  2.3441e-04
 1.5045e+00  2.3376e-04
 1.5050e+00  2.3311e-04
 1.5055e+00  2.3246e-04
 1.5060e+00  2.3181e-04
 1.5065e+00  2.3117e-04
 1.5070e+00  2.3052e-04
 1.5075e+00  2.2988e-04
 1.5080e+00  2.2924e-04
 1.5085e+00  2.2861e-04
 1.5090e+00  2.2798e-04
 1.5095e+00  2.2734e-04
 1.5100e+00  2.2672e-04
 1.5105e+00  2.2609e-04
 1.5110e+00  2.2546e-04
 1.5115e+00  2.2484e-04
 1.5120e+00  2.2422e-04
 1.5125e+00  2.2361e-04
 1.5130e+00  2.2299e-04
 1.5135e+00  2.2238e-04
 1.5140e+00  2.2176e-04
 1.5145e+00  2.2116e-04
 1.5150e+00  2.2055e-04
 1.5155e+00  2.1994e-04
 1.5160e+00  2.1934e-04
 1.5165e+00  2.1874e-04
 1.5170e+00  2.1814e-04
 1.5175e+00  2.1755e-04
 1.5180e+00  2.1695e-04
 1.5185e+00  2.1636e-04
 1.5190e+00  2.1577e-04
 1.5195e+00  2.1518e-04
 1.5200e+00  2.1460e-04
 1.5205e+00  2.1401e-04
 1.5210e+00  2.1343e-04
 1.5215e+00  2.1285e-04
 1.5220e+00  2.1227e-04
 1.5225e+00  2.1170e-04
 1.5230e+00  2.1112e-04
 1.5235e+00  2.1055e-04
 1.5240e+00  2.0998e-04
 1.5245e+00  2.0942e-04
 1.5250e+00  2.0885e-04
 1.5255e+00  2.0829e-04
 1.5260e+00  2.0773e-04
 1.5265e+00  2.0717e-04
 1.5270e+00  2.0661e-04
 1.5275e+00  2.0605e-04
 1.5280e+00  2.0550e-04
 1.5285e+00  2.0495e-04
 1.5290e+00  2.0440e-04
 1.5295e+00  2.0385e-04
 1.5300e+00  2.0330e-04
 1.5305e+00  2.0276e-04
 1.5310e+00  2.0222e-04
 1.5315e+00  2.0168e-04
 1.5320e+00  2.0114e-04
 1.5325e+00  2.0060e-04
 1.5330e+00  2.0007e-04
 1.5335e+00  1.9953e-04
 1.5340e+00  1.9900e-04
 1.5345e+00  1.9847e-04
 1.5350e+00  1.9794e-04
 1.5355e+00  1.9742e-04
 1.5360e+00  1.9689e-04
 1.5365e+00  1.9637e-04
 1.5370e+00  1.9585e-04
 1.5375e+00  1.9533e-04
 1.5380e+00  1.9482e-04
 1.5385e+00  1.9430e-04
 1.5390e+00  1.9379e-04
 1.5395e+00  1.9328e-04
 1.5400e+00  1.9277e-04
 1.5405e+00  1.9226e-04
 1.5410e+00  1.9175e-04
 1.5415e+00  1.9125e-04
 1.5420e+00  1.9074e-04
 1.5425e+00  1.9024e-04
 1.5430e+00  1.8974e-04
 1.5435e+00  1.8924e-04
 1.5440e+00  1.8875e-04
 1.5445e+00  1.8825e-04
 1.5450e+00  1.8776e-04
 1.5455e+00  1.8727e-04
 1.5460e+00  1.8678e-04
 1.5465e+00  1.8629e-04
 1.5470e+00  1.8581e-04
 1.5475e+00  1.8532e-04
 1.5480e+00  1.8484e-04
 1.5485e+00  1.8436e-04
 1.5490e+00  1.8388e-04
 1.5495e+00  1.8340e-04
 1.5500e+00  1.8292e-04
 1.5505e+00  1.8245e-04
 1.5510e+00  1.8198e-04
 1.5515e+00  1.8150e-04
 1.5520e+00  1.8103e-04
 1.5525e+00  1.8056e-04
 1.5530e+00  1.8010e-04
 1.5535e+00  1.7963e-04
 1.5540e+00  1.7917e-04
 1.5545e+00  1.7871e-04
 1.5550e+00  1.7824e-04
 1.5555e+00  1.7779e-04
 1.5560e+00  1.7733e-04
 1.5565e+00  1.7687e-04
 1.5570e+00  1.7642e-04
 1.5575e+00  1.7596e-04
 1.5580e+00  1.7551e-04
 1.5585e+00  1.7506e-04
 1.5590e+00  1.7461e-04
 1.5595e+00  1.7417e-04
 1.5600e+00  1.7372e-04
 1.5605e+00  1.7328e-04
 1.5610e+00  1.7283e-04
 1.5615e+00  1.7239e-04
 1.5620e+00  1.7195e-04
 1.5625e+00  1.7151e-04
 1.5630e+00  1.7108e-04
 1.5635e+00  1.7064e-04
 1.5640e+00  1.7021e-04
 1.5645e+00  1.6977e-04
 1.5650e+00  1.6934e-04
 1.5655e+00  1.6891e-04
 1.5660e+00  1.6848e-04
 1.5665e+00  1.6806e-04
 1.5670e+00  1.6763e-04
 1.5675e+00  1.6721e-04
 1.5680e+00  1.6678e-04
 1.5685e+00  1.6636e-04
 1.5690e+00  1.6594e-04
 1.5695e+00  1.6552e-04
 1.5700e+00  1.6510e-04
 1.5705e+00  1.6469e-04
 1.5710e+00  1.6427e-04
 1.5715e+00  1.6386e-04
 1.5720e+00  1.6345e-04
 1.5725e+00  1.6304e-04
 1.5730e+00  1.6263e-04
 1.5735e+00  1.6222e-04
 1.5740e+00  1.6181e-04
 1.5745e+00  1.6141e-04
 1.5750e+00  1.6100e-04
 1.5755e+00  1.6060e-04
 1.5760e+00  1.6020e-04
 1.5765e+00  1.5980e-04
 1.5770e+00  1.5940e-04
 1.5775e+00  1.5900e-04
 1.5780e+00  1.5860e-04
 1.5785e+00  1.5821e-04
 1.5790e+00  1.5782e-04
 1.5795e+00  1.5742e-04
 1.5800e+00  1.5703e-04
 1.5805e+00  1.5664e-04
 1.5810e+00  1.5625e-04
 1.5815e+00  1.5586e-04
 1.5820e+00  1.5548e-04
 1.5825e+00  1.5509e-04
 1.5830e+00  1.5471e-04
 1.5835e+00  1.5432e-04
 1.5840e+00  1.5394e-04
 1.5845e+00  1.5356e-04
 1.5850e+00  1.5318e-04
 1.5855e+00  1.5281e-04
 1.5860e+00  1.5243e-04
 1.5865e+00  1.5205e-04
 1.5870e+00  1.5168e-04
 1.5875e+00  1.5131e-04
 1.5880e+00  1.5093e-04
 1.5885e+00  1.5056e-04
 1.5890e+00  1.5019e-04
 1.5895e+00  1.4982e-04
 1.5900e+00  1.4946e-04
 1.5905e+00  1.4909e-04
 1.5910e+00  1.4873e-04
 1.5915e+00  1.4836e-04
 1.5920e+00  1.4800e-04
 1.5925e+00  1.4764e-04
 1.5930e+00  1.4728e-04
 1.5935e+00  1.4692e-04
 1.5940e+00  1.4656e-04
 1.5945e+00  1.4620e-04
 1.5950e+00  1.4585e-04
 1.5955e+00  1.4549e-04
 1.5960e+00  1.4514e-04
 1.5965e+00  1.4479e-04
 1.5970e+00  1.4443e-04
 1.5975e+00  1.4408e-04
 1.5980e+00  1.4373e-04
 1.5985e+00  1.4338e-04
 1.5990e+00  1.4304e-04
 1.5995e+00  1.4269e-04
 1.6000e+00  1.4235e-04
 1.6005e+00  1.4200e-04
 1.6010e+00  1.4166e-04
 1.6015e+00  1.4132e-04
 1.6020e+00  1.4098e-04
 1.6025e+00  1.4064e-04
 1.6030e+00  1.4030e-04
 1.6035e+00  1.3996e-04
 1.6040e+00  1.3962e-04
 1.6045e+00  1.3929e-04
 1.6050e+00  1.3895e-04
 1.6055e+00  1.3862e-04
 1.6060e+00  1.3829e-04
 1.6065e+00  1.3796e-04
 1.6070e+00  1.3763e-04
 1.6075e+00  1.3730e-04
 1.6080e+00  1.3697e-04
 1.6085e+00  1.3664e-04
 1.6090e+00  1.3631e-04
 1.6095e+00  1.3599e-04
 1.6100e+00  1.3567e-04
 1.6105e+00  1.3534e-04
 1.6110e+00  1.3502e-04
 1.6115e+00  1.3470e-04
 1.6120e+00  1.3438e-04
 1.6125e+00  1.3406e-04
 1.6130e+00  1.3374e-04
 1.6135e+00  1.3342e-04
 1.6140e+00  1.3310e-04
 1.6145e+00  1.3279e-04
 1.6150e+00  1.3247e-04
 1.6155e+00  1.3216e-04
 1.6160e+00  1.3185e-04
 1.6165e+00  1.3154e-04
 1.6170e+00  1.3123e-04
 1.6175e+00  1.3092e-04
 1.6180e+00  1.3061e-04
 1.6185e+00  1.3030e-04
 1.6190e+00  1.2999e-04
 1.6195e+00  1.2968e-04
 1.6200e+00  1.2938e-04
 1.6205e+00  1.2908e-04
 1.6210e+00  1.2877e-04
 1.6215e+00  1.2847e-04
 1.6220e+00  1.2817e-04
 1.6225e+00  1.2787e-04
 1.6230e+00  1.2757e-04
 1.6235e+00  1.2727e-04
 1.6240e+00  1.2697e-04
 1.6245e+00  1.2667e-04
 1.6250e+00  1.2638e-04
 1.6255e+00  1.2608e-04
 1.6260e+00  1.2579e-04
 1.6265e+00  1.2549e-04
 1.6270e+00  1.2520e-04
 1.6275e+00  1.2491e-04
 1.6280e+00  1.2462e-04
 1.6285e+00  1.2433e-04
 1.6290e+00  1.2404e-04
 1.6295e+00  1.2375e-04
 1.6300e+00  1.2346e-04
 1.6305e+00  1.2317e-04
 1.6310e+00  1.2289e-04
 1.6315e+00  1.2260e-04
 1.6320e+00  1.2232e-04
 1.6325e+00  1.2204e-04
 1.6330e+00  1.2175e-04
 1.6335e+00  1.2147e-04
 1.6340e+00  1.2119e-04
 1.6345e+00  1.2091e-04
 1.6350e+00  1.2063e-04
 1.6355e+00  1.2035e-04
 1.6360e+00  1.2008e-04
 1.6365e+00  1.1980e-04
 1.6370e+00  1.1952e-04
 1.6375e+00  1.1925e-04
 1.6380e+00  1.1897e-04
 1.6385e+00  1.1870e-04
 1.6390e+00  1.1843e-04
 1.6395e+00  1.1816e-04
 1.6400e+00  1.1789e-04
 1.6405e+00  1.1762e-04
 1.6410e+00  1.1735e-04
 1.6415e+00  1.1708e-04
 1.6420e+00  1.1681e-04
 1.6425e+00  1.1654e-04
 1.6430e+00  1.1628e-04
 1.6435e+00  1.1601e-04
 1.6440e+00  1.1575e-04
 1.6445e+00  1.1548e-04
 1.6450e+00  1.1522e-04
 1.6455e+00  1.1496e-04
 1.6460e+00  1.1469e-04
 1.6465e+00  1.1443e-04
 1.6470e+00  1.1417e-04
 1.6475e+00  1.1391e-04
 1.6480e+00  1.1365e-04
 1.6485e+00  1.1340e-04
 1.6490e+00  1.1314e-04
 1.6495e+00  1.1288e-04
 1.6500e+00  1.1263e-04
 1.6505e+00  1.1237e-04
 1.6510e+00  1.1212e-04
 1.6515e+00  1.1187e-04
 1.6520e+00  1.1161e-04
 1.6525e+00  1.1136e-04
 1.6530e+00  1.1111e-04
 1.6535e+00  1.1086e-04
 1.6540e+00  1.1061e-04
 1.6545e+00  1.1036e-04
 1.6550e+00  1.1011e-04
 1.6555e+00  1.0986e-04
 1.6560e+00  1.0962e-04
 1.6565e+00  1.0937e-04
 1.6570e+00  1.0912e-04
 1.6575e+00  1.0888e-04
 1.6580e+00  1.0863e-04
 1.6585e+00  1.0839e-04
 1.6590e+00  1.0815e-04
 1.6595e+00  1.0791e-04
 1.6600e+00  1.0767e-04
 1.6605e+00  1.0742e-04
 1.6610e+00  1.0718e-04
 1.6615e+00  1.0695e-04
 1.6620e+00  1.0671e-04
 1.6625e+00  1.0647e-04
 1.6630e+00  1.0623e-04
 1.6635e+00  1.0600e-04
 1.6640e+00  1.0576e-04
 1.6645e+00  1.0552e-04
 1.6650e+00  1.0529e-04
 1.6655e+00  1.0506e-04
 1.6660e+00  1.0482e-04
 1.6665e+00  1.0459e-04
 1.6670e+00  1.0436e-04
 1.6675e+00  1.0413e-04
 1.6680e+00  1.0389e-04
 1.6685e+00  1.0367e-04
 1.6690e+00  1.0344e-04
 1.6695e+00  1.0321e-04
 1.6700e+00  1.0298e-04
 1.6705e+00  1.0275e-04
 1.6710e+00  1.0252e-04
 1.6715e+00  1.0230e-04
 1.6720e+00  1.0207e-04
 1.6725e+00  1.0185e-04
 1.6730e+00  1.0162e-04
 1.6735e+00  1.0140e-04
 1.6740e+00  1.0118e-04
 1.6745e+00  1.0095e-04
 1.6750e+00  1.0073e-04
 1.6755e+00  1.0051e-04
 1.6760e+00  1.0029e-04
 1.6765e+00  1.0007e-04
 1.6770e+00  9.9852e-05
 1.6775e+00  9.9633e-05
 1.6780e+00  9.9415e-05
 1.6785e+00  9.9198e-05
 1.6790e+00  9.8981e-05
 1.6795e+00  9.8765e-05
 1.6800e+00  9.8549e-05
 1.6805e+00  9.8334e-05
 1.6810e+00  9.8120e-05
 1.6815e+00  9.7906e-05
 1.6820e+00  9.7692e-05
 1.6825e+00  9.7480e-05
 1.6830e+00  9.7268e-05
 1.6835e+00  9.7056e-05
 1.6840e+00  9.6845e-05
 1.6845e+00  9.6635e-05
 1.6850e+00  9.6425e-05
 1.6855e+00  9.6216e-05
 1.6860e+00  9.6007e-05
 1.6865e+00  9.5799e-05
 1.6870e+00  9.5592e-05
 1.6875e+00  9.5385e-05
 1.6880e+00  9.5179e-05
 1.6885e+00  9.4973e-05
 1.6890e+00  9.4768e-05
 1.6895e+00  9.4563e-05
 1.6900e+00  9.4359e-05
 1.6905e+00  9.4156e-05
 1.6910e+00  9.3953e-05
 1.6915e+00  9.3750e-05
 1.6920e+00  9.3549e-05
 1.6925e+00  9.3347e-05
 1.6930e+00  9.3147e-05
 1.6935e+00  9.2946e-05
 1.6940e+00  9.2747e-05
 1.6945e+00  9.2548e-05
 1.6950e+00  9.2349e-05
 1.6955e+00  9.2151e-05
 1.6960e+00  9.1954e-05
 1.6965e+00  9.1757e-05
 1.6970e+00  9.1560e-05
 1.6975e+00  9.1365e-05
 1.6980e+00  9.1169e-05
 1.6985e+00  9.0974e-05
 1.6990e+00  9.0780e-05
 1.6995e+00  9.0586e-05
 1.7000e+00  9.0393e-05
 1.7005e+00  9.0201e-05
 1.7010e+00  9.0008e-05
 1.7015e+00  8.9817e-05
 1.7020e+00  8.9626e-05
 1.7025e+00  8.9435e-05
 1.7030e+00  8.9245e-05
 1.7035e+00  8.9055e-05
 1.7040e+00  8.8866e-05
 1.7045e+00  8.8678e-05
 1.7050e+00  8.8490e-05
 1.7055e+00  8.8302e-05
 1.7060e+00  8.8115e-05
 1.7065e+00  8.7929e-05
 1.7070e+00  8.7743e-05
 1.7075e+00  8.7557e-05
 1.7080e+00  8.7372e-05
 1.7085e+00  8.7187e-05
 1.7090e+00  8.7004e-05
 1.7095e+00  8.6820e-05
 1.7100e+00  8.6637e-05
 1.7105e+00  8.6454e-05
 1.7110e+00  8.6272e-05
 1.7115e+00  8.6091e-05
 1.7120e+00  8.5910e-05
 1.7125e+00  8.5729e-05
 1.7130e+00  8.5549e-05
 1.7135e+00  8.5369e-05
 1.7140e+00  8.5190e-05
 1.7145e+00  8.5011e-05
 1.7150e+00  8.4833e-05
 1.7155e+00  8.4655e-05
 1.7160e+00  8.4478e-05
 1.7165e+00  8.4301e-05
 1.7170e+00  8.4125e-05
 1.7175e+00  8.3949e-05
 1.7180e+00  8.3774e-05
 1.7185e+00  8.3599e-05
 1.7190e+00  8.3424e-05
 1.7195e+00  8.3250e-05
 1.7200e+00  8.3077e-05
 1.7205e+00  8.2903e-05
 1.7210e+00  8.2731e-05
 1.7215e+00  8.2559e-05
 1.7220e+00  8.2387e-05
 1.7225e+00  8.2216e-05
 1.7230e+00  8.2045e-05
 1.7235e+00  8.1875e-05
 1.7240e+00  8.1705e-05
 1.7245e+00  8.1535e-05
 1.7250e+00  8.1366e-05
 1.7255e+00  8.1197e-05
 1.7260e+00  8.1029e-05
 1.7265e+00  8.0862e-05
 1.7270e+00  8.0694e-05
 1.7275e+00  8.0528e-05
 1.7280e+00  8.0361e-05
 1.7285e+00  8.0195e-05
 1.7290e+00  8.0030e-05
 1.7295e+00  7.9865e-05
 1.7300e+00  7.9700e-05
 1.7305e+00  7.9536e-05
 1.7310e+00  7.9372e-05
 1.7315e+00  7.9209e-05
 1.7320e+00  7.9046e-05
 1.7325e+00  7.8883e-05
 1.7330e+00  7.8721e-05
 1.7335e+00  7.8559e-05
 1.7340e+00  7.8398e-05
 1.7345e+00  7.8237e-05
 1.7350e+00  7.8077e-05
 1.7355e+00  7.7917e-05
 1.7360e+00  7.7757e-05
 1.7365e+00  7.7598e-05
 1.7370e+00  7.7439e-05
 1.7375e+00  7.7281e-05
 1.7380e+00  7.7123e-05
 1.7385e+00  7.6966e-05
 1.7390e+00  7.6809e-05
 1.7395e+00  7.6652e-05
 1.7400e+00  7.6496e-05
 1.7405e+00  7.6340e-05
 1.7410e+00  7.6184e-05
 1.7415e+00  7.6029e-05
 1.7420e+00  7.5874e-05
 1.7425e+00  7.5720e-05
 1.7430e+00  7.5566e-05
 1.7435e+00  7.5413e-05
 1.7440e+00  7.5260e-05
 1.7445e+00  7.5107e-05
 1.7450e+00  7.4955e-05
 1.7455e+00  7.4803e-05
 1.7460e+00  7.4651e-05
 1.7465e+00  7.4500e-05
 1.7470e+00  7.4349e-05
 1.7475e+00  7.4199e-05
 1.7480e+00  7.4049e-05
 1.7485e+00  7.3899e-05
 1.7490e+00  7.3750e-05
 1.7495e+00  7.3601e-05
 1.7500e+00  7.3453e-05
 1.7505e+00  7.3305e-05
 1.7510e+00  7.3157e-05
 1.7515e+00  7.3010e-05
 1.7520e+00  7.2863e-05
 1.7525e+00  7.2716e-05
 1.7530e+00  7.2570e-05
 1.7535e+00  7.2424e-05
 1.7540e+00  7.2279e-05
 1.7545e+00  7.2134e-05
 1.7550e+00  7.1989e-05
 1.7555e+00  7.1844e-05
 1.7560e+00  7.1700e-05
 1.7565e+00  7.1557e-05
 1.7570e+00  7.1413e-05
 1.7575e+00  7.1271e-05
 1.7580e+00  7.1128e-05
 1.7585e+00  7.0986e-05
 1.7590e+00  7.0844e-05
 1.7595e+00  7.0703e-05
 1.7600e+00  7.0561e-05
 1.7605e+00  7.0421e-05
 1.7610e+00  7.0280e-05
 1.7615e+00  7.0140e-05
 1.7620e+00  7.0001e-05
 1.7625e+00  6.9861e-05
 1.7630e+00  6.9722e-05
 1.7635e+00  6.9584e-05
 1.7640e+00  6.9445e-05
 1.7645e+00  6.9308e-05
 1.7650e+00  6.9170e-05
 1.7655e+00  6.9033e-05
 1.7660e+00  6.8896e-05
 1.7665e+00  6.8759e-05
 1.7670e+00  6.8623e-05
 1.7675e+00  6.8487e-05
 1.7680e+00  6.8352e-05
 1.7685e+00  6.8216e-05
 1.7690e+00  6.8082e-05
 1.7695e+00  6.7947e-05
 1.7700e+00  6.7813e-05
 1.7705e+00  6.7679e-05
 1.7710e+00  6.7545e-05
 1.7715e+00  6.7412e-05
 1.7720e+00  6.7279e-05
 1.7725e+00  6.7147e-05
 1.7730e+00  6.7015e-05
 1.7735e+00  6.6883e-05
 1.7740e+00  6.6751e-05
 1.7745e+00  6.6620e-05
 1.7750e+00  6.6489e-05
 1.7755e+00  6.6359e-05
 1.7760e+00  6.6228e-05
 1.7765e+00  6.6099e-05
 1.7770e+00  6.5969e-05
 1.7775e+00  6.5840e-05
 1.7780e+00  6.5711e-05
 1.7785e+00  6.5582e-05
 1.7790e+00  6.5454e-05
 1.7795e+00  6.5326e-05
 1.7800e+00  6.5198e-05
 1.7805e+00  6.5071e-05
 1.7810e+00  6.4944e-05
 1.7815e+00  6.4817e-05
 1.7820e+00  6.4691e-05
 1.7825e+00  6.4565e-05
 1.7830e+00  6.4439e-05
 1.7835e+00  6.4313e-05
 1.7840e+00  6.4188e-05
 1.7845e+00  6.4063e-05
 1.7850e+00  6.3939e-05
 1.7855e+00  6.3814e-05
 1.7860e+00  6.3691e-05
 1.7865e+00  6.3567e-05
 1.7870e+00  6.3443e-05
 1.7875e+00  6.3320e-05
 1.7880e+00  6.3198e-05
 1.7885e+00  6.3075e-05
 1.7890e+00  6.2953e-05
 1.7895e+00  6.2831e-05
 1.7900e+00  6.2710e-05
 1.7905e+00  6.2588e-05
 1.7910e+00  6.2467e-05
 1.7915e+00  6.2347e-05
 1.7920e+00  6.2227e-05
 1.7925e+00  6.2106e-05
 1.7930e+00  6.1987e-05
 1.7935e+00  6.1867e-05
 1.7940e+00  6.1748e-05
 1.7945e+00  6.1629e-05
 1.7950e+00  6.1510e-05
 1.7955e+00  6.1392e-05
 1.7960e+00  6.1274e-05
 1.7965e+00  6.1156e-05
 1.7970e+00  6.1039e-05
 1.7975e+00  6.0922e-05
 1.7980e+00  6.0805e-05
 1.7985e+00  6.0688e-05
 1.7990e+00  6.0572e-05
 1.7995e+00  6.0456e-05
 1.8000e+00  6.0340e-05
 1.8005e+00  6.0224e-05
 1.8010e+00  6.0109e-05
 1.8015e+00  5.9994e-05
 1.8020e+00  5.9880e-05
 1.8025e+00  5.9765e-05
 1.8030e+00  5.9651e-05
 1.8035e+00  5.9537e-05
 1.8040e+00  5.9424e-05
 1.8045e+00  5.9311e-05
 1.8050e+00  5.9197e-05
 1.8055e+00  5.9085e-05
 1.8060e+00  5.8972e-05
 1.8065e+00  5.8860e-05
 1.8070e+00  5.8748e-05
 1.8075e+00  5.8637e-05
 1.8080e+00  5.8525e-05
 1.8085e+00  5.8414e-05
 1.8090e+00  5.8303e-05
 1.8095e+00  5.8193e-05
 1.8100e+00  5.8082e-05
 1.8105e+00  5.7972e-05
 1.8110e+00  5.7862e-05
 1.8115e+00  5.7753e-05
 1.8120e+00  5.7643e-05
 1.8125e+00  5.7534e-05
 1.8130e+00  5.7426e-05
 1.8135e+00  5.7317e-05
 1.8140e+00  5.7209e-05
 1.8145e+00  5.7101e-05
 1.8150e+00  5.6993e-05
 1.8155e+00  5.6886e-05
 1.8160e+00  5.6778e-05
 1.8165e+00  5.6672e-05
 1.8170e+00  5.6565e-05
 1.8175e+00  5.6458e-05
 1.8180e+00  5.6352e-05
 1.8185e+00  5.6246e-05
 1.8190e+00  5.6141e-05
 1.8195e+00  5.6035e-05
 1.8200e+00  5.5930e-05
 1.8205e+00  5.5825e-05
 1.8210e+00  5.5720e-05
 1.8215e+00  5.5616e-05
 1.8220e+00  5.5511e-05
 1.8225e+00  5.5408e-05
 1.8230e+00  5.5304e-05
 1.8235e+00  5.5200e-05
 1.8240e+00  5.5097e-05
 1.8245e+00  5.4994e-05
 1.8250e+00  5.4891e-05
 1.8255e+00  5.4789e-05
 1.8260e+00  5.4687e-05
 1.8265e+00  5.4585e-05
 1.8270e+00  5.4483e-05
 1.8275e+00  5.4381e-05
 1.8280e+00  5.4280e-05
 1.8285e+00  5.4179e-05
 1.8290e+00  5.4078e-05
 1.8295e+00  5.3977e-05
 1.8300e+00  5.3877e-05
 1.8305e+00  5.3777e-05
 1.8310e+00  5.3677e-05
 1.8315e+00  5.3577e-05
 1.8320e+00  5.3478e-05
 1.8325e+00  5.3379e-05
 1.8330e+00  5.3280e-05
 1.8335e+00  5.3181e-05
 1.8340e+00  5.3083e-05
 1.8345e+00  5.2984e-05
 1.8350e+00  5.2886e-05
 1.8355e+00  5.2788e-05
 1.8360e+00  5.2691e-05
 1.8365e+00  5.2594e-05
 1.8370e+00  5.2497e-05
 1.8375e+00  5.2399e-05
 1.8380e+00  5.2303e-05
 1.8385e+00  5.2206e-05
 1.8390e+00  5.2110e-05
 1.8395e+00  5.2014e-05
 1.8400e+00  5.1918e-05
 1.8405e+00  5.1823e-05
 1.8410e+00  5.1728e-05
 1.8415e+00  5.1632e-05
 1.8420e+00  5.1537e-05
 1.8425e+00  5.1443e-05
 1.8430e+00  5.1348e-05
 1.8435e+00  5.1254e-05
 1.8440e+00  5.1160e-05
 1.8445e+00  5.1066e-05
 1.8450e+00  5.0973e-05
 1.8455e+00  5.0879e-05
 1.8460e+00  5.0786e-05
 1.8465e+00  5.0693e-05
 1.8470e+00  5.0600e-05
 1.8475e+00  5.0508e-05
 1.8480e+00  5.0416e-05
 1.8485e+00  5.0324e-05
 1.8490e+00  5.0232e-05
 1.8495e+00  5.0140e-05
 1.8500e+00  5.0049e-05
 1.8505e+00  4.9957e-05
 1.8510e+00  4.9866e-05
 1.8515e+00  4.9775e-05
 1.8520e+00  4.9685e-05
 1.8525e+00  4.9594e-05
 1.8530e+00  4.9504e-05
 1.8535e+00  4.9414e-05
 1.8540e+00  4.9324e-05
 1.8545e+00  4.9235e-05
 1.8550e+00  4.9145e-05
 1.8555e+00  4.9056e-05
 1.8560e+00  4.8967e-05
 1.8565e+00  4.8878e-05
 1.8570e+00  4.8790e-05
 1.8575e+00  4.8701e-05
 1.8580e+00  4.8613e-05
 1.8585e+00  4.8525e-05
 1.8590e+00  4.8437e-05
 1.8595e+00  4.8350e-05
 1.8600e+00  4.8263e-05
 1.8605e+00  4.8175e-05
 1.8610e+00  4.8088e-05
 1.8615e+00  4.8002e-05
 1.8620e+00  4.7915e-05
 1.8625e+00  4.7829e-05
 1.8630e+00  4.7742e-05
 1.8635e+00  4.7656e-05
 1.8640e+00  4.7571e-05
 1.8645e+00  4.7485e-05
 1.8650e+00  4.7400e-05
 1.8655e+00  4.7314e-05
 1.8660e+00  4.7229e-05
 1.8665e+00  4.7145e-05
 1.8670e+00  4.7060e-05
 1.8675e+00  4.6975e-05
 1.8680e+00  4.6891e-05
 1.8685e+00  4.6807e-05
 1.8690e+00  4.6723e-05
 1.8695e+00  4.6639e-05
 1.8700e+00  4.6556e-05
 1.8705e+00  4.6473e-05
 1.8710e+00  4.6390e-05
 1.8715e+00  4.6307e-05
 1.8720e+00  4.6224e-05
 1.8725e+00  4.6141e-05
 1.8730e+00  4.6059e-05
 1.8735e+00  4.5977e-05
 1.8740e+00  4.5895e-05
 1.8745e+00  4.5813e-05
 1.8750e+00  4.5731e-05
 1.8755e+00  4.5650e-05
 1.8760e+00  4.5568e-05
 1.8765e+00  4.5487e-05
 1.8770e+00  4.5406e-05
 1.8775e+00  4.5326e-05
 1.8780e+00  4.5245e-05
 1.8785e+00  4.5165e-05
 1.8790e+00  4.5084e-05
 1.8795e+00  4.5004e-05
 1.8800e+00  4.4925e-05
 1.8805e+00  4.4845e-05
 1.8810e+00  4.4765e-05
 1.8815e+00  4.4686e-05
 1.8820e+00  4.4607e-05
 1.8825e+00  4.4528e-05
 1.8830e+00  4.4449e-05
 1.8835e+00  4.4371e-05
 1.8840e+00  4.4292e-05
 1.8845e+00  4.4214e-05
 1.8850e+00  4.4136e-05
 1.8855e+00  4.4058e-05
 1.8860e+00  4.3980e-05
 1.8865e+00  4.3903e-05
 1.8870e+00  4.3825e-05
 1.8875e+00  4.3748e-05
 1.8880e+00  4.3671e-05
 1.8885e+00  4.3594e-05
 1.8890e+00  4.3517e-05
 1.8895e+00  4.3441e-05
 1.8900e+00  4.3364e-05
 1.8905e+00  4.3288e-05
 1.8910e+00  4.3212e-05
 1.8915e+00  4.3136e-05
 1.8920e+00  4.3061e-05
 1.8925e+00  4.2985e-05
 1.8930e+00  4.2910e-05
 1.8935e+00  4.2834e-05
 1.8940e+00  4.2759e-05
 1.8945e+00  4.2685e-05
 1.8950e+00  4.2610e-05
 1.8955e+00  4.2535e-05
 1.8960e+00  4.2461e-05
 1.8965e+00  4.2387e-05
 1.8970e+00  4.2313e-05
 1.8975e+00  4.2239e-05
 1.8980e+00  4.2165e-05
 1.8985e+00  4.2091e-05
 1.8990e+00  4.2018e-05
 1.8995e+00  4.1945e-05
 1.9000e+00  4.1872e-05
 1.9005e+00  4.1799e-05
 1.9010e+00  4.1726e-05
 1.9015e+00  4.1653e-05
 1.9020e+00  4.1581e-05
 1.9025e+00  4.1508e-05
 1.9030e+00  4.1436e-05
 1.9035e+00  4.1364e-05
 1.9040e+00  4.1293e-05
 1.9045e+00  4.1221e-05
 1.9050e+00  4.1149e-05
 1.9055e+00  4.1078e-05
 1.9060e+00  4.1007e-05
 1.9065e+00  4.0936e-05
 1.9070e+00  4.0865e-05
 1.9075e+00  4.0794e-05
 1.9080e+00  4.0723e-05
 1.9085e+00  4.0653e-05
 1.9090e+00  4.0583e-05
 1.9095e+00  4.0513e-05
 1.9100e+00  4.0443e-05
 1.9105e+00  4.0373e-05
 1.9110e+00  4.0303e-05
 1.9115e+00  4.0234e-05
 1.9120e+00  4.0164e-05
 1.9125e+00  4.0095e-05
 1.9130e+00  4.0026e-05
 1.9135e+00  3.9957e-05
 1.9140e+00  3.9888e-05
 1.9145e+00  3.9820e-05
 1.9150e+00  3.9751e-05
 1.9155e+00  3.9683e-05
 1.9160e+00  3.9615e-05
 1.9165e+00  3.9547e-05
 1.9170e+00  3.9479e-05
 1.9175e+00  3.9411e-05
 1.9180e+00  3.9343e-05
 1.9185e+00  3.9276e-05
 1.9190e+00  3.9209e-05
 1.9195e+00  3.9141e-05
 1.9200e+00  3.9075e-05
 1.9205e+00  3.9008e-05
 1.9210e+00  3.8941e-05
 1.9215e+00  3.8874e-05
 1.9220e+00  3.8808e-05
 1.9225e+00  3.8742e-05
 1.9230e+00  3.8675e-05
 1.9235e+00  3.8609e-05
 1.9240e+00  3.8543e-05
 1.9245e+00  3.8478e-05
 1.9250e+00  3.8412e-05
 1.9255e+00  3.8347e-05
 1.9260e+00  3.8281e-05
 1.9265e+00  3.8216e-05
 1.9270e+00  3.8151e-05
 1.9275e+00  3.8086e-05
 1.9280e+00  3.8021e-05
 1.9285e+00  3.7957e-05
 1.9290e+00  3.7892e-05
 1.9295e+00  3.7828e-05
 1.9300e+00  3.7764e-05
 1.9305e+00  3.7700e-05
 1.9310e+00  3.7636e-05
 1.9315e+00  3.7572e-05
 1.9320e+00  3.7508e-05
 1.9325e+00  3.7445e-05
 1.9330e+00  3.7381e-05
 1.9335e+00  3.7318e-05
 1.9340e+00  3.7255e-05
 1.9345e+00  3.7192e-05
 1.9350e+00  3.7129e-05
 1.9355e+00  3.7066e-05
 1.9360e+00  3.7004e-05
 1.9365e+00  3.6941e-05
 1.9370e+00  3.6879e-05
 1.9375e+00  3.6817e-05
 1.9380e+00  3.6755e-05
 1.9385e+00  3.6693e-05
 1.9390e+00  3.6631e-05
 1.9395e+00  3.6569e-05
 1.9400e+00  3.6508e-05
 1.9405e+00  3.6446e-05
 1.9410e+00  3.6385e-05
 1.9415e+00  3.6324e-05
 1.9420e+00  3.6263e-05
 1.9425e+00  3.6202e-05
 1.9430e+00  3.6141e-05
 1.9435e+00  3.6080e-05
 1.9440e+00  3.6020e-05
 1.9445e+00  3.5959e-05
 1.9450e+00  3.5899e-05
 1.9455e+00  3.5839e-05
 1.9460e+00  3.5779e-05
 1.9465e+00  3.5719e-05
 1.9470e+00  3.5659e-05
 1.9475e+00  3.5600e-05
 1.9480e+00  3.5540e-05
 1.9485e+00  3.5481e-05
 1.9490e+00  3.5421e-05
 1.9495e+00  3.5362e-05
 1.9500e+00  3.5303e-05
 1.9505e+00  3.5244e-05
 1.9510e+00  3.5186e-05
 1.9515e+00  3.5127e-05
 1.9520e+00  3.5068e-05
 1.9525e+00  3.5010e-05
 1.9530e+00  3.4952e-05
 1.9535e+00  3.4894e-05
 1.9540e+00  3.4836e-05
 1.9545e+00  3.4778e-05
 1.9550e+00  3.4720e-05
 1.9555e+00  3.4662e-05
 1.9560e+00  3.4605e-05
 1.9565e+00  3.4547e-05
 1.9570e+00  3.4490e-05
 1.9575e+00  3.4433e-05
 1.9580e+00  3.4376e-05
 1.9585e+00  3.4319e-05
 1.9590e+00  3.4262e-05
 1.9595e+00  3.4205e-05
 1.9600e+00  3.4148e-05
 1.9605e+00  3.4092e-05
 1.9610e+00  3.4036e-05
 1.9615e+00  3.3979e-05
 1.9620e+00  3.3923e-05
 1.9625e+00  3.3867e-05
 1.9630e+00  3.3811e-05
 1.9635e+00  3.3755e-05
 1.9640e+00  3.3700e-05
 1.9645e+00  3.3644e-05
 1.9650e+00  3.3589e-05
 1.9655e+00  3.3533e-05
 1.9660e+00  3.3478e-05
 1.9665e+00  3.3423e-05
 1.9670e+00  3.3368e-05
 1.9675e+00  3.3313e-05
 1.9680e+00  3.3258e-05
 1.9685e+00  3.3204e-05
 1.9690e+00  3.3149e-05
 1.9695e+00  3.3095e-05
 1.9700e+00  3.3040e-05
 1.9705e+00  3.2986e-05
 1.9710e+00  3.2932e-05
 1.9715e+00  3.2878e-05
 1.9720e+00  3.2824e-05
 1.9725e+00  3.2770e-05
 1.9730e+00  3.2717e-05
 1.9735e+00  3.2663e-05
 1.9740e+00  3.2610e-05
 1.9745e+00  3.2556e-05
 1.9750e+00  3.2503e-05
 1.9755e+00  3.2450e-05
 1.9760e+00  3.2397e-05
 1.9765e+00  3.2344e-05
 1.9770e+00  3.2291e-05
 1.9775e+00  3.2239e-05
 1.9780e+00  3.2186e-05
 1.9785e+00  3.2134e-05
 1.9790e+00  3.2081e-05
 1.9795e+00  3.2029e-05
 1.9800e+00  3.1977e-05
 1.9805e+00  3.1925e-05
 1.9810e+00  3.1873e-05
 1.9815e+00  3.1821e-05
 1.9820e+00  3.1769e-05
 1.9825e+00  3.1718e-05
 1.9830e+00  3.1666e-05
 1.9835e+00  3.1615e-05
 1.9840e+00  3.1563e-05
 1.9845e+00  3.1512e-05
 1.9850e+00  3.1461e-05
 1.9855e+00  3.1410e-05
 1.9860e+00  3.1359e-05
 1.9865e+00  3.1309e-05
 1.9870e+00  3.1258e-05
 1.9875e+00  3.1207e-05
 1.9880e+00  3.1157e-05
 1.9885e+00  3.1106e-05
 1.9890e+00  3.1056e-05
 1.9895e+00  3.1006e-05
 1.9900e+00  3.0956e-05
 1.9905e+00  3.0906e-05
 1.9910e+00  3.0856e-05
 1.9915e+00  3.0806e-05
 1.9920e+00  3.0757e-05
 1.9925e+00  3.0707e-05
 1.9930e+00  3.0658e-05
 1.9935e+00  3.0608e-05
 1.9940e+00  3.0559e-05
 1.9945e+00  3.0510e-05
 1.9950e+00  3.0461e-05
 1.9955e+00  3.0412e-05
 1.9960e+00  3.0363e-05
 1.9965e+00  3.0314e-05
 1.9970e+00  3.0265e-05
 1.9975e+00  3.0217e-05
 1.9980e+00  3.0168e-05
 1.9985e+00  3.0120e-05
 1.9990e+00  3.0072e-05
 1.9995e+00  3.0023e-05
 2.0000e+00  2.9975e-05
