#     mass     R_mu^F
 4.1950e-01  0.0000e+00
 4.2000e-01  3.9588e-22
 4.2050e-01  4.2926e-09
 4.2100e-01  1.0047e-08
 4.2150e-01  1.7279e-08
 4.2200e-01  2.6006e-08
 4.2250e-01  3.6243e-08
 4.2300e-01  4.8008e-08
 4.2350e-01  6.1318e-08
 4.2400e-01  7.6189e-08
 4.2450e-01  9.2640e-08
 4.2500e-01  1.1069e-07
 4.2550e-01  1.3035e-07
 4.2600e-01  1.5164e-07
 4.2650e-01  1.7459e-07
 4.2700e-01  1.9920e-07
 4.2750e-01  2.2550e-07
 4.2800e-01  2.5351e-07
 4.2850e-01  2.8324e-07
 4.2900e-01  3.1472e-07
 4.2950e-01  3.4796e-07
 4.3000e-01  3.8298e-07
 4.3050e-01  4.1980e-07
 4.3100e-01  4.5845e-07
 4.3150e-01  4.9895e-07
 4.3200e-01  5.4131e-07
 4.3250e-01  5.8555e-07
 4.3300e-01  6.3170e-07
 4.3350e-01  6.7977e-07
 4.3400e-01  7.2980e-07
 4.3450e-01  7.8180e-07
 4.3500e-01  8.3579e-07
 4.3550e-01  8.9179e-07
 4.3600e-01  9.4983e-07
 4.3650e-01  1.0099e-06
 4.3700e-01  1.0721e-06
 4.3750e-01  1.1364e-06
 4.3800e-01  1.2028e-06
 4.3850e-01  1.2714e-06
 4.3900e-01  1.3422e-06
 4.3950e-01  1.4151e-06
 4.4000e-01  1.4903e-06
 4.4050e-01  1.5678e-06
 4.4100e-01  1.6475e-06
 4.4150e-01  1.7295e-06
 4.4200e-01  1.8139e-06
 4.4250e-01  1.9006e-06
 4.4300e-01  1.9897e-06
 4.4350e-01  2.0811e-06
 4.4400e-01  2.1751e-06
 4.4450e-01  2.2715e-06
 4.4500e-01  2.3704e-06
 4.4550e-01  2.4718e-06
 4.4600e-01  2.5757e-06
 4.4650e-01  2.6823e-06
 4.4700e-01  2.7914e-06
 4.4750e-01  2.9032e-06
 4.4800e-01  3.0176e-06
 4.4850e-01  3.1347e-06
 4.4900e-01  3.2546e-06
 4.4950e-01  3.3772e-06
 4.5000e-01  3.5026e-06
 4.5050e-01  3.6309e-06
 4.5100e-01  3.7619e-06
 4.5150e-01  3.8959e-06
 4.5200e-01  4.0327e-06
 4.5250e-01  4.1726e-06
 4.5300e-01  4.3154e-06
 4.5350e-01  4.4612e-06
 4.5400e-01  4.6101e-06
 4.5450e-01  4.7620e-06
 4.5500e-01  4.9171e-06
 4.5550e-01  5.0753e-06
 4.5600e-01  5.2368e-06
 4.5650e-01  5.4014e-06
 4.5700e-01  5.5693e-06
 4.5750e-01  5.7406e-06
 4.5800e-01  5.9151e-06
 4.5850e-01  6.0931e-06
 4.5900e-01  6.2744e-06
 4.5950e-01  6.4592e-06
 4.6000e-01  6.6475e-06
 4.6050e-01  6.8394e-06
 4.6100e-01  7.0348e-06
 4.6150e-01  7.2338e-06
 4.6200e-01  7.4365e-06
 4.6250e-01  7.6429e-06
 4.6300e-01  7.8530e-06
 4.6350e-01  8.0669e-06
 4.6400e-01  8.2847e-06
 4.6450e-01  8.5063e-06
 4.6500e-01  8.7318e-06
 4.6550e-01  8.9613e-06
 4.6600e-01  9.1948e-06
 4.6650e-01  9.4323e-06
 4.6700e-01  9.6740e-06
 4.6750e-01  9.9197e-06
 4.6800e-01  1.0170e-05
 4.6850e-01  1.0424e-05
 4.6900e-01  1.0682e-05
 4.6950e-01  1.0945e-05
 4.7000e-01  1.1213e-05
 4.7050e-01  1.1484e-05
 4.7100e-01  1.1760e-05
 4.7150e-01  1.2041e-05
 4.7200e-01  1.2326e-05
 4.7250e-01  1.2616e-05
 4.7300e-01  1.2911e-05
 4.7350e-01  1.3211e-05
 4.7400e-01  1.3515e-05
 4.7450e-01  1.3824e-05
 4.7500e-01  1.4138e-05
 4.7550e-01  1.4457e-05
 4.7600e-01  1.4781e-05
 4.7650e-01  1.5110e-05
 4.7700e-01  1.5444e-05
 4.7750e-01  1.5784e-05
 4.7800e-01  1.6129e-05
 4.7850e-01  1.6479e-05
 4.7900e-01  1.6834e-05
 4.7950e-01  1.7195e-05
 4.8000e-01  1.7562e-05
 4.8050e-01  1.7934e-05
 4.8100e-01  1.8311e-05
 4.8150e-01  1.8695e-05
 4.8200e-01  1.9084e-05
 4.8250e-01  1.9479e-05
 4.8300e-01  1.9880e-05
 4.8350e-01  2.0287e-05
 4.8400e-01  2.0700e-05
 4.8450e-01  2.1119e-05
 4.8500e-01  2.1545e-05
 4.8550e-01  2.1976e-05
 4.8600e-01  2.2415e-05
 4.8650e-01  2.2859e-05
 4.8700e-01  2.3310e-05
 4.8750e-01  2.3767e-05
 4.8800e-01  2.4232e-05
 4.8850e-01  2.4702e-05
 4.8900e-01  2.5180e-05
 4.8950e-01  2.5665e-05
 4.9000e-01  2.6156e-05
 4.9050e-01  2.6655e-05
 4.9100e-01  2.7160e-05
 4.9150e-01  2.7673e-05
 4.9200e-01  2.8194e-05
 4.9250e-01  2.8721e-05
 4.9300e-01  2.9256e-05
 4.9350e-01  2.9799e-05
 4.9400e-01  3.0349e-05
 4.9450e-01  3.0907e-05
 4.9500e-01  3.1473e-05
 4.9550e-01  3.2047e-05
 4.9600e-01  3.2629e-05
 4.9650e-01  3.3219e-05
 4.9700e-01  3.3817e-05
 4.9750e-01  3.4423e-05
 4.9800e-01  3.5038e-05
 4.9850e-01  3.5661e-05
 4.9900e-01  3.6293e-05
 4.9950e-01  3.6934e-05
 5.0000e-01  3.7583e-05
 5.0050e-01  3.8241e-05
 5.0100e-01  3.8909e-05
 5.0150e-01  3.9585e-05
 5.0200e-01  4.0271e-05
 5.0250e-01  4.0966e-05
 5.0300e-01  4.1670e-05
 5.0350e-01  4.2384e-05
 5.0400e-01  4.3108e-05
 5.0450e-01  4.3841e-05
 5.0500e-01  4.4584e-05
 5.0550e-01  4.5338e-05
 5.0600e-01  4.6101e-05
 5.0650e-01  4.6875e-05
 5.0700e-01  4.7659e-05
 5.0750e-01  4.8454e-05
 5.0800e-01  4.9259e-05
 5.0850e-01  5.0075e-05
 5.0900e-01  5.0902e-05
 5.0950e-01  5.1740e-05
 5.1000e-01  5.2589e-05
 5.1050e-01  5.3449e-05
 5.1100e-01  5.4321e-05
 5.1150e-01  5.5204e-05
 5.1200e-01  5.6099e-05
 5.1250e-01  5.7006e-05
 5.1300e-01  5.7925e-05
 5.1350e-01  5.8856e-05
 5.1400e-01  5.9799e-05
 5.1450e-01  6.0755e-05
 5.1500e-01  6.1723e-05
 5.1550e-01  6.2704e-05
 5.1600e-01  6.3697e-05
 5.1650e-01  6.4704e-05
 5.1700e-01  6.5724e-05
 5.1750e-01  6.6757e-05
 5.1800e-01  6.7804e-05
 5.1850e-01  6.8864e-05
 5.1900e-01  6.9938e-05
 5.1950e-01  7.1027e-05
 5.2000e-01  7.2129e-05
 5.2050e-01  7.3245e-05
 5.2100e-01  7.4377e-05
 5.2150e-01  7.5522e-05
 5.2200e-01  7.6683e-05
 5.2250e-01  7.7859e-05
 5.2300e-01  7.9050e-05
 5.2350e-01  8.0256e-05
 5.2400e-01  8.1478e-05
 5.2450e-01  8.2715e-05
 5.2500e-01  8.3969e-05
 5.2550e-01  8.5239e-05
 5.2600e-01  8.6525e-05
 5.2650e-01  8.7827e-05
 5.2700e-01  8.9147e-05
 5.2750e-01  9.0483e-05
 5.2800e-01  9.1837e-05
 5.2850e-01  9.3208e-05
 5.2900e-01  9.4596e-05
 5.2950e-01  9.6002e-05
 5.3000e-01  9.7427e-05
 5.3050e-01  9.8869e-05
 5.3100e-01  1.0033e-04
 5.3150e-01  1.0181e-04
 5.3200e-01  1.0331e-04
 5.3250e-01  1.0483e-04
 5.3300e-01  1.0636e-04
 5.3350e-01  1.0792e-04
 5.3400e-01  1.0950e-04
 5.3450e-01  1.1109e-04
 5.3500e-01  1.1271e-04
 5.3550e-01  1.1435e-04
 5.3600e-01  1.1601e-04
 5.3650e-01  1.1769e-04
 5.3700e-01  1.1939e-04
 5.3750e-01  1.2111e-04
 5.3800e-01  1.2286e-04
 5.3850e-01  1.2462e-04
 5.3900e-01  1.2641e-04
 5.3950e-01  1.2822e-04
 5.4000e-01  1.3006e-04
 5.4050e-01  1.3192e-04
 5.4100e-01  1.3380e-04
 5.4150e-01  1.3570e-04
 5.4200e-01  1.3763e-04
 5.4250e-01  1.3959e-04
 5.4300e-01  1.4157e-04
 5.4350e-01  1.4357e-04
 5.4400e-01  1.4560e-04
 5.4450e-01  1.4766e-04
 5.4500e-01  1.4974e-04
 5.4550e-01  1.5185e-04
 5.4600e-01  1.5398e-04
 5.4650e-01  1.5614e-04
 5.4700e-01  1.5833e-04
 5.4750e-01  1.6055e-04
 5.4800e-01  1.6279e-04
 5.4850e-01  1.6507e-04
 5.4900e-01  1.6737e-04
 5.4950e-01  1.6970e-04
 5.5000e-01  1.7206e-04
 5.5050e-01  1.7445e-04
 5.5100e-01  1.7687e-04
 5.5150e-01  1.7932e-04
 5.5200e-01  1.8181e-04
 5.5250e-01  1.8432e-04
 5.5300e-01  1.8687e-04
 5.5350e-01  1.8944e-04
 5.5400e-01  1.9205e-04
 5.5450e-01  1.9470e-04
 5.5500e-01  1.9738e-04
 5.5550e-01  2.0009e-04
 5.5600e-01  2.0283e-04
 5.5650e-01  2.0561e-04
 5.5700e-01  2.0843e-04
 5.5750e-01  2.1128e-04
 5.5800e-01  2.1416e-04
 5.5850e-01  2.1709e-04
 5.5900e-01  2.2005e-04
 5.5950e-01  2.2305e-04
 5.6000e-01  2.2608e-04
 5.6050e-01  2.2916e-04
 5.6100e-01  2.3227e-04
 5.6150e-01  2.3543e-04
 5.6200e-01  2.3862e-04
 5.6250e-01  2.4185e-04
 5.6300e-01  2.4513e-04
 5.6350e-01  2.4844e-04
 5.6400e-01  2.5180e-04
 5.6450e-01  2.5520e-04
 5.6500e-01  2.5865e-04
 5.6550e-01  2.6214e-04
 5.6600e-01  2.6567e-04
 5.6650e-01  2.6925e-04
 5.6700e-01  2.7287e-04
 5.6750e-01  2.7654e-04
 5.6800e-01  2.8026e-04
 5.6850e-01  2.8402e-04
 5.6900e-01  2.8783e-04
 5.6950e-01  2.9169e-04
 5.7000e-01  2.9560e-04
 5.7050e-01  2.9956e-04
 5.7100e-01  3.0357e-04
 5.7150e-01  3.0763e-04
 5.7200e-01  3.1174e-04
 5.7250e-01  3.1590e-04
 5.7300e-01  3.2012e-04
 5.7350e-01  3.2439e-04
 5.7400e-01  3.2872e-04
 5.7450e-01  3.3310e-04
 5.7500e-01  3.3754e-04
 5.7550e-01  3.4203e-04
 5.7600e-01  3.4659e-04
 5.7650e-01  3.5120e-04
 5.7700e-01  3.5587e-04
 5.7750e-01  3.6060e-04
 5.7800e-01  3.6539e-04
 5.7850e-01  3.7024e-04
 5.7900e-01  3.7516e-04
 5.7950e-01  3.8013e-04
 5.8000e-01  3.8517e-04
 5.8050e-01  3.9028e-04
 5.8100e-01  3.9545e-04
 5.8150e-01  4.0069e-04
 5.8200e-01  4.0600e-04
 5.8250e-01  4.1138e-04
 5.8300e-01  4.1682e-04
 5.8350e-01  4.2234e-04
 5.8400e-01  4.2792e-04
 5.8450e-01  4.3358e-04
 5.8500e-01  4.3931e-04
 5.8550e-01  4.4512e-04
 5.8600e-01  4.5100e-04
 5.8650e-01  4.5696e-04
 5.8700e-01  4.6300e-04
 5.8750e-01  4.6911e-04
 5.8800e-01  4.7530e-04
 5.8850e-01  4.8158e-04
 5.8900e-01  4.8793e-04
 5.8950e-01  4.9437e-04
 5.9000e-01  5.0090e-04
 5.9050e-01  5.0750e-04
 5.9100e-01  5.1420e-04
 5.9150e-01  5.2098e-04
 5.9200e-01  5.2785e-04
 5.9250e-01  5.3481e-04
 5.9300e-01  5.4186e-04
 5.9350e-01  5.4901e-04
 5.9400e-01  5.5625e-04
 5.9450e-01  5.6358e-04
 5.9500e-01  5.7101e-04
 5.9550e-01  5.7854e-04
 5.9600e-01  5.8617e-04
 5.9650e-01  5.9389e-04
 5.9700e-01  6.0172e-04
 5.9750e-01  6.0966e-04
 5.9800e-01  6.1770e-04
 5.9850e-01  6.2584e-04
 5.9900e-01  6.3409e-04
 5.9950e-01  6.4245e-04
 6.0000e-01  6.5093e-04
 6.0050e-01  6.5951e-04
 6.0100e-01  6.6821e-04
 6.0150e-01  6.7703e-04
 6.0200e-01  6.8596e-04
 6.0250e-01  6.9501e-04
 6.0300e-01  7.0419e-04
 6.0350e-01  7.1349e-04
 6.0400e-01  7.2291e-04
 6.0450e-01  7.3245e-04
 6.0500e-01  7.4213e-04
 6.0550e-01  7.5193e-04
 6.0600e-01  7.6187e-04
 6.0650e-01  7.7194e-04
 6.0700e-01  7.8215e-04
 6.0750e-01  7.9249e-04
 6.0800e-01  8.0298e-04
 6.0850e-01  8.1360e-04
 6.0900e-01  8.2437e-04
 6.0950e-01  8.3529e-04
 6.1000e-01  8.4635e-04
 6.1050e-01  8.5757e-04
 6.1100e-01  8.6893e-04
 6.1150e-01  8.8046e-04
 6.1200e-01  8.9213e-04
 6.1250e-01  9.0397e-04
 6.1300e-01  9.1597e-04
 6.1350e-01  9.2814e-04
 6.1400e-01  9.4047e-04
 6.1450e-01  9.5297e-04
 6.1500e-01  9.6564e-04
 6.1550e-01  9.7849e-04
 6.1600e-01  9.9151e-04
 6.1650e-01  1.0047e-03
 6.1700e-01  1.0181e-03
 6.1750e-01  1.0317e-03
 6.1800e-01  1.0454e-03
 6.1850e-01  1.0594e-03
 6.1900e-01  1.0735e-03
 6.1950e-01  1.0879e-03
 6.2000e-01  1.1024e-03
 6.2050e-01  1.1171e-03
 6.2100e-01  1.1321e-03
 6.2150e-01  1.1473e-03
 6.2200e-01  1.1626e-03
 6.2250e-01  1.1782e-03
 6.2300e-01  1.1940e-03
 6.2350e-01  1.2101e-03
 6.2400e-01  1.2263e-03
 6.2450e-01  1.2428e-03
 6.2500e-01  1.2595e-03
 6.2550e-01  1.2765e-03
 6.2600e-01  1.2937e-03
 6.2650e-01  1.3111e-03
 6.2700e-01  1.3288e-03
 6.2750e-01  1.3467e-03
 6.2800e-01  1.3649e-03
 6.2850e-01  1.3834e-03
 6.2900e-01  1.4021e-03
 6.2950e-01  1.4211e-03
 6.3000e-01  1.4403e-03
 6.3050e-01  1.4599e-03
 6.3100e-01  1.4797e-03
 6.3150e-01  1.4998e-03
 6.3200e-01  1.5202e-03
 6.3250e-01  1.5409e-03
 6.3300e-01  1.5619e-03
 6.3350e-01  1.5832e-03
 6.3400e-01  1.6048e-03
 6.3450e-01  1.6267e-03
 6.3500e-01  1.6490e-03
 6.3550e-01  1.6716e-03
 6.3600e-01  1.6945e-03
 6.3650e-01  1.7177e-03
 6.3700e-01  1.7413e-03
 6.3750e-01  1.7652e-03
 6.3800e-01  1.7895e-03
 6.3850e-01  1.8141e-03
 6.3900e-01  1.8391e-03
 6.3950e-01  1.8645e-03
 6.4000e-01  1.8903e-03
 6.4050e-01  1.9164e-03
 6.4100e-01  1.9430e-03
 6.4150e-01  1.9699e-03
 6.4200e-01  1.9972e-03
 6.4250e-01  2.0250e-03
 6.4300e-01  2.0532e-03
 6.4350e-01  2.0818e-03
 6.4400e-01  2.1108e-03
 6.4450e-01  2.1403e-03
 6.4500e-01  2.1702e-03
 6.4550e-01  2.2006e-03
 6.4600e-01  2.2314e-03
 6.4650e-01  2.2627e-03
 6.4700e-01  2.2945e-03
 6.4750e-01  2.3268e-03
 6.4800e-01  2.3596e-03
 6.4850e-01  2.3928e-03
 6.4900e-01  2.4266e-03
 6.4950e-01  2.4609e-03
 6.5000e-01  2.4958e-03
 6.5050e-01  2.5312e-03
 6.5100e-01  2.5671e-03
 6.5150e-01  2.6037e-03
 6.5200e-01  2.6407e-03
 6.5250e-01  2.6784e-03
 6.5300e-01  2.7167e-03
 6.5350e-01  2.7555e-03
 6.5400e-01  2.7950e-03
 6.5450e-01  2.8351e-03
 6.5500e-01  2.8759e-03
 6.5550e-01  2.9173e-03
 6.5600e-01  2.9593e-03
 6.5650e-01  3.0021e-03
 6.5700e-01  3.0455e-03
 6.5750e-01  3.0896e-03
 6.5800e-01  3.1345e-03
 6.5850e-01  3.1800e-03
 6.5900e-01  3.2263e-03
 6.5950e-01  3.2734e-03
 6.6000e-01  3.3212e-03
 6.6050e-01  3.3698e-03
 6.6100e-01  3.4192e-03
 6.6150e-01  3.4694e-03
 6.6200e-01  3.5205e-03
 6.6250e-01  3.5724e-03
 6.6300e-01  3.6251e-03
 6.6350e-01  3.6787e-03
 6.6400e-01  3.7333e-03
 6.6450e-01  3.7887e-03
 6.6500e-01  3.8451e-03
 6.6550e-01  3.9024e-03
 6.6600e-01  3.9606e-03
 6.6650e-01  4.0199e-03
 6.6700e-01  4.0802e-03
 6.6750e-01  4.1415e-03
 6.6800e-01  4.2038e-03
 6.6850e-01  4.2672e-03
 6.6900e-01  4.3317e-03
 6.6950e-01  4.3973e-03
 6.7000e-01  4.4640e-03
 6.7050e-01  4.5319e-03
 6.7100e-01  4.6010e-03
 6.7150e-01  4.6713e-03
 6.7200e-01  4.7428e-03
 6.7250e-01  4.8156e-03
 6.7300e-01  4.8896e-03
 6.7350e-01  4.9650e-03
 6.7400e-01  5.0416e-03
 6.7450e-01  5.1197e-03
 6.7500e-01  5.1991e-03
 6.7550e-01  5.2800e-03
 6.7600e-01  5.3623e-03
 6.7650e-01  5.4461e-03
 6.7700e-01  5.5314e-03
 6.7750e-01  5.6182e-03
 6.7800e-01  5.7066e-03
 6.7850e-01  5.7967e-03
 6.7900e-01  5.8883e-03
 6.7950e-01  5.9817e-03
 6.8000e-01  6.0768e-03
 6.8050e-01  6.1737e-03
 6.8100e-01  6.2723e-03
 6.8150e-01  6.3728e-03
 6.8200e-01  6.4751e-03
 6.8250e-01  6.5794e-03
 6.8300e-01  6.6857e-03
 6.8350e-01  6.7939e-03
 6.8400e-01  6.9042e-03
 6.8450e-01  7.0167e-03
 6.8500e-01  7.1312e-03
 6.8550e-01  7.2480e-03
 6.8600e-01  7.3670e-03
 6.8650e-01  7.4883e-03
 6.8700e-01  7.6120e-03
 6.8750e-01  7.7380e-03
 6.8800e-01  7.8666e-03
 6.8850e-01  7.9976e-03
 6.8900e-01  8.1313e-03
 6.8950e-01  8.2676e-03
 6.9000e-01  8.4066e-03
 6.9050e-01  8.5484e-03
 6.9100e-01  8.6930e-03
 6.9150e-01  8.8405e-03
 6.9200e-01  8.9911e-03
 6.9250e-01  9.1446e-03
 6.9300e-01  9.3013e-03
 6.9350e-01  9.4612e-03
 6.9400e-01  9.6245e-03
 6.9450e-01  9.7910e-03
 6.9500e-01  9.9611e-03
 6.9550e-01  1.0135e-02
 6.9600e-01  1.0312e-02
 6.9650e-01  1.0493e-02
 6.9700e-01  1.0678e-02
 6.9750e-01  1.0866e-02
 6.9800e-01  1.1059e-02
 6.9850e-01  1.1256e-02
 6.9900e-01  1.1457e-02
 6.9950e-01  1.1662e-02
 7.0000e-01  1.1872e-02
 7.0050e-01  1.2086e-02
 7.0100e-01  1.2306e-02
 7.0150e-01  1.2530e-02
 7.0200e-01  1.2759e-02
 7.0250e-01  1.2993e-02
 7.0300e-01  1.3232e-02
 7.0350e-01  1.3476e-02
 7.0400e-01  1.3727e-02
 7.0450e-01  1.3982e-02
 7.0500e-01  1.4244e-02
 7.0550e-01  1.4512e-02
 7.0600e-01  1.4786e-02
 7.0650e-01  1.5066e-02
 7.0700e-01  1.5353e-02
 7.0750e-01  1.5646e-02
 7.0800e-01  1.5946e-02
 7.0850e-01  1.6254e-02
 7.0900e-01  1.6569e-02
 7.0950e-01  1.6891e-02
 7.1000e-01  1.7221e-02
 7.1050e-01  1.7559e-02
 7.1100e-01  1.7906e-02
 7.1150e-01  1.8261e-02
 7.1200e-01  1.8624e-02
 7.1250e-01  1.8997e-02
 7.1300e-01  1.9379e-02
 7.1350e-01  1.9771e-02
 7.1400e-01  2.0172e-02
 7.1450e-01  2.0584e-02
 7.1500e-01  2.1006e-02
 7.1550e-01  2.1439e-02
 7.1600e-01  2.1883e-02
 7.1650e-01  2.2339e-02
 7.1700e-01  2.2807e-02
 7.1750e-01  2.3287e-02
 7.1800e-01  2.3780e-02
 7.1850e-01  2.4286e-02
 7.1900e-01  2.4805e-02
 7.1950e-01  2.5339e-02
 7.2000e-01  2.5887e-02
 7.2050e-01  2.6451e-02
 7.2100e-01  2.7030e-02
 7.2150e-01  2.7625e-02
 7.2200e-01  2.8236e-02
 7.2250e-01  2.8865e-02
 7.2300e-01  2.9512e-02
 7.2350e-01  3.0178e-02
 7.2400e-01  3.0863e-02
 7.2450e-01  3.1567e-02
 7.2500e-01  3.2292e-02
 7.2550e-01  3.3039e-02
 7.2600e-01  3.3808e-02
 7.2650e-01  3.4600e-02
 7.2700e-01  3.5416e-02
 7.2750e-01  3.6256e-02
 7.2800e-01  3.7123e-02
 7.2850e-01  3.8016e-02
 7.2900e-01  3.8937e-02
 7.2950e-01  3.9887e-02
 7.3000e-01  4.0867e-02
 7.3050e-01  4.1879e-02
 7.3100e-01  4.2923e-02
 7.3150e-01  4.4001e-02
 7.3200e-01  4.5115e-02
 7.3250e-01  4.6265e-02
 7.3300e-01  4.7454e-02
 7.3350e-01  4.8683e-02
 7.3400e-01  4.9953e-02
 7.3450e-01  5.1268e-02
 7.3500e-01  5.2627e-02
 7.3550e-01  5.4035e-02
 7.3600e-01  5.5491e-02
 7.3650e-01  5.7000e-02
 7.3700e-01  5.8563e-02
 7.3750e-01  6.0183e-02
 7.3800e-01  6.1863e-02
 7.3850e-01  6.3604e-02
 7.3900e-01  6.5411e-02
 7.3950e-01  6.7286e-02
 7.4000e-01  6.9233e-02
 7.4050e-01  7.1255e-02
 7.4100e-01  7.3356e-02
 7.4150e-01  7.5540e-02
 7.4200e-01  7.7812e-02
 7.4250e-01  8.0175e-02
 7.4300e-01  8.2634e-02
 7.4350e-01  8.5195e-02
 7.4400e-01  8.7863e-02
 7.4450e-01  9.0644e-02
 7.4500e-01  9.3544e-02
 7.4550e-01  9.6570e-02
 7.4600e-01  9.9728e-02
 7.4650e-01  1.0303e-01
 7.4700e-01  1.0647e-01
 7.4750e-01  1.1008e-01
 7.4800e-01  1.1385e-01
 7.4850e-01  1.1779e-01
 7.4900e-01  1.2193e-01
 7.4950e-01  1.2626e-01
 7.5000e-01  1.3080e-01
 7.5050e-01  1.3557e-01
 7.5100e-01  1.4057e-01
 7.5150e-01  1.4583e-01
 7.5200e-01  1.5136e-01
 7.5250e-01  1.5719e-01
 7.5300e-01  1.6332e-01
 7.5350e-01  1.6978e-01
 7.5400e-01  1.7659e-01
 7.5450e-01  1.8379e-01
 7.5500e-01  1.9139e-01
 7.5550e-01  1.9943e-01
 7.5600e-01  2.0795e-01
 7.5650e-01  2.1697e-01
 7.5700e-01  2.2653e-01
 7.5750e-01  2.3669e-01
 7.5800e-01  2.4748e-01
 7.5850e-01  2.5897e-01
 7.5900e-01  2.7120e-01
 7.5950e-01  2.8425e-01
 7.6000e-01  2.9819e-01
 7.6050e-01  3.1308e-01
 7.6100e-01  3.2903e-01
 7.6150e-01  3.4613e-01
 7.6200e-01  3.6448e-01
 7.6250e-01  3.8422e-01
 7.6300e-01  4.0547e-01
 7.6350e-01  4.2840e-01
 7.6400e-01  4.5317e-01
 7.6450e-01  4.7998e-01
 7.6500e-01  5.0905e-01
 7.6550e-01  5.4063e-01
 7.6600e-01  5.7501e-01
 7.6650e-01  6.1252e-01
 7.6700e-01  6.5353e-01
 7.6750e-01  6.9846e-01
 7.6800e-01  7.4782e-01
 7.6850e-01  8.0218e-01
 7.6900e-01  8.6219e-01
 7.6950e-01  9.2863e-01
 7.7000e-01  1.0024e+00
 7.7050e-01  1.0845e+00
 7.7100e-01  1.1763e+00
 7.7150e-01  1.2791e+00
 7.7200e-01  1.3947e+00
 7.7250e-01  1.5252e+00
 7.7300e-01  1.6728e+00
 7.7350e-01  1.8405e+00
 7.7400e-01  2.0318e+00
 7.7450e-01  2.2505e+00
 7.7500e-01  2.5014e+00
 7.7550e-01  2.7902e+00
 7.7600e-01  3.1232e+00
 7.7650e-01  3.5077e+00
 7.7700e-01  3.9516e+00
 7.7750e-01  4.4630e+00
 7.7800e-01  5.0495e+00
 7.7850e-01  5.7160e+00
 7.7900e-01  6.4626e+00
 7.7950e-01  7.2802e+00
 7.8000e-01  8.1462e+00
 7.8050e-01  9.0191e+00
 7.8100e-01  9.8371e+00
 7.8150e-01  1.0523e+01
 7.8200e-01  1.0997e+01
 7.8250e-01  1.1200e+01
 7.8300e-01  1.1108e+01
 7.8350e-01  1.0745e+01
 7.8400e-01  1.0166e+01
 7.8450e-01  9.4480e+00
 7.8500e-01  8.6618e+00
 7.8550e-01  7.8655e+00
 7.8600e-01  7.0993e+00
 7.8650e-01  6.3867e+00
 7.8700e-01  5.7389e+00
 7.8750e-01  5.1588e+00
 7.8800e-01  4.6441e+00
 7.8850e-01  4.1899e+00
 7.8900e-01  3.7902e+00
 7.8950e-01  3.4387e+00
 7.9000e-01  3.1294e+00
 7.9050e-01  2.8569e+00
 7.9100e-01  2.6163e+00
 7.9150e-01  2.4033e+00
 7.9200e-01  2.2141e+00
 7.9250e-01  2.0457e+00
 7.9300e-01  1.8953e+00
 7.9350e-01  1.7606e+00
 7.9400e-01  1.6395e+00
 7.9450e-01  1.5304e+00
 7.9500e-01  1.4318e+00
 7.9550e-01  1.3425e+00
 7.9600e-01  1.2613e+00
 7.9650e-01  1.1873e+00
 7.9700e-01  1.1198e+00
 7.9750e-01  1.0579e+00
 7.9800e-01  1.0011e+00
 7.9850e-01  9.4895e-01
 7.9900e-01  9.0085e-01
 7.9950e-01  8.5642e-01
 8.0000e-01  8.1531e-01
 8.0050e-01  7.7917e-01
 8.0100e-01  7.4558e-01
 8.0150e-01  7.1431e-01
 8.0200e-01  6.8515e-01
 8.0250e-01  6.5791e-01
 8.0300e-01  6.3244e-01
 8.0350e-01  6.0857e-01
 8.0400e-01  5.8618e-01
 8.0450e-01  5.6515e-01
 8.0500e-01  5.4536e-01
 8.0550e-01  5.2673e-01
 8.0600e-01  5.0916e-01
 8.0650e-01  4.9257e-01
 8.0700e-01  4.7689e-01
 8.0750e-01  4.6205e-01
 8.0800e-01  4.4799e-01
 8.0850e-01  4.3467e-01
 8.0900e-01  4.2202e-01
 8.0950e-01  4.1000e-01
 8.1000e-01  3.9858e-01
 8.1050e-01  3.8770e-01
 8.1100e-01  3.7734e-01
 8.1150e-01  3.6747e-01
 8.1200e-01  3.5804e-01
 8.1250e-01  3.4904e-01
 8.1300e-01  3.4045e-01
 8.1350e-01  3.3222e-01
 8.1400e-01  3.2435e-01
 8.1450e-01  3.1682e-01
 8.1500e-01  3.0959e-01
 8.1550e-01  3.0267e-01
 8.1600e-01  2.9602e-01
 8.1650e-01  2.8964e-01
 8.1700e-01  2.8351e-01
 8.1750e-01  2.7762e-01
 8.1800e-01  2.7195e-01
 8.1850e-01  2.6649e-01
 8.1900e-01  2.6124e-01
 8.1950e-01  2.5618e-01
 8.2000e-01  2.5130e-01
 8.2050e-01  2.4660e-01
 8.2100e-01  2.4206e-01
 8.2150e-01  2.3768e-01
 8.2200e-01  2.3345e-01
 8.2250e-01  2.2936e-01
 8.2300e-01  2.2541e-01
 8.2350e-01  2.2158e-01
 8.2400e-01  2.1789e-01
 8.2450e-01  2.1431e-01
 8.2500e-01  2.1084e-01
 8.2550e-01  2.0749e-01
 8.2600e-01  2.0423e-01
 8.2650e-01  2.0108e-01
 8.2700e-01  1.9802e-01
 8.2750e-01  1.9506e-01
 8.2800e-01  1.9218e-01
 8.2850e-01  1.8938e-01
 8.2900e-01  1.8667e-01
 8.2950e-01  1.8403e-01
 8.3000e-01  1.8147e-01
 8.3050e-01  1.7898e-01
 8.3100e-01  1.7656e-01
 8.3150e-01  1.7420e-01
 8.3200e-01  1.7191e-01
 8.3250e-01  1.6968e-01
 8.3300e-01  1.6751e-01
 8.3350e-01  1.6540e-01
 8.3400e-01  1.6334e-01
 8.3450e-01  1.6133e-01
 8.3500e-01  1.5937e-01
 8.3550e-01  1.5747e-01
 8.3600e-01  1.5561e-01
 8.3650e-01  1.5380e-01
 8.3700e-01  1.5203e-01
 8.3750e-01  1.5030e-01
 8.3800e-01  1.4862e-01
 8.3850e-01  1.4697e-01
 8.3900e-01  1.4537e-01
 8.3950e-01  1.4380e-01
 8.4000e-01  1.4227e-01
 8.4050e-01  1.4077e-01
 8.4100e-01  1.3931e-01
 8.4150e-01  1.3787e-01
 8.4200e-01  1.3648e-01
 8.4250e-01  1.3511e-01
 8.4300e-01  1.3377e-01
 8.4350e-01  1.3246e-01
 8.4400e-01  1.3118e-01
 8.4450e-01  1.2993e-01
 8.4500e-01  1.2870e-01
 8.4550e-01  1.2750e-01
 8.4600e-01  1.2632e-01
 8.4650e-01  1.2517e-01
 8.4700e-01  1.2404e-01
 8.4750e-01  1.2293e-01
 8.4800e-01  1.2185e-01
 8.4850e-01  1.2079e-01
 8.4900e-01  1.1975e-01
 8.4950e-01  1.1872e-01
 8.5000e-01  1.1772e-01
 8.5050e-01  1.1674e-01
 8.5100e-01  1.1578e-01
 8.5150e-01  1.1484e-01
 8.5200e-01  1.1391e-01
 8.5250e-01  1.1300e-01
 8.5300e-01  1.1211e-01
 8.5350e-01  1.1123e-01
 8.5400e-01  1.1037e-01
 8.5450e-01  1.0953e-01
 8.5500e-01  1.0870e-01
 8.5550e-01  1.0789e-01
 8.5600e-01  1.0709e-01
 8.5650e-01  1.0630e-01
 8.5700e-01  1.0553e-01
 8.5750e-01  1.0478e-01
 8.5800e-01  1.0403e-01
 8.5850e-01  1.0330e-01
 8.5900e-01  1.0258e-01
 8.5950e-01  1.0188e-01
 8.6000e-01  1.0118e-01
 8.6050e-01  1.0050e-01
 8.6100e-01  9.9828e-02
 8.6150e-01  9.9168e-02
 8.6200e-01  9.8520e-02
 8.6250e-01  9.7882e-02
 8.6300e-01  9.7254e-02
 8.6350e-01  9.6637e-02
 8.6400e-01  9.6030e-02
 8.6450e-01  9.5433e-02
 8.6500e-01  9.4846e-02
 8.6550e-01  9.4268e-02
 8.6600e-01  9.3699e-02
 8.6650e-01  9.3140e-02
 8.6700e-01  9.2589e-02
 8.6750e-01  9.2048e-02
 8.6800e-01  9.1514e-02
 8.6850e-01  9.0989e-02
 8.6900e-01  9.0473e-02
 8.6950e-01  8.9964e-02
 8.7000e-01  8.9464e-02
 8.7050e-01  8.8971e-02
 8.7100e-01  8.8486e-02
 8.7150e-01  8.8009e-02
 8.7200e-01  8.7539e-02
 8.7250e-01  8.7076e-02
 8.7300e-01  8.6620e-02
 8.7350e-01  8.6171e-02
 8.7400e-01  8.5730e-02
 8.7450e-01  8.5294e-02
 8.7500e-01  8.4866e-02
 8.7550e-01  8.4444e-02
 8.7600e-01  8.4029e-02
 8.7650e-01  8.3620e-02
 8.7700e-01  8.3217e-02
 8.7750e-01  8.2821e-02
 8.7800e-01  8.2430e-02
 8.7850e-01  8.2046e-02
 8.7900e-01  8.1667e-02
 8.7950e-01  8.1294e-02
 8.8000e-01  8.0927e-02
 8.8050e-01  8.0566e-02
 8.8100e-01  8.0210e-02
 8.8150e-01  7.9859e-02
 8.8200e-01  7.9515e-02
 8.8250e-01  7.9175e-02
 8.8300e-01  7.8840e-02
 8.8350e-01  7.8511e-02
 8.8400e-01  7.8187e-02
 8.8450e-01  7.7868e-02
 8.8500e-01  7.7554e-02
 8.8550e-01  7.7245e-02
 8.8600e-01  7.6941e-02
 8.8650e-01  7.6642e-02
 8.8700e-01  7.6347e-02
 8.8750e-01  7.6058e-02
 8.8800e-01  7.5773e-02
 8.8850e-01  7.5492e-02
 8.8900e-01  7.5216e-02
 8.8950e-01  7.4945e-02
 8.9000e-01  7.4678e-02
 8.9050e-01  7.3735e-02
 8.9100e-01  7.3616e-02
 8.9150e-01  7.3498e-02
 8.9200e-01  7.3382e-02
 8.9250e-01  7.3268e-02
 8.9300e-01  7.3155e-02
 8.9350e-01  7.3045e-02
 8.9400e-01  7.2936e-02
 8.9450e-01  7.2830e-02
 8.9500e-01  7.2725e-02
 8.9550e-01  7.2622e-02
 8.9600e-01  7.2521e-02
 8.9650e-01  7.2422e-02
 8.9700e-01  7.2325e-02
 8.9750e-01  7.2230e-02
 8.9800e-01  7.2137e-02
 8.9850e-01  7.2045e-02
 8.9900e-01  7.1956e-02
 8.9950e-01  7.1869e-02
 9.0000e-01  7.1784e-02
 9.0050e-01  7.1701e-02
 9.0100e-01  7.1620e-02
 9.0150e-01  7.1541e-02
 9.0200e-01  7.1464e-02
 9.0250e-01  7.1390e-02
 9.0300e-01  7.1317e-02
 9.0350e-01  7.1246e-02
 9.0400e-01  7.1177e-02
 9.0450e-01  7.1110e-02
 9.0500e-01  7.1046e-02
 9.0550e-01  7.0983e-02
 9.0600e-01  7.0922e-02
 9.0650e-01  7.0863e-02
 9.0700e-01  7.0806e-02
 9.0750e-01  7.0751e-02
 9.0800e-01  7.0698e-02
 9.0850e-01  7.0647e-02
 9.0900e-01  7.0598e-02
 9.0950e-01  7.0551e-02
 9.1000e-01  7.0506e-02
 9.1050e-01  7.0462e-02
 9.1100e-01  7.0421e-02
 9.1150e-01  7.0381e-02
 9.1200e-01  7.0344e-02
 9.1250e-01  7.0308e-02
 9.1300e-01  7.0274e-02
 9.1350e-01  7.0242e-02
 9.1400e-01  7.0211e-02
 9.1450e-01  7.0183e-02
 9.1500e-01  7.0156e-02
 9.1550e-01  7.0131e-02
 9.1600e-01  7.0108e-02
 9.1650e-01  7.0087e-02
 9.1700e-01  7.0068e-02
 9.1750e-01  7.0050e-02
 9.1800e-01  7.0035e-02
 9.1850e-01  7.0021e-02
 9.1900e-01  7.0008e-02
 9.1950e-01  6.9998e-02
 9.2000e-01  6.9989e-02
 9.2050e-01  6.9982e-02
 9.2100e-01  6.9977e-02
 9.2150e-01  6.9974e-02
 9.2200e-01  6.9972e-02
 9.2250e-01  6.9972e-02
 9.2300e-01  6.9973e-02
 9.2350e-01  6.9977e-02
 9.2400e-01  6.9982e-02
 9.2450e-01  6.9989e-02
 9.2500e-01  6.9997e-02
 9.2550e-01  7.0008e-02
 9.2600e-01  7.0019e-02
 9.2650e-01  7.0033e-02
 9.2700e-01  7.0048e-02
 9.2750e-01  7.0065e-02
 9.2800e-01  7.0083e-02
 9.2850e-01  7.0103e-02
 9.2900e-01  7.0125e-02
 9.2950e-01  7.0148e-02
 9.3000e-01  7.0173e-02
 9.3050e-01  7.0200e-02
 9.3100e-01  7.0228e-02
 9.3150e-01  7.0258e-02
 9.3200e-01  7.0289e-02
 9.3250e-01  7.0322e-02
 9.3300e-01  7.0356e-02
 9.3350e-01  7.0392e-02
 9.3400e-01  7.0430e-02
 9.3450e-01  7.0469e-02
 9.3500e-01  7.0509e-02
 9.3550e-01  7.0551e-02
 9.3600e-01  7.0595e-02
 9.3650e-01  7.0640e-02
 9.3700e-01  7.0687e-02
 9.3750e-01  7.0735e-02
 9.3800e-01  7.0785e-02
 9.3850e-01  7.0836e-02
 9.3900e-01  7.0889e-02
 9.3950e-01  7.0943e-02
 9.4000e-01  7.0998e-02
 9.4050e-01  7.1055e-02
 9.4100e-01  7.1114e-02
 9.4150e-01  7.1173e-02
 9.4200e-01  7.1235e-02
 9.4250e-01  7.1297e-02
 9.4300e-01  7.1362e-02
 9.4350e-01  7.1427e-02
 9.4400e-01  7.1494e-02
 9.4450e-01  7.1562e-02
 9.4500e-01  7.1632e-02
 9.4550e-01  7.1703e-02
 9.4600e-01  7.1775e-02
 9.4650e-01  7.1849e-02
 9.4700e-01  7.1924e-02
 9.4750e-01  7.2000e-02
 9.4800e-01  7.2078e-02
 9.4850e-01  7.2157e-02
 9.4900e-01  7.2238e-02
 9.4950e-01  7.2319e-02
 9.5000e-01  7.2402e-02
 9.5050e-01  7.2486e-02
 9.5100e-01  7.2572e-02
 9.5150e-01  7.2659e-02
 9.5200e-01  7.2747e-02
 9.5250e-01  7.2836e-02
 9.5300e-01  7.2927e-02
 9.5350e-01  7.3018e-02
 9.5400e-01  7.3111e-02
 9.5450e-01  7.3205e-02
 9.5500e-01  7.3301e-02
 9.5550e-01  7.3397e-02
 9.5600e-01  7.3495e-02
 9.5650e-01  7.3594e-02
 9.5700e-01  7.3694e-02
 9.5750e-01  7.3795e-02
 9.5800e-01  7.3897e-02
 9.5850e-01  7.4000e-02
 9.5900e-01  7.4105e-02
 9.5950e-01  7.4211e-02
 9.6000e-01  7.4317e-02
 9.6050e-01  7.4425e-02
 9.6100e-01  7.4534e-02
 9.6150e-01  7.4644e-02
 9.6200e-01  7.4755e-02
 9.6250e-01  7.4867e-02
 9.6300e-01  7.4980e-02
 9.6350e-01  7.5094e-02
 9.6400e-01  7.5209e-02
 9.6450e-01  7.5326e-02
 9.6500e-01  7.5443e-02
 9.6550e-01  7.5561e-02
 9.6600e-01  7.5680e-02
 9.6650e-01  7.5800e-02
 9.6700e-01  7.5921e-02
 9.6750e-01  7.6042e-02
 9.6800e-01  7.6165e-02
 9.6850e-01  7.6289e-02
 9.6900e-01  7.6413e-02
 9.6950e-01  7.6539e-02
 9.7000e-01  7.6665e-02
 9.7050e-01  7.6792e-02
 9.7100e-01  7.6920e-02
 9.7150e-01  7.7049e-02
 9.7200e-01  7.7179e-02
 9.7250e-01  7.7309e-02
 9.7300e-01  7.7440e-02
 9.7350e-01  7.7572e-02
 9.7400e-01  7.7705e-02
 9.7450e-01  7.7839e-02
 9.7500e-01  7.7973e-02
 9.7550e-01  7.8108e-02
 9.7600e-01  7.8243e-02
 9.7650e-01  7.8380e-02
 9.7700e-01  7.8517e-02
 9.7750e-01  7.8654e-02
 9.7800e-01  7.8793e-02
 9.7850e-01  7.8932e-02
 9.7900e-01  7.9071e-02
 9.7950e-01  7.9212e-02
 9.8000e-01  7.9352e-02
 9.8050e-01  7.9494e-02
 9.8100e-01  7.9636e-02
 9.8150e-01  7.9778e-02
 9.8200e-01  7.9921e-02
 9.8250e-01  8.0065e-02
 9.8300e-01  8.0209e-02
 9.8350e-01  8.0353e-02
 9.8400e-01  8.0498e-02
 9.8450e-01  8.0644e-02
 9.8500e-01  8.0790e-02
 9.8550e-01  8.0936e-02
 9.8600e-01  8.1083e-02
 9.8650e-01  8.1230e-02
 9.8700e-01  8.1377e-02
 9.8750e-01  8.1525e-02
 9.8800e-01  8.1673e-02
 9.8850e-01  8.1821e-02
 9.8900e-01  8.1970e-02
 9.8950e-01  8.2119e-02
 9.9000e-01  8.2269e-02
 9.9050e-01  8.2418e-02
 9.9100e-01  8.2568e-02
 9.9150e-01  8.2718e-02
 9.9200e-01  8.2868e-02
 9.9250e-01  8.3019e-02
 9.9300e-01  8.3169e-02
 9.9350e-01  8.3320e-02
 9.9400e-01  8.3471e-02
 9.9450e-01  8.3622e-02
 9.9500e-01  8.3772e-02
 9.9550e-01  8.3923e-02
 9.9600e-01  8.4075e-02
 9.9650e-01  8.4226e-02
 9.9700e-01  8.4377e-02
 9.9750e-01  8.4528e-02
 9.9800e-01  8.4679e-02
 9.9850e-01  8.4830e-02
 9.9900e-01  8.4981e-02
 9.9950e-01  8.5132e-02
 1.0000e+00  8.5283e-02
 1.0005e+00  8.5433e-02
 1.0010e+00  8.5584e-02
 1.0015e+00  8.5734e-02
 1.0020e+00  8.5884e-02
 1.0025e+00  8.6034e-02
 1.0030e+00  8.6184e-02
 1.0035e+00  8.6334e-02
 1.0040e+00  8.6484e-02
 1.0045e+00  8.6633e-02
 1.0050e+00  8.6782e-02
 1.0055e+00  8.6931e-02
 1.0060e+00  8.7080e-02
 1.0065e+00  8.7229e-02
 1.0070e+00  8.7377e-02
 1.0075e+00  8.7526e-02
 1.0080e+00  8.7674e-02
 1.0085e+00  8.7822e-02
 1.0090e+00  8.7969e-02
 1.0095e+00  8.8117e-02
 1.0100e+00  8.8264e-02
 1.0105e+00  8.8411e-02
 1.0110e+00  8.8558e-02
 1.0115e+00  8.8705e-02
 1.0120e+00  8.8851e-02
 1.0125e+00  8.8997e-02
 1.0130e+00  8.9143e-02
 1.0135e+00  8.9289e-02
 1.0140e+00  8.9434e-02
 1.0145e+00  8.9579e-02
 1.0150e+00  8.9724e-02
 1.0155e+00  8.9869e-02
 1.0160e+00  9.0013e-02
 1.0165e+00  9.0158e-02
 1.0170e+00  9.0302e-02
 1.0175e+00  9.0445e-02
 1.0180e+00  9.0589e-02
 1.0185e+00  9.0732e-02
 1.0190e+00  9.0874e-02
 1.0195e+00  9.1017e-02
 1.0200e+00  9.1159e-02
 1.0205e+00  9.1301e-02
 1.0210e+00  9.1443e-02
 1.0215e+00  9.1584e-02
 1.0220e+00  9.1725e-02
 1.0225e+00  9.1866e-02
 1.0230e+00  9.2006e-02
 1.0235e+00  9.2147e-02
 1.0240e+00  9.2286e-02
 1.0245e+00  9.2426e-02
 1.0250e+00  9.2565e-02
 1.0255e+00  9.2704e-02
 1.0260e+00  9.2842e-02
 1.0265e+00  9.2981e-02
 1.0270e+00  9.3119e-02
 1.0275e+00  9.3256e-02
 1.0280e+00  9.3393e-02
 1.0285e+00  9.3530e-02
 1.0290e+00  9.3667e-02
 1.0295e+00  9.3803e-02
 1.0300e+00  9.3939e-02
 1.0305e+00  9.4074e-02
 1.0310e+00  9.4209e-02
 1.0315e+00  9.4344e-02
 1.0320e+00  9.4478e-02
 1.0325e+00  9.4612e-02
 1.0330e+00  9.4746e-02
 1.0335e+00  9.4879e-02
 1.0340e+00  9.5012e-02
 1.0345e+00  9.5145e-02
 1.0350e+00  9.5277e-02
 1.0355e+00  9.5408e-02
 1.0360e+00  9.5540e-02
 1.0365e+00  9.5671e-02
 1.0370e+00  9.5801e-02
 1.0375e+00  9.5931e-02
 1.0380e+00  9.6061e-02
 1.0385e+00  9.6190e-02
 1.0390e+00  9.6319e-02
 1.0395e+00  9.6448e-02
 1.0400e+00  9.6576e-02
 1.0405e+00  9.6704e-02
 1.0410e+00  9.6831e-02
 1.0415e+00  9.6958e-02
 1.0420e+00  9.7085e-02
 1.0425e+00  9.7211e-02
 1.0430e+00  9.7336e-02
 1.0435e+00  9.7461e-02
 1.0440e+00  9.7586e-02
 1.0445e+00  9.7710e-02
 1.0450e+00  9.7834e-02
 1.0455e+00  9.7958e-02
 1.0460e+00  9.8081e-02
 1.0465e+00  9.8203e-02
 1.0470e+00  9.8325e-02
 1.0475e+00  9.8447e-02
 1.0480e+00  9.8568e-02
 1.0485e+00  9.8689e-02
 1.0490e+00  9.8809e-02
 1.0495e+00  9.8929e-02
 1.0500e+00  9.9049e-02
 1.0505e+00  9.9168e-02
 1.0510e+00  9.9286e-02
 1.0515e+00  9.9404e-02
 1.0520e+00  9.9522e-02
 1.0525e+00  9.9639e-02
 1.0530e+00  9.9755e-02
 1.0535e+00  9.9872e-02
 1.0540e+00  9.9987e-02
 1.0545e+00  1.0010e-01
 1.0550e+00  1.0022e-01
 1.0555e+00  1.0033e-01
 1.0560e+00  1.0045e-01
 1.0565e+00  1.0056e-01
 1.0570e+00  1.0067e-01
 1.0575e+00  1.0078e-01
 1.0580e+00  1.0089e-01
 1.0585e+00  1.0101e-01
 1.0590e+00  1.0112e-01
 1.0595e+00  1.0123e-01
 1.0600e+00  1.0134e-01
 1.0605e+00  1.0145e-01
 1.0610e+00  1.0156e-01
 1.0615e+00  1.0166e-01
 1.0620e+00  1.0177e-01
 1.0625e+00  1.0188e-01
 1.0630e+00  1.0199e-01
 1.0635e+00  1.0209e-01
 1.0640e+00  1.0220e-01
 1.0645e+00  1.0230e-01
 1.0650e+00  1.0241e-01
 1.0655e+00  1.0251e-01
 1.0660e+00  1.0262e-01
 1.0665e+00  1.0272e-01
 1.0670e+00  1.0282e-01
 1.0675e+00  1.0292e-01
 1.0680e+00  1.0303e-01
 1.0685e+00  1.0313e-01
 1.0690e+00  1.0323e-01
 1.0695e+00  1.0333e-01
 1.0700e+00  1.0343e-01
 1.0705e+00  1.0353e-01
 1.0710e+00  1.0362e-01
 1.0715e+00  1.0372e-01
 1.0720e+00  1.0382e-01
 1.0725e+00  1.0392e-01
 1.0730e+00  1.0401e-01
 1.0735e+00  1.0411e-01
 1.0740e+00  1.0420e-01
 1.0745e+00  1.0430e-01
 1.0750e+00  1.0439e-01
 1.0755e+00  1.0449e-01
 1.0760e+00  1.0458e-01
 1.0765e+00  1.0467e-01
 1.0770e+00  1.0476e-01
 1.0775e+00  1.0486e-01
 1.0780e+00  1.0495e-01
 1.0785e+00  1.0504e-01
 1.0790e+00  1.0513e-01
 1.0795e+00  1.0522e-01
 1.0800e+00  1.0530e-01
 1.0805e+00  1.0539e-01
 1.0810e+00  1.0548e-01
 1.0815e+00  1.0557e-01
 1.0820e+00  1.0565e-01
 1.0825e+00  1.0574e-01
 1.0830e+00  1.0583e-01
 1.0835e+00  1.0591e-01
 1.0840e+00  1.0600e-01
 1.0845e+00  1.0608e-01
 1.0850e+00  1.0616e-01
 1.0855e+00  1.0624e-01
 1.0860e+00  1.0633e-01
 1.0865e+00  1.0641e-01
 1.0870e+00  1.0649e-01
 1.0875e+00  1.0657e-01
 1.0880e+00  1.0665e-01
 1.0885e+00  1.0673e-01
 1.0890e+00  1.0681e-01
 1.0895e+00  1.0689e-01
 1.0900e+00  1.0696e-01
 1.0905e+00  1.0704e-01
 1.0910e+00  1.0712e-01
 1.0915e+00  1.0719e-01
 1.0920e+00  1.0727e-01
 1.0925e+00  1.0734e-01
 1.0930e+00  1.0742e-01
 1.0935e+00  1.0749e-01
 1.0940e+00  1.0756e-01
 1.0945e+00  1.0764e-01
 1.0950e+00  1.0771e-01
 1.0955e+00  1.0778e-01
 1.0960e+00  1.0785e-01
 1.0965e+00  1.0792e-01
 1.0970e+00  1.0799e-01
 1.0975e+00  1.0806e-01
 1.0980e+00  1.0813e-01
 1.0985e+00  1.0820e-01
 1.0990e+00  1.0827e-01
 1.0995e+00  1.0833e-01
 1.1000e+00  1.0840e-01
 1.1005e+00  1.0847e-01
 1.1010e+00  1.0853e-01
 1.1015e+00  1.0859e-01
 1.1020e+00  1.0866e-01
 1.1025e+00  1.0872e-01
 1.1030e+00  1.0879e-01
 1.1035e+00  1.0885e-01
 1.1040e+00  1.0891e-01
 1.1045e+00  1.0897e-01
 1.1050e+00  1.0903e-01
 1.1055e+00  1.0909e-01
 1.1060e+00  1.0916e-01
 1.1065e+00  1.0921e-01
 1.1070e+00  1.0927e-01
 1.1075e+00  1.0933e-01
 1.1080e+00  1.0939e-01
 1.1085e+00  1.0945e-01
 1.1090e+00  1.0950e-01
 1.1095e+00  1.0956e-01
 1.1100e+00  1.0962e-01
 1.1105e+00  1.0967e-01
 1.1110e+00  1.0973e-01
 1.1115e+00  1.0978e-01
 1.1120e+00  1.0984e-01
 1.1125e+00  1.0989e-01
 1.1130e+00  1.0994e-01
 1.1135e+00  1.0999e-01
 1.1140e+00  1.1005e-01
 1.1145e+00  1.1010e-01
 1.1150e+00  1.1015e-01
 1.1155e+00  1.1020e-01
 1.1160e+00  1.1025e-01
 1.1165e+00  1.1030e-01
 1.1170e+00  1.1035e-01
 1.1175e+00  1.1040e-01
 1.1180e+00  1.1045e-01
 1.1185e+00  1.1049e-01
 1.1190e+00  1.1054e-01
 1.1195e+00  1.1059e-01
 1.1200e+00  1.1063e-01
 1.1205e+00  1.1068e-01
 1.1210e+00  1.1073e-01
 1.1215e+00  1.1077e-01
 1.1220e+00  1.1082e-01
 1.1225e+00  1.1086e-01
 1.1230e+00  1.1091e-01
 1.1235e+00  1.1095e-01
 1.1240e+00  1.1099e-01
 1.1245e+00  1.1103e-01
 1.1250e+00  1.1108e-01
 1.1255e+00  1.1112e-01
 1.1260e+00  1.1116e-01
 1.1265e+00  1.1120e-01
 1.1270e+00  1.1124e-01
 1.1275e+00  1.1128e-01
 1.1280e+00  1.1133e-01
 1.1285e+00  1.1137e-01
 1.1290e+00  1.1140e-01
 1.1295e+00  1.1144e-01
 1.1300e+00  1.1148e-01
 1.1305e+00  1.1152e-01
 1.1310e+00  1.1156e-01
 1.1315e+00  1.1160e-01
 1.1320e+00  1.1164e-01
 1.1325e+00  1.1167e-01
 1.1330e+00  1.1171e-01
 1.1335e+00  1.1175e-01
 1.1340e+00  1.1178e-01
 1.1345e+00  1.1182e-01
 1.1350e+00  1.1185e-01
 1.1355e+00  1.1189e-01
 1.1360e+00  1.1192e-01
 1.1365e+00  1.1196e-01
 1.1370e+00  1.1199e-01
 1.1375e+00  1.1203e-01
 1.1380e+00  1.1206e-01
 1.1385e+00  1.1210e-01
 1.1390e+00  1.1213e-01
 1.1395e+00  1.1216e-01
 1.1400e+00  1.1220e-01
 1.1405e+00  1.1223e-01
 1.1410e+00  1.1226e-01
 1.1415e+00  1.1229e-01
 1.1420e+00  1.1233e-01
 1.1425e+00  1.1236e-01
 1.1430e+00  1.1239e-01
 1.1435e+00  1.1242e-01
 1.1440e+00  1.1245e-01
 1.1445e+00  1.1248e-01
 1.1450e+00  1.1252e-01
 1.1455e+00  1.1255e-01
 1.1460e+00  1.1258e-01
 1.1465e+00  1.1261e-01
 1.1470e+00  1.1264e-01
 1.1475e+00  1.1267e-01
 1.1480e+00  1.1270e-01
 1.1485e+00  1.1273e-01
 1.1490e+00  1.1276e-01
 1.1495e+00  1.1279e-01
 1.1500e+00  1.1282e-01
 1.1505e+00  1.1284e-01
 1.1510e+00  1.1287e-01
 1.1515e+00  1.1290e-01
 1.1520e+00  1.1293e-01
 1.1525e+00  1.1296e-01
 1.1530e+00  1.1299e-01
 1.1535e+00  1.1302e-01
 1.1540e+00  1.1305e-01
 1.1545e+00  1.1307e-01
 1.1550e+00  1.1310e-01
 1.1555e+00  1.1313e-01
 1.1560e+00  1.1316e-01
 1.1565e+00  1.1319e-01
 1.1570e+00  1.1321e-01
 1.1575e+00  1.1324e-01
 1.1580e+00  1.1327e-01
 1.1585e+00  1.1330e-01
 1.1590e+00  1.1333e-01
 1.1595e+00  1.1335e-01
 1.1600e+00  1.1338e-01
 1.1605e+00  1.1341e-01
 1.1610e+00  1.1344e-01
 1.1615e+00  1.1347e-01
 1.1620e+00  1.1349e-01
 1.1625e+00  1.1352e-01
 1.1630e+00  1.1355e-01
 1.1635e+00  1.1358e-01
 1.1640e+00  1.1360e-01
 1.1645e+00  1.1363e-01
 1.1650e+00  1.1366e-01
 1.1655e+00  1.1369e-01
 1.1660e+00  1.1372e-01
 1.1665e+00  1.1375e-01
 1.1670e+00  1.1377e-01
 1.1675e+00  1.1380e-01
 1.1680e+00  1.1383e-01
 1.1685e+00  1.1386e-01
 1.1690e+00  1.1389e-01
 1.1695e+00  1.1392e-01
 1.1700e+00  1.1395e-01
 1.1705e+00  1.1398e-01
 1.1710e+00  1.1400e-01
 1.1715e+00  1.1403e-01
 1.1720e+00  1.1406e-01
 1.1725e+00  1.1409e-01
 1.1730e+00  1.1412e-01
 1.1735e+00  1.1415e-01
 1.1740e+00  1.1418e-01
 1.1745e+00  1.1421e-01
 1.1750e+00  1.1424e-01
 1.1755e+00  1.1427e-01
 1.1760e+00  1.1430e-01
 1.1765e+00  1.1434e-01
 1.1770e+00  1.1437e-01
 1.1775e+00  1.1440e-01
 1.1780e+00  1.1443e-01
 1.1785e+00  1.1446e-01
 1.1790e+00  1.1449e-01
 1.1795e+00  1.1453e-01
 1.1800e+00  1.1456e-01
 1.1805e+00  1.1459e-01
 1.1810e+00  1.1463e-01
 1.1815e+00  1.1466e-01
 1.1820e+00  1.1469e-01
 1.1825e+00  1.1473e-01
 1.1830e+00  1.1476e-01
 1.1835e+00  1.1479e-01
 1.1840e+00  1.1483e-01
 1.1845e+00  1.1486e-01
 1.1850e+00  1.1490e-01
 1.1855e+00  1.1494e-01
 1.1860e+00  1.1497e-01
 1.1865e+00  1.1501e-01
 1.1870e+00  1.1505e-01
 1.1875e+00  1.1508e-01
 1.1880e+00  1.1512e-01
 1.1885e+00  1.1516e-01
 1.1890e+00  1.1520e-01
 1.1895e+00  1.1524e-01
 1.1900e+00  1.1528e-01
 1.1905e+00  1.1532e-01
 1.1910e+00  1.1535e-01
 1.1915e+00  1.1540e-01
 1.1920e+00  1.1544e-01
 1.1925e+00  1.1548e-01
 1.1930e+00  1.1552e-01
 1.1935e+00  1.1556e-01
 1.1940e+00  1.1560e-01
 1.1945e+00  1.1565e-01
 1.1950e+00  1.1569e-01
 1.1955e+00  1.1574e-01
 1.1960e+00  1.1578e-01
 1.1965e+00  1.1583e-01
 1.1970e+00  1.1587e-01
 1.1975e+00  1.1592e-01
 1.1980e+00  1.1596e-01
 1.1985e+00  1.1601e-01
 1.1990e+00  1.1606e-01
 1.1995e+00  1.1611e-01
 1.2000e+00  1.1616e-01
 1.2005e+00  1.1621e-01
 1.2010e+00  1.1626e-01
 1.2015e+00  1.1631e-01
 1.2020e+00  1.1636e-01
 1.2025e+00  1.1641e-01
 1.2030e+00  1.1646e-01
 1.2035e+00  1.1652e-01
 1.2040e+00  1.1657e-01
 1.2045e+00  1.1662e-01
 1.2050e+00  1.1668e-01
 1.2055e+00  1.1673e-01
 1.2060e+00  1.1679e-01
 1.2065e+00  1.1684e-01
 1.2070e+00  1.1690e-01
 1.2075e+00  1.1696e-01
 1.2080e+00  1.1701e-01
 1.2085e+00  1.1707e-01
 1.2090e+00  1.1713e-01
 1.2095e+00  1.1719e-01
 1.2100e+00  1.1725e-01
 1.2105e+00  1.1731e-01
 1.2110e+00  1.1737e-01
 1.2115e+00  1.1743e-01
 1.2120e+00  1.1749e-01
 1.2125e+00  1.1755e-01
 1.2130e+00  1.1761e-01
 1.2135e+00  1.1767e-01
 1.2140e+00  1.1773e-01
 1.2145e+00  1.1780e-01
 1.2150e+00  1.1786e-01
 1.2155e+00  1.1792e-01
 1.2160e+00  1.1799e-01
 1.2165e+00  1.1805e-01
 1.2170e+00  1.1811e-01
 1.2175e+00  1.1818e-01
 1.2180e+00  1.1824e-01
 1.2185e+00  1.1831e-01
 1.2190e+00  1.1837e-01
 1.2195e+00  1.1844e-01
 1.2200e+00  1.1851e-01
 1.2205e+00  1.1857e-01
 1.2210e+00  1.1864e-01
 1.2215e+00  1.1871e-01
 1.2220e+00  1.1877e-01
 1.2225e+00  1.1884e-01
 1.2230e+00  1.1891e-01
 1.2235e+00  1.1898e-01
 1.2240e+00  1.1904e-01
 1.2245e+00  1.1911e-01
 1.2250e+00  1.1918e-01
 1.2255e+00  1.1925e-01
 1.2260e+00  1.1932e-01
 1.2265e+00  1.1939e-01
 1.2270e+00  1.1946e-01
 1.2275e+00  1.1953e-01
 1.2280e+00  1.1960e-01
 1.2285e+00  1.1966e-01
 1.2290e+00  1.1973e-01
 1.2295e+00  1.1980e-01
 1.2300e+00  1.1987e-01
 1.2305e+00  1.1994e-01
 1.2310e+00  1.2001e-01
 1.2315e+00  1.2008e-01
 1.2320e+00  1.2015e-01
 1.2325e+00  1.2022e-01
 1.2330e+00  1.2029e-01
 1.2335e+00  1.2036e-01
 1.2340e+00  1.2044e-01
 1.2345e+00  1.2051e-01
 1.2350e+00  1.2058e-01
 1.2355e+00  1.2065e-01
 1.2360e+00  1.2072e-01
 1.2365e+00  1.2079e-01
 1.2370e+00  1.2086e-01
 1.2375e+00  1.2093e-01
 1.2380e+00  1.2100e-01
 1.2385e+00  1.2107e-01
 1.2390e+00  1.2114e-01
 1.2395e+00  1.2121e-01
 1.2400e+00  1.2128e-01
 1.2405e+00  1.2135e-01
 1.2410e+00  1.2142e-01
 1.2415e+00  1.2149e-01
 1.2420e+00  1.2156e-01
 1.2425e+00  1.2163e-01
 1.2430e+00  1.2170e-01
 1.2435e+00  1.2177e-01
 1.2440e+00  1.2184e-01
 1.2445e+00  1.2191e-01
 1.2450e+00  1.2198e-01
 1.2455e+00  1.2205e-01
 1.2460e+00  1.2211e-01
 1.2465e+00  1.2218e-01
 1.2470e+00  1.2225e-01
 1.2475e+00  1.2232e-01
 1.2480e+00  1.2238e-01
 1.2485e+00  1.2245e-01
 1.2490e+00  1.2252e-01
 1.2495e+00  1.2259e-01
 1.2500e+00  1.2265e-01
 1.2505e+00  1.2272e-01
 1.2510e+00  1.2279e-01
 1.2515e+00  1.2285e-01
 1.2520e+00  1.2292e-01
 1.2525e+00  1.2298e-01
 1.2530e+00  1.2305e-01
 1.2535e+00  1.2311e-01
 1.2540e+00  1.2318e-01
 1.2545e+00  1.2324e-01
 1.2550e+00  1.2330e-01
 1.2555e+00  1.2337e-01
 1.2560e+00  1.2343e-01
 1.2565e+00  1.2349e-01
 1.2570e+00  1.2355e-01
 1.2575e+00  1.2362e-01
 1.2580e+00  1.2368e-01
 1.2585e+00  1.2374e-01
 1.2590e+00  1.2380e-01
 1.2595e+00  1.2386e-01
 1.2600e+00  1.2391e-01
 1.2605e+00  1.2397e-01
 1.2610e+00  1.2403e-01
 1.2615e+00  1.2409e-01
 1.2620e+00  1.2415e-01
 1.2625e+00  1.2420e-01
 1.2630e+00  1.2426e-01
 1.2635e+00  1.2431e-01
 1.2640e+00  1.2437e-01
 1.2645e+00  1.2442e-01
 1.2650e+00  1.2448e-01
 1.2655e+00  1.2453e-01
 1.2660e+00  1.2458e-01
 1.2665e+00  1.2464e-01
 1.2670e+00  1.2469e-01
 1.2675e+00  1.2474e-01
 1.2680e+00  1.2479e-01
 1.2685e+00  1.2484e-01
 1.2690e+00  1.2489e-01
 1.2695e+00  1.2494e-01
 1.2700e+00  1.2498e-01
 1.2705e+00  1.2503e-01
 1.2710e+00  1.2508e-01
 1.2715e+00  1.2512e-01
 1.2720e+00  1.2516e-01
 1.2725e+00  1.2521e-01
 1.2730e+00  1.2525e-01
 1.2735e+00  1.2529e-01
 1.2740e+00  1.2534e-01
 1.2745e+00  1.2538e-01
 1.2750e+00  1.2542e-01
 1.2755e+00  1.2546e-01
 1.2760e+00  1.2549e-01
 1.2765e+00  1.2553e-01
 1.2770e+00  1.2557e-01
 1.2775e+00  1.2560e-01
 1.2780e+00  1.2564e-01
 1.2785e+00  1.2567e-01
 1.2790e+00  1.2570e-01
 1.2795e+00  1.2574e-01
 1.2800e+00  1.2577e-01
 1.2805e+00  1.2580e-01
 1.2810e+00  1.2583e-01
 1.2815e+00  1.2586e-01
 1.2820e+00  1.2588e-01
 1.2825e+00  1.2591e-01
 1.2830e+00  1.2593e-01
 1.2835e+00  1.2596e-01
 1.2840e+00  1.2598e-01
 1.2845e+00  1.2601e-01
 1.2850e+00  1.2603e-01
 1.2855e+00  1.2605e-01
 1.2860e+00  1.2607e-01
 1.2865e+00  1.2609e-01
 1.2870e+00  1.2610e-01
 1.2875e+00  1.2612e-01
 1.2880e+00  1.2613e-01
 1.2885e+00  1.2615e-01
 1.2890e+00  1.2616e-01
 1.2895e+00  1.2617e-01
 1.2900e+00  1.2618e-01
 1.2905e+00  1.2619e-01
 1.2910e+00  1.2620e-01
 1.2915e+00  1.2621e-01
 1.2920e+00  1.2621e-01
 1.2925e+00  1.2622e-01
 1.2930e+00  1.2622e-01
 1.2935e+00  1.2622e-01
 1.2940e+00  1.2622e-01
 1.2945e+00  1.2622e-01
 1.2950e+00  1.2622e-01
 1.2955e+00  1.2622e-01
 1.2960e+00  1.2621e-01
 1.2965e+00  1.2621e-01
 1.2970e+00  1.2620e-01
 1.2975e+00  1.2619e-01
 1.2980e+00  1.2618e-01
 1.2985e+00  1.2617e-01
 1.2990e+00  1.2616e-01
 1.2995e+00  1.2615e-01
 1.3000e+00  1.2613e-01
 1.3005e+00  1.2612e-01
 1.3010e+00  1.2610e-01
 1.3015e+00  1.2608e-01
 1.3020e+00  1.2606e-01
 1.3025e+00  1.2604e-01
 1.3030e+00  1.2601e-01
 1.3035e+00  1.2599e-01
 1.3040e+00  1.2596e-01
 1.3045e+00  1.2594e-01
 1.3050e+00  1.2591e-01
 1.3055e+00  1.2588e-01
 1.3060e+00  1.2585e-01
 1.3065e+00  1.2582e-01
 1.3070e+00  1.2578e-01
 1.3075e+00  1.2575e-01
 1.3080e+00  1.2571e-01
 1.3085e+00  1.2567e-01
 1.3090e+00  1.2563e-01
 1.3095e+00  1.2559e-01
 1.3100e+00  1.2555e-01
 1.3105e+00  1.2551e-01
 1.3110e+00  1.2547e-01
 1.3115e+00  1.2542e-01
 1.3120e+00  1.2537e-01
 1.3125e+00  1.2533e-01
 1.3130e+00  1.2528e-01
 1.3135e+00  1.2523e-01
 1.3140e+00  1.2518e-01
 1.3145e+00  1.2513e-01
 1.3150e+00  1.2507e-01
 1.3155e+00  1.2502e-01
 1.3160e+00  1.2496e-01
 1.3165e+00  1.2491e-01
 1.3170e+00  1.2485e-01
 1.3175e+00  1.2479e-01
 1.3180e+00  1.2473e-01
 1.3185e+00  1.2467e-01
 1.3190e+00  1.2461e-01
 1.3195e+00  1.2454e-01
 1.3200e+00  1.2448e-01
 1.3205e+00  1.2441e-01
 1.3210e+00  1.2435e-01
 1.3215e+00  1.2428e-01
 1.3220e+00  1.2421e-01
 1.3225e+00  1.2414e-01
 1.3230e+00  1.2407e-01
 1.3235e+00  1.2400e-01
 1.3240e+00  1.2392e-01
 1.3245e+00  1.2385e-01
 1.3250e+00  1.2377e-01
 1.3255e+00  1.2370e-01
 1.3260e+00  1.2362e-01
 1.3265e+00  1.2355e-01
 1.3270e+00  1.2347e-01
 1.3275e+00  1.2339e-01
 1.3280e+00  1.2331e-01
 1.3285e+00  1.2323e-01
 1.3290e+00  1.2314e-01
 1.3295e+00  1.2306e-01
 1.3300e+00  1.2298e-01
 1.3305e+00  1.2289e-01
 1.3310e+00  1.2280e-01
 1.3315e+00  1.2272e-01
 1.3320e+00  1.2263e-01
 1.3325e+00  1.2254e-01
 1.3330e+00  1.2245e-01
 1.3335e+00  1.2236e-01
 1.3340e+00  1.2227e-01
 1.3345e+00  1.2218e-01
 1.3350e+00  1.2208e-01
 1.3355e+00  1.2199e-01
 1.3360e+00  1.2190e-01
 1.3365e+00  1.2180e-01
 1.3370e+00  1.2170e-01
 1.3375e+00  1.2161e-01
 1.3380e+00  1.2151e-01
 1.3385e+00  1.2141e-01
 1.3390e+00  1.2131e-01
 1.3395e+00  1.2121e-01
 1.3400e+00  1.2111e-01
 1.3405e+00  1.2101e-01
 1.3410e+00  1.2091e-01
 1.3415e+00  1.2081e-01
 1.3420e+00  1.2070e-01
 1.3425e+00  1.2060e-01
 1.3430e+00  1.2050e-01
 1.3435e+00  1.2039e-01
 1.3440e+00  1.2028e-01
 1.3445e+00  1.2018e-01
 1.3450e+00  1.2007e-01
 1.3455e+00  1.1996e-01
 1.3460e+00  1.1985e-01
 1.3465e+00  1.1975e-01
 1.3470e+00  1.1964e-01
 1.3475e+00  1.1953e-01
 1.3480e+00  1.1941e-01
 1.3485e+00  1.1930e-01
 1.3490e+00  1.1919e-01
 1.3495e+00  1.1908e-01
 1.3500e+00  1.1897e-01
 1.3505e+00  1.1885e-01
 1.3510e+00  1.1874e-01
 1.3515e+00  1.1862e-01
 1.3520e+00  1.1851e-01
 1.3525e+00  1.1839e-01
 1.3530e+00  1.1828e-01
 1.3535e+00  1.1816e-01
 1.3540e+00  1.1804e-01
 1.3545e+00  1.1793e-01
 1.3550e+00  1.1781e-01
 1.3555e+00  1.1769e-01
 1.3560e+00  1.1757e-01
 1.3565e+00  1.1745e-01
 1.3570e+00  1.1733e-01
 1.3575e+00  1.1721e-01
 1.3580e+00  1.1709e-01
 1.3585e+00  1.1697e-01
 1.3590e+00  1.1685e-01
 1.3595e+00  1.1673e-01
 1.3600e+00  1.1661e-01
 1.3605e+00  1.1649e-01
 1.3610e+00  1.1637e-01
 1.3615e+00  1.1624e-01
 1.3620e+00  1.1612e-01
 1.3625e+00  1.1600e-01
 1.3630e+00  1.1587e-01
 1.3635e+00  1.1575e-01
 1.3640e+00  1.1563e-01
 1.3645e+00  1.1550e-01
 1.3650e+00  1.1538e-01
 1.3655e+00  1.1525e-01
 1.3660e+00  1.1513e-01
 1.3665e+00  1.1500e-01
 1.3670e+00  1.1488e-01
 1.3675e+00  1.1475e-01
 1.3680e+00  1.1463e-01
 1.3685e+00  1.1450e-01
 1.3690e+00  1.1437e-01
 1.3695e+00  1.1425e-01
 1.3700e+00  1.1412e-01
 1.3705e+00  1.1399e-01
 1.3710e+00  1.1387e-01
 1.3715e+00  1.1374e-01
 1.3720e+00  1.1361e-01
 1.3725e+00  1.1349e-01
 1.3730e+00  1.1336e-01
 1.3735e+00  1.1323e-01
 1.3740e+00  1.1310e-01
 1.3745e+00  1.1298e-01
 1.3750e+00  1.1285e-01
 1.3755e+00  1.1272e-01
 1.3760e+00  1.1259e-01
 1.3765e+00  1.1247e-01
 1.3770e+00  1.1234e-01
 1.3775e+00  1.1221e-01
 1.3780e+00  1.1208e-01
 1.3785e+00  1.1195e-01
 1.3790e+00  1.1183e-01
 1.3795e+00  1.1170e-01
 1.3800e+00  1.1157e-01
 1.3805e+00  1.1145e-01
 1.3810e+00  1.1132e-01
 1.3815e+00  1.1119e-01
 1.3820e+00  1.1106e-01
 1.3825e+00  1.1094e-01
 1.3830e+00  1.1081e-01
 1.3835e+00  1.1068e-01
 1.3840e+00  1.1055e-01
 1.3845e+00  1.1043e-01
 1.3850e+00  1.1030e-01
 1.3855e+00  1.1017e-01
 1.3860e+00  1.1005e-01
 1.3865e+00  1.0992e-01
 1.3870e+00  1.0980e-01
 1.3875e+00  1.0967e-01
 1.3880e+00  1.0954e-01
 1.3885e+00  1.0942e-01
 1.3890e+00  1.0929e-01
 1.3895e+00  1.0917e-01
 1.3900e+00  1.0904e-01
 1.3905e+00  1.0892e-01
 1.3910e+00  1.0879e-01
 1.3915e+00  1.0867e-01
 1.3920e+00  1.0854e-01
 1.3925e+00  1.0842e-01
 1.3930e+00  1.0830e-01
 1.3935e+00  1.0817e-01
 1.3940e+00  1.0805e-01
 1.3945e+00  1.0793e-01
 1.3950e+00  1.0781e-01
 1.3955e+00  1.0769e-01
 1.3960e+00  1.0756e-01
 1.3965e+00  1.0744e-01
 1.3970e+00  1.0732e-01
 1.3975e+00  1.0720e-01
 1.3980e+00  1.0708e-01
 1.3985e+00  1.0696e-01
 1.3990e+00  1.0684e-01
 1.3995e+00  1.0672e-01
 1.4000e+00  1.0660e-01
 1.4005e+00  1.0648e-01
 1.4010e+00  1.0637e-01
 1.4015e+00  1.0625e-01
 1.4020e+00  1.0613e-01
 1.4025e+00  1.0602e-01
 1.4030e+00  1.0590e-01
 1.4035e+00  1.0579e-01
 1.4040e+00  1.0567e-01
 1.4045e+00  1.0556e-01
 1.4050e+00  1.0544e-01
 1.4055e+00  1.0533e-01
 1.4060e+00  1.0522e-01
 1.4065e+00  1.0511e-01
 1.4070e+00  1.0499e-01
 1.4075e+00  1.0488e-01
 1.4080e+00  1.0477e-01
 1.4085e+00  1.0466e-01
 1.4090e+00  1.0455e-01
 1.4095e+00  1.0445e-01
 1.4100e+00  1.0434e-01
 1.4105e+00  1.0423e-01
 1.4110e+00  1.0413e-01
 1.4115e+00  1.0402e-01
 1.4120e+00  1.0392e-01
 1.4125e+00  1.0382e-01
 1.4130e+00  1.0371e-01
 1.4135e+00  1.0361e-01
 1.4140e+00  1.0351e-01
 1.4145e+00  1.0341e-01
 1.4150e+00  1.0331e-01
 1.4155e+00  1.0322e-01
 1.4160e+00  1.0312e-01
 1.4165e+00  1.0302e-01
 1.4170e+00  1.0293e-01
 1.4175e+00  1.0283e-01
 1.4180e+00  1.0274e-01
 1.4185e+00  1.0265e-01
 1.4190e+00  1.0256e-01
 1.4195e+00  1.0247e-01
 1.4200e+00  1.0238e-01
 1.4205e+00  1.0229e-01
 1.4210e+00  1.0221e-01
 1.4215e+00  1.0212e-01
 1.4220e+00  1.0204e-01
 1.4225e+00  1.0195e-01
 1.4230e+00  1.0187e-01
 1.4235e+00  1.0179e-01
 1.4240e+00  1.0171e-01
 1.4245e+00  1.0163e-01
 1.4250e+00  1.0156e-01
 1.4255e+00  1.0148e-01
 1.4260e+00  1.0140e-01
 1.4265e+00  1.0133e-01
 1.4270e+00  1.0126e-01
 1.4275e+00  1.0119e-01
 1.4280e+00  1.0112e-01
 1.4285e+00  1.0105e-01
 1.4290e+00  1.0099e-01
 1.4295e+00  1.0092e-01
 1.4300e+00  1.0086e-01
 1.4305e+00  1.0080e-01
 1.4310e+00  1.0074e-01
 1.4315e+00  1.0068e-01
 1.4320e+00  1.0062e-01
 1.4325e+00  1.0056e-01
 1.4330e+00  1.0051e-01
 1.4335e+00  1.0046e-01
 1.4340e+00  1.0040e-01
 1.4345e+00  1.0035e-01
 1.4350e+00  1.0031e-01
 1.4355e+00  1.0026e-01
 1.4360e+00  1.0021e-01
 1.4365e+00  1.0017e-01
 1.4370e+00  1.0013e-01
 1.4375e+00  1.0009e-01
 1.4380e+00  1.0005e-01
 1.4385e+00  1.0001e-01
 1.4390e+00  9.9980e-02
 1.4395e+00  9.9947e-02
 1.4400e+00  9.9916e-02
 1.4405e+00  9.9887e-02
 1.4410e+00  9.9859e-02
 1.4415e+00  9.9834e-02
 1.4420e+00  9.9810e-02
 1.4425e+00  9.9788e-02
 1.4430e+00  9.9768e-02
 1.4435e+00  9.9750e-02
 1.4440e+00  9.9733e-02
 1.4445e+00  9.9719e-02
 1.4450e+00  9.9707e-02
 1.4455e+00  9.9697e-02
 1.4460e+00  9.9688e-02
 1.4465e+00  9.9682e-02
 1.4470e+00  9.9678e-02
 1.4475e+00  9.9676e-02
 1.4480e+00  9.9676e-02
 1.4485e+00  9.9678e-02
 1.4490e+00  9.9682e-02
 1.4495e+00  9.9689e-02
 1.4500e+00  9.9697e-02
 1.4505e+00  9.9708e-02
 1.4510e+00  9.9721e-02
 1.4515e+00  9.9737e-02
 1.4520e+00  9.9754e-02
 1.4525e+00  9.9774e-02
 1.4530e+00  9.9796e-02
 1.4535e+00  9.9820e-02
 1.4540e+00  9.9847e-02
 1.4545e+00  9.9876e-02
 1.4550e+00  9.9908e-02
 1.4555e+00  9.9942e-02
 1.4560e+00  9.9978e-02
 1.4565e+00  1.0002e-01
 1.4570e+00  1.0006e-01
 1.4575e+00  1.0010e-01
 1.4580e+00  1.0015e-01
 1.4585e+00  1.0020e-01
 1.4590e+00  1.0025e-01
 1.4595e+00  1.0030e-01
 1.4600e+00  1.0036e-01
 1.4605e+00  1.0042e-01
 1.4610e+00  1.0048e-01
 1.4615e+00  1.0054e-01
 1.4620e+00  1.0061e-01
 1.4625e+00  1.0068e-01
 1.4630e+00  1.0075e-01
 1.4635e+00  1.0083e-01
 1.4640e+00  1.0091e-01
 1.4645e+00  1.0099e-01
 1.4650e+00  1.0107e-01
 1.4655e+00  1.0116e-01
 1.4660e+00  1.0125e-01
 1.4665e+00  1.0134e-01
 1.4670e+00  1.0144e-01
 1.4675e+00  1.0154e-01
 1.4680e+00  1.0164e-01
 1.4685e+00  1.0174e-01
 1.4690e+00  1.0185e-01
 1.4695e+00  1.0196e-01
 1.4700e+00  1.0207e-01
 1.4705e+00  1.0219e-01
 1.4710e+00  1.0231e-01
 1.4715e+00  1.0243e-01
 1.4720e+00  1.0256e-01
 1.4725e+00  1.0269e-01
 1.4730e+00  1.0282e-01
 1.4735e+00  1.0296e-01
 1.4740e+00  1.0310e-01
 1.4745e+00  1.0324e-01
 1.4750e+00  1.0339e-01
 1.4755e+00  1.0354e-01
 1.4760e+00  1.0369e-01
 1.4765e+00  1.0384e-01
 1.4770e+00  1.0400e-01
 1.4775e+00  1.0417e-01
 1.4780e+00  1.0433e-01
 1.4785e+00  1.0451e-01
 1.4790e+00  1.0468e-01
 1.4795e+00  1.0486e-01
 1.4800e+00  1.0504e-01
 1.4805e+00  1.0522e-01
 1.4810e+00  1.0541e-01
 1.4815e+00  1.0561e-01
 1.4820e+00  1.0580e-01
 1.4825e+00  1.0600e-01
 1.4830e+00  1.0621e-01
 1.4835e+00  1.0642e-01
 1.4840e+00  1.0663e-01
 1.4845e+00  1.0684e-01
 1.4850e+00  1.0706e-01
 1.4855e+00  1.0729e-01
 1.4860e+00  1.0752e-01
 1.4865e+00  1.0775e-01
 1.4870e+00  1.0799e-01
 1.4875e+00  1.0823e-01
 1.4880e+00  1.0847e-01
 1.4885e+00  1.0872e-01
 1.4890e+00  1.0897e-01
 1.4895e+00  1.0923e-01
 1.4900e+00  1.0949e-01
 1.4905e+00  1.0976e-01
 1.4910e+00  1.1003e-01
 1.4915e+00  1.1031e-01
 1.4920e+00  1.1059e-01
 1.4925e+00  1.1087e-01
 1.4930e+00  1.1116e-01
 1.4935e+00  1.1146e-01
 1.4940e+00  1.1175e-01
 1.4945e+00  1.1206e-01
 1.4950e+00  1.1237e-01
 1.4955e+00  1.1268e-01
 1.4960e+00  1.1300e-01
 1.4965e+00  1.1332e-01
 1.4970e+00  1.1365e-01
 1.4975e+00  1.1398e-01
 1.4980e+00  1.1432e-01
 1.4985e+00  1.1466e-01
 1.4990e+00  1.1501e-01
 1.4995e+00  1.1536e-01
 1.5000e+00  1.1572e-01
 1.5005e+00  1.1599e-01
 1.5010e+00  1.1627e-01
 1.5015e+00  1.1654e-01
 1.5020e+00  1.1683e-01
 1.5025e+00  1.1712e-01
 1.5030e+00  1.1741e-01
 1.5035e+00  1.1770e-01
 1.5040e+00  1.1800e-01
 1.5045e+00  1.1831e-01
 1.5050e+00  1.1862e-01
 1.5055e+00  1.1893e-01
 1.5060e+00  1.1925e-01
 1.5065e+00  1.1957e-01
 1.5070e+00  1.1990e-01
 1.5075e+00  1.2023e-01
 1.5080e+00  1.2056e-01
 1.5085e+00  1.2090e-01
 1.5090e+00  1.2124e-01
 1.5095e+00  1.2159e-01
 1.5100e+00  1.2194e-01
 1.5105e+00  1.2229e-01
 1.5110e+00  1.2265e-01
 1.5115e+00  1.2301e-01
 1.5120e+00  1.2337e-01
 1.5125e+00  1.2374e-01
 1.5130e+00  1.2411e-01
 1.5135e+00  1.2449e-01
 1.5140e+00  1.2487e-01
 1.5145e+00  1.2525e-01
 1.5150e+00  1.2564e-01
 1.5155e+00  1.2602e-01
 1.5160e+00  1.2642e-01
 1.5165e+00  1.2681e-01
 1.5170e+00  1.2721e-01
 1.5175e+00  1.2761e-01
 1.5180e+00  1.2801e-01
 1.5185e+00  1.2842e-01
 1.5190e+00  1.2883e-01
 1.5195e+00  1.2925e-01
 1.5200e+00  1.2966e-01
 1.5205e+00  1.3008e-01
 1.5210e+00  1.3050e-01
 1.5215e+00  1.3093e-01
 1.5220e+00  1.3136e-01
 1.5225e+00  1.3179e-01
 1.5230e+00  1.3222e-01
 1.5235e+00  1.3265e-01
 1.5240e+00  1.3309e-01
 1.5245e+00  1.3353e-01
 1.5250e+00  1.3397e-01
 1.5255e+00  1.3442e-01
 1.5260e+00  1.3486e-01
 1.5265e+00  1.3531e-01
 1.5270e+00  1.3576e-01
 1.5275e+00  1.3622e-01
 1.5280e+00  1.3667e-01
 1.5285e+00  1.3713e-01
 1.5290e+00  1.3759e-01
 1.5295e+00  1.3805e-01
 1.5300e+00  1.3851e-01
 1.5305e+00  1.3897e-01
 1.5310e+00  1.3944e-01
 1.5315e+00  1.3991e-01
 1.5320e+00  1.4038e-01
 1.5325e+00  1.4085e-01
 1.5330e+00  1.4132e-01
 1.5335e+00  1.4179e-01
 1.5340e+00  1.4227e-01
 1.5345e+00  1.4274e-01
 1.5350e+00  1.4322e-01
 1.5355e+00  1.4370e-01
 1.5360e+00  1.4418e-01
 1.5365e+00  1.4466e-01
 1.5370e+00  1.4514e-01
 1.5375e+00  1.4562e-01
 1.5380e+00  1.4611e-01
 1.5385e+00  1.4659e-01
 1.5390e+00  1.4707e-01
 1.5395e+00  1.4756e-01
 1.5400e+00  1.4804e-01
 1.5405e+00  1.4853e-01
 1.5410e+00  1.4902e-01
 1.5415e+00  1.4950e-01
 1.5420e+00  1.4999e-01
 1.5425e+00  1.5048e-01
 1.5430e+00  1.5096e-01
 1.5435e+00  1.5145e-01
 1.5440e+00  1.5194e-01
 1.5445e+00  1.5243e-01
 1.5450e+00  1.5291e-01
 1.5455e+00  1.5340e-01
 1.5460e+00  1.5389e-01
 1.5465e+00  1.5437e-01
 1.5470e+00  1.5486e-01
 1.5475e+00  1.5535e-01
 1.5480e+00  1.5583e-01
 1.5485e+00  1.5631e-01
 1.5490e+00  1.5680e-01
 1.5495e+00  1.5728e-01
 1.5500e+00  1.5776e-01
 1.5505e+00  1.5824e-01
 1.5510e+00  1.5872e-01
 1.5515e+00  1.5920e-01
 1.5520e+00  1.5968e-01
 1.5525e+00  1.6015e-01
 1.5530e+00  1.6063e-01
 1.5535e+00  1.6110e-01
 1.5540e+00  1.6157e-01
 1.5545e+00  1.6204e-01
 1.5550e+00  1.6251e-01
 1.5555e+00  1.6298e-01
 1.5560e+00  1.6344e-01
 1.5565e+00  1.6391e-01
 1.5570e+00  1.6437e-01
 1.5575e+00  1.6483e-01
 1.5580e+00  1.6528e-01
 1.5585e+00  1.6574e-01
 1.5590e+00  1.6619e-01
 1.5595e+00  1.6664e-01
 1.5600e+00  1.6709e-01
 1.5605e+00  1.6754e-01
 1.5610e+00  1.6798e-01
 1.5615e+00  1.6842e-01
 1.5620e+00  1.6886e-01
 1.5625e+00  1.6929e-01
 1.5630e+00  1.6972e-01
 1.5635e+00  1.7015e-01
 1.5640e+00  1.7058e-01
 1.5645e+00  1.7100e-01
 1.5650e+00  1.7142e-01
 1.5655e+00  1.7183e-01
 1.5660e+00  1.7224e-01
 1.5665e+00  1.7265e-01
 1.5670e+00  1.7306e-01
 1.5675e+00  1.7346e-01
 1.5680e+00  1.7385e-01
 1.5685e+00  1.7425e-01
 1.5690e+00  1.7464e-01
 1.5695e+00  1.7502e-01
 1.5700e+00  1.7540e-01
 1.5705e+00  1.7578e-01
 1.5710e+00  1.7615e-01
 1.5715e+00  1.7652e-01
 1.5720e+00  1.7688e-01
 1.5725e+00  1.7724e-01
 1.5730e+00  1.7760e-01
 1.5735e+00  1.7795e-01
 1.5740e+00  1.7829e-01
 1.5745e+00  1.7863e-01
 1.5750e+00  1.7897e-01
 1.5755e+00  1.7930e-01
 1.5760e+00  1.7962e-01
 1.5765e+00  1.7994e-01
 1.5770e+00  1.8026e-01
 1.5775e+00  1.8057e-01
 1.5780e+00  1.8087e-01
 1.5785e+00  1.8117e-01
 1.5790e+00  1.8146e-01
 1.5795e+00  1.8175e-01
 1.5800e+00  1.8202e-01
 1.5805e+00  1.8230e-01
 1.5810e+00  1.8257e-01
 1.5815e+00  1.8283e-01
 1.5820e+00  1.8309e-01
 1.5825e+00  1.8333e-01
 1.5830e+00  1.8358e-01
 1.5835e+00  1.8382e-01
 1.5840e+00  1.8404e-01
 1.5845e+00  1.8427e-01
 1.5850e+00  1.8449e-01
 1.5855e+00  1.8470e-01
 1.5860e+00  1.8490e-01
 1.5865e+00  1.8509e-01
 1.5870e+00  1.8528e-01
 1.5875e+00  1.8547e-01
 1.5880e+00  1.8564e-01
 1.5885e+00  1.8581e-01
 1.5890e+00  1.8597e-01
 1.5895e+00  1.8612e-01
 1.5900e+00  1.8626e-01
 1.5905e+00  1.8640e-01
 1.5910e+00  1.8653e-01
 1.5915e+00  1.8665e-01
 1.5920e+00  1.8676e-01
 1.5925e+00  1.8687e-01
 1.5930e+00  1.8697e-01
 1.5935e+00  1.8706e-01
 1.5940e+00  1.8714e-01
 1.5945e+00  1.8721e-01
 1.5950e+00  1.8728e-01
 1.5955e+00  1.8733e-01
 1.5960e+00  1.8738e-01
 1.5965e+00  1.8742e-01
 1.5970e+00  1.8745e-01
 1.5975e+00  1.8747e-01
 1.5980e+00  1.8748e-01
 1.5985e+00  1.8749e-01
 1.5990e+00  1.8748e-01
 1.5995e+00  1.8747e-01
 1.6000e+00  1.8744e-01
 1.6005e+00  1.8741e-01
 1.6010e+00  1.8737e-01
 1.6015e+00  1.8732e-01
 1.6020e+00  1.8726e-01
 1.6025e+00  1.8719e-01
 1.6030e+00  1.8711e-01
 1.6035e+00  1.8702e-01
 1.6040e+00  1.8693e-01
 1.6045e+00  1.8682e-01
 1.6050e+00  1.8671e-01
 1.6055e+00  1.8659e-01
 1.6060e+00  1.8646e-01
 1.6065e+00  1.8632e-01
 1.6070e+00  1.8618e-01
 1.6075e+00  1.8602e-01
 1.6080e+00  1.8586e-01
 1.6085e+00  1.8569e-01
 1.6090e+00  1.8551e-01
 1.6095e+00  1.8532e-01
 1.6100e+00  1.8512e-01
 1.6105e+00  1.8492e-01
 1.6110e+00  1.8471e-01
 1.6115e+00  1.8449e-01
 1.6120e+00  1.8427e-01
 1.6125e+00  1.8403e-01
 1.6130e+00  1.8379e-01
 1.6135e+00  1.8354e-01
 1.6140e+00  1.8329e-01
 1.6145e+00  1.8302e-01
 1.6150e+00  1.8276e-01
 1.6155e+00  1.8248e-01
 1.6160e+00  1.8219e-01
 1.6165e+00  1.8190e-01
 1.6170e+00  1.8160e-01
 1.6175e+00  1.8130e-01
 1.6180e+00  1.8099e-01
 1.6185e+00  1.8067e-01
 1.6190e+00  1.8035e-01
 1.6195e+00  1.8002e-01
 1.6200e+00  1.7968e-01
 1.6205e+00  1.7933e-01
 1.6210e+00  1.7898e-01
 1.6215e+00  1.7863e-01
 1.6220e+00  1.7827e-01
 1.6225e+00  1.7790e-01
 1.6230e+00  1.7752e-01
 1.6235e+00  1.7714e-01
 1.6240e+00  1.7676e-01
 1.6245e+00  1.7637e-01
 1.6250e+00  1.7597e-01
 1.6255e+00  1.7557e-01
 1.6260e+00  1.7516e-01
 1.6265e+00  1.7475e-01
 1.6270e+00  1.7433e-01
 1.6275e+00  1.7390e-01
 1.6280e+00  1.7347e-01
 1.6285e+00  1.7304e-01
 1.6290e+00  1.7260e-01
 1.6295e+00  1.7216e-01
 1.6300e+00  1.7171e-01
 1.6305e+00  1.7126e-01
 1.6310e+00  1.7080e-01
 1.6315e+00  1.7034e-01
 1.6320e+00  1.6987e-01
 1.6325e+00  1.6940e-01
 1.6330e+00  1.6892e-01
 1.6335e+00  1.6844e-01
 1.6340e+00  1.6796e-01
 1.6345e+00  1.6747e-01
 1.6350e+00  1.6698e-01
 1.6355e+00  1.6648e-01
 1.6360e+00  1.6598e-01
 1.6365e+00  1.6548e-01
 1.6370e+00  1.6497e-01
 1.6375e+00  1.6446e-01
 1.6380e+00  1.6395e-01
 1.6385e+00  1.6343e-01
 1.6390e+00  1.6291e-01
 1.6395e+00  1.6238e-01
 1.6400e+00  1.6185e-01
 1.6405e+00  1.6132e-01
 1.6410e+00  1.6079e-01
 1.6415e+00  1.6025e-01
 1.6420e+00  1.5971e-01
 1.6425e+00  1.5917e-01
 1.6430e+00  1.5862e-01
 1.6435e+00  1.5808e-01
 1.6440e+00  1.5752e-01
 1.6445e+00  1.5697e-01
 1.6450e+00  1.5642e-01
 1.6455e+00  1.5586e-01
 1.6460e+00  1.5530e-01
 1.6465e+00  1.5473e-01
 1.6470e+00  1.5417e-01
 1.6475e+00  1.5360e-01
 1.6480e+00  1.5303e-01
 1.6485e+00  1.5246e-01
 1.6490e+00  1.5189e-01
 1.6495e+00  1.5131e-01
 1.6500e+00  1.5074e-01
 1.6505e+00  1.5016e-01
 1.6510e+00  1.4958e-01
 1.6515e+00  1.4900e-01
 1.6520e+00  1.4841e-01
 1.6525e+00  1.4783e-01
 1.6530e+00  1.4724e-01
 1.6535e+00  1.4666e-01
 1.6540e+00  1.4607e-01
 1.6545e+00  1.4548e-01
 1.6550e+00  1.4489e-01
 1.6555e+00  1.4430e-01
 1.6560e+00  1.4370e-01
 1.6565e+00  1.4311e-01
 1.6570e+00  1.4252e-01
 1.6575e+00  1.4192e-01
 1.6580e+00  1.4133e-01
 1.6585e+00  1.4073e-01
 1.6590e+00  1.4014e-01
 1.6595e+00  1.3954e-01
 1.6600e+00  1.3894e-01
 1.6605e+00  1.3834e-01
 1.6610e+00  1.3775e-01
 1.6615e+00  1.3715e-01
 1.6620e+00  1.3655e-01
 1.6625e+00  1.3595e-01
 1.6630e+00  1.3535e-01
 1.6635e+00  1.3475e-01
 1.6640e+00  1.3416e-01
 1.6645e+00  1.3356e-01
 1.6650e+00  1.3296e-01
 1.6655e+00  1.3236e-01
 1.6660e+00  1.3177e-01
 1.6665e+00  1.3117e-01
 1.6670e+00  1.3057e-01
 1.6675e+00  1.2998e-01
 1.6680e+00  1.2938e-01
 1.6685e+00  1.2879e-01
 1.6690e+00  1.2819e-01
 1.6695e+00  1.2760e-01
 1.6700e+00  1.2701e-01
 1.6705e+00  1.2641e-01
 1.6710e+00  1.2582e-01
 1.6715e+00  1.2523e-01
 1.6720e+00  1.2465e-01
 1.6725e+00  1.2406e-01
 1.6730e+00  1.2347e-01
 1.6735e+00  1.2289e-01
 1.6740e+00  1.2230e-01
 1.6745e+00  1.2172e-01
 1.6750e+00  1.2114e-01
 1.6755e+00  1.2056e-01
 1.6760e+00  1.1998e-01
 1.6765e+00  1.1940e-01
 1.6770e+00  1.1882e-01
 1.6775e+00  1.1825e-01
 1.6780e+00  1.1768e-01
 1.6785e+00  1.1711e-01
 1.6790e+00  1.1653e-01
 1.6795e+00  1.1597e-01
 1.6800e+00  1.1540e-01
 1.6805e+00  1.1484e-01
 1.6810e+00  1.1428e-01
 1.6815e+00  1.1371e-01
 1.6820e+00  1.1316e-01
 1.6825e+00  1.1260e-01
 1.6830e+00  1.1205e-01
 1.6835e+00  1.1149e-01
 1.6840e+00  1.1094e-01
 1.6845e+00  1.1039e-01
 1.6850e+00  1.0985e-01
 1.6855e+00  1.0930e-01
 1.6860e+00  1.0876e-01
 1.6865e+00  1.0823e-01
 1.6870e+00  1.0769e-01
 1.6875e+00  1.0715e-01
 1.6880e+00  1.0662e-01
 1.6885e+00  1.0609e-01
 1.6890e+00  1.0557e-01
 1.6895e+00  1.0504e-01
 1.6900e+00  1.0452e-01
 1.6905e+00  1.0400e-01
 1.6910e+00  1.0348e-01
 1.6915e+00  1.0297e-01
 1.6920e+00  1.0246e-01
 1.6925e+00  1.0195e-01
 1.6930e+00  1.0145e-01
 1.6935e+00  1.0094e-01
 1.6940e+00  1.0045e-01
 1.6945e+00  9.9949e-02
 1.6950e+00  9.9455e-02
 1.6955e+00  9.8964e-02
 1.6960e+00  9.8476e-02
 1.6965e+00  9.7992e-02
 1.6970e+00  9.7510e-02
 1.6975e+00  9.7031e-02
 1.6980e+00  9.6556e-02
 1.6985e+00  9.6084e-02
 1.6990e+00  9.5614e-02
 1.6995e+00  9.5148e-02
 1.7000e+00  9.4686e-02
 1.7005e+00  9.4226e-02
 1.7010e+00  9.3770e-02
 1.7015e+00  9.3317e-02
 1.7020e+00  9.2867e-02
 1.7025e+00  9.2420e-02
 1.7030e+00  9.1977e-02
 1.7035e+00  9.1537e-02
 1.7040e+00  9.1100e-02
 1.7045e+00  9.0666e-02
 1.7050e+00  9.0235e-02
 1.7055e+00  8.9807e-02
 1.7060e+00  8.9382e-02
 1.7065e+00  8.8960e-02
 1.7070e+00  8.8542e-02
 1.7075e+00  8.8126e-02
 1.7080e+00  8.7713e-02
 1.7085e+00  8.7304e-02
 1.7090e+00  8.6897e-02
 1.7095e+00  8.6493e-02
 1.7100e+00  8.6092e-02
 1.7105e+00  8.5694e-02
 1.7110e+00  8.5299e-02
 1.7115e+00  8.4907e-02
 1.7120e+00  8.4518e-02
 1.7125e+00  8.4132e-02
 1.7130e+00  8.3748e-02
 1.7135e+00  8.3367e-02
 1.7140e+00  8.2989e-02
 1.7145e+00  8.2614e-02
 1.7150e+00  8.2242e-02
 1.7155e+00  8.1872e-02
 1.7160e+00  8.1506e-02
 1.7165e+00  8.1141e-02
 1.7170e+00  8.0780e-02
 1.7175e+00  8.0422e-02
 1.7180e+00  8.0065e-02
 1.7185e+00  7.9712e-02
 1.7190e+00  7.9362e-02
 1.7195e+00  7.9014e-02
 1.7200e+00  7.8668e-02
 1.7205e+00  7.8325e-02
 1.7210e+00  7.7985e-02
 1.7215e+00  7.7648e-02
 1.7220e+00  7.7313e-02
 1.7225e+00  7.6980e-02
 1.7230e+00  7.6650e-02
 1.7235e+00  7.6323e-02
 1.7240e+00  7.5998e-02
 1.7245e+00  7.5676e-02
 1.7250e+00  7.5356e-02
 1.7255e+00  7.5038e-02
 1.7260e+00  7.4724e-02
 1.7265e+00  7.4411e-02
 1.7270e+00  7.4101e-02
 1.7275e+00  7.3793e-02
 1.7280e+00  7.3488e-02
 1.7285e+00  7.3185e-02
 1.7290e+00  7.2885e-02
 1.7295e+00  7.2587e-02
 1.7300e+00  7.2291e-02
 1.7305e+00  7.1998e-02
 1.7310e+00  7.1707e-02
 1.7315e+00  7.1418e-02
 1.7320e+00  7.1132e-02
 1.7325e+00  7.0848e-02
 1.7330e+00  7.0566e-02
 1.7335e+00  7.0286e-02
 1.7340e+00  7.0009e-02
 1.7345e+00  6.9734e-02
 1.7350e+00  6.9461e-02
 1.7355e+00  6.9191e-02
 1.7360e+00  6.8922e-02
 1.7365e+00  6.8656e-02
 1.7370e+00  6.8392e-02
 1.7375e+00  6.8130e-02
 1.7380e+00  6.7870e-02
 1.7385e+00  6.7613e-02
 1.7390e+00  6.7358e-02
 1.7395e+00  6.7104e-02
 1.7400e+00  6.6853e-02
 1.7405e+00  6.6604e-02
 1.7410e+00  6.6357e-02
 1.7415e+00  6.6112e-02
 1.7420e+00  6.5869e-02
 1.7425e+00  6.5629e-02
 1.7430e+00  6.5390e-02
 1.7435e+00  6.5154e-02
 1.7440e+00  6.4919e-02
 1.7445e+00  6.4686e-02
 1.7450e+00  6.4456e-02
 1.7455e+00  6.4227e-02
 1.7460e+00  6.4001e-02
 1.7465e+00  6.3776e-02
 1.7470e+00  6.3553e-02
 1.7475e+00  6.3333e-02
 1.7480e+00  6.3114e-02
 1.7485e+00  6.2897e-02
 1.7490e+00  6.2682e-02
 1.7495e+00  6.2469e-02
 1.7500e+00  6.2258e-02
 1.7505e+00  6.2049e-02
 1.7510e+00  6.1842e-02
 1.7515e+00  6.1636e-02
 1.7520e+00  6.1433e-02
 1.7525e+00  6.1231e-02
 1.7530e+00  6.1031e-02
 1.7535e+00  6.0833e-02
 1.7540e+00  6.0637e-02
 1.7545e+00  6.0443e-02
 1.7550e+00  6.0250e-02
 1.7555e+00  6.0060e-02
 1.7560e+00  5.9871e-02
 1.7565e+00  5.9684e-02
 1.7570e+00  5.9498e-02
 1.7575e+00  5.9315e-02
 1.7580e+00  5.9133e-02
 1.7585e+00  5.8953e-02
 1.7590e+00  5.8774e-02
 1.7595e+00  5.8598e-02
 1.7600e+00  5.8423e-02
 1.7605e+00  5.8250e-02
 1.7610e+00  5.8078e-02
 1.7615e+00  5.7909e-02
 1.7620e+00  5.7740e-02
 1.7625e+00  5.7574e-02
 1.7630e+00  5.7409e-02
 1.7635e+00  5.7246e-02
 1.7640e+00  5.7085e-02
 1.7645e+00  5.6925e-02
 1.7650e+00  5.6767e-02
 1.7655e+00  5.6611e-02
 1.7660e+00  5.6456e-02
 1.7665e+00  5.6303e-02
 1.7670e+00  5.6151e-02
 1.7675e+00  5.6001e-02
 1.7680e+00  5.5853e-02
 1.7685e+00  5.5706e-02
 1.7690e+00  5.5561e-02
 1.7695e+00  5.5417e-02
 1.7700e+00  5.5275e-02
 1.7705e+00  5.5134e-02
 1.7710e+00  5.4995e-02
 1.7715e+00  5.4858e-02
 1.7720e+00  5.4722e-02
 1.7725e+00  5.4588e-02
 1.7730e+00  5.4455e-02
 1.7735e+00  5.4324e-02
 1.7740e+00  5.4194e-02
 1.7745e+00  5.4066e-02
 1.7750e+00  5.3939e-02
 1.7755e+00  5.3814e-02
 1.7760e+00  5.3690e-02
 1.7765e+00  5.3567e-02
 1.7770e+00  5.3447e-02
 1.7775e+00  5.3327e-02
 1.7780e+00  5.3209e-02
 1.7785e+00  5.3093e-02
 1.7790e+00  5.2978e-02
 1.7795e+00  5.2864e-02
 1.7800e+00  5.2752e-02
 1.7805e+00  5.2642e-02
 1.7810e+00  5.2532e-02
 1.7815e+00  5.2424e-02
 1.7820e+00  5.2318e-02
 1.7825e+00  5.2213e-02
 1.7830e+00  5.2109e-02
 1.7835e+00  5.2007e-02
 1.7840e+00  5.1906e-02
 1.7845e+00  5.1807e-02
 1.7850e+00  5.1709e-02
 1.7855e+00  5.1612e-02
 1.7860e+00  5.1517e-02
 1.7865e+00  5.1423e-02
 1.7870e+00  5.1330e-02
 1.7875e+00  5.1239e-02
 1.7880e+00  5.1149e-02
 1.7885e+00  5.1061e-02
 1.7890e+00  5.0973e-02
 1.7895e+00  5.0888e-02
 1.7900e+00  5.0803e-02
 1.7905e+00  5.0720e-02
 1.7910e+00  5.0638e-02
 1.7915e+00  5.0557e-02
 1.7920e+00  5.0478e-02
 1.7925e+00  5.0400e-02
 1.7930e+00  5.0324e-02
 1.7935e+00  5.0248e-02
 1.7940e+00  5.0174e-02
 1.7945e+00  5.0101e-02
 1.7950e+00  5.0030e-02
 1.7955e+00  4.9959e-02
 1.7960e+00  4.9890e-02
 1.7965e+00  4.9823e-02
 1.7970e+00  4.9756e-02
 1.7975e+00  4.9691e-02
 1.7980e+00  4.9627e-02
 1.7985e+00  4.9565e-02
 1.7990e+00  4.9503e-02
 1.7995e+00  4.9443e-02
 1.8000e+00  4.9384e-02
 1.8005e+00  4.9327e-02
 1.8010e+00  4.9270e-02
 1.8015e+00  4.9215e-02
 1.8020e+00  4.9161e-02
 1.8025e+00  4.9108e-02
 1.8030e+00  4.9056e-02
 1.8035e+00  4.9006e-02
 1.8040e+00  4.8956e-02
 1.8045e+00  4.8908e-02
 1.8050e+00  4.8861e-02
 1.8055e+00  4.8815e-02
 1.8060e+00  4.8770e-02
 1.8065e+00  4.8726e-02
 1.8070e+00  4.8683e-02
 1.8075e+00  4.8641e-02
 1.8080e+00  4.8601e-02
 1.8085e+00  4.8561e-02
 1.8090e+00  4.8522e-02
 1.8095e+00  4.8484e-02
 1.8100e+00  4.8448e-02
 1.8105e+00  4.8412e-02
 1.8110e+00  4.8377e-02
 1.8115e+00  4.8343e-02
 1.8120e+00  4.8310e-02
 1.8125e+00  4.8278e-02
 1.8130e+00  4.8247e-02
 1.8135e+00  4.8217e-02
 1.8140e+00  4.8188e-02
 1.8145e+00  4.8159e-02
 1.8150e+00  4.8132e-02
 1.8155e+00  4.8105e-02
 1.8160e+00  4.8079e-02
 1.8165e+00  4.8054e-02
 1.8170e+00  4.8029e-02
 1.8175e+00  4.8006e-02
 1.8180e+00  4.7983e-02
 1.8185e+00  4.7961e-02
 1.8190e+00  4.7940e-02
 1.8195e+00  4.7919e-02
 1.8200e+00  4.7900e-02
 1.8205e+00  4.7881e-02
 1.8210e+00  4.7862e-02
 1.8215e+00  4.7845e-02
 1.8220e+00  4.7828e-02
 1.8225e+00  4.7811e-02
 1.8230e+00  4.7796e-02
 1.8235e+00  4.7781e-02
 1.8240e+00  4.7767e-02
 1.8245e+00  4.7753e-02
 1.8250e+00  4.7740e-02
 1.8255e+00  4.7727e-02
 1.8260e+00  4.7715e-02
 1.8265e+00  4.7704e-02
 1.8270e+00  4.7693e-02
 1.8275e+00  4.7683e-02
 1.8280e+00  4.7673e-02
 1.8285e+00  4.7664e-02
 1.8290e+00  4.7656e-02
 1.8295e+00  4.7647e-02
 1.8300e+00  4.7640e-02
 1.8305e+00  4.7633e-02
 1.8310e+00  4.7626e-02
 1.8315e+00  4.7620e-02
 1.8320e+00  4.7614e-02
 1.8325e+00  4.7609e-02
 1.8330e+00  4.7604e-02
 1.8335e+00  4.7599e-02
 1.8340e+00  4.7595e-02
 1.8345e+00  4.7591e-02
 1.8350e+00  4.7588e-02
 1.8355e+00  4.7585e-02
 1.8360e+00  4.7582e-02
 1.8365e+00  4.7580e-02
 1.8370e+00  4.7578e-02
 1.8375e+00  4.7577e-02
 1.8380e+00  4.7575e-02
 1.8385e+00  4.7574e-02
 1.8390e+00  4.7573e-02
 1.8395e+00  4.7573e-02
 1.8400e+00  4.7572e-02
 1.8405e+00  4.7572e-02
 1.8410e+00  4.7573e-02
 1.8415e+00  4.7573e-02
 1.8420e+00  4.7574e-02
 1.8425e+00  4.7575e-02
 1.8430e+00  4.7576e-02
 1.8435e+00  4.7577e-02
 1.8440e+00  4.7578e-02
 1.8445e+00  4.7580e-02
 1.8450e+00  4.7582e-02
 1.8455e+00  4.7583e-02
 1.8460e+00  4.7585e-02
 1.8465e+00  4.7587e-02
 1.8470e+00  4.7589e-02
 1.8475e+00  4.7592e-02
 1.8480e+00  4.7594e-02
 1.8485e+00  4.7596e-02
 1.8490e+00  4.7599e-02
 1.8495e+00  4.7601e-02
 1.8500e+00  4.7603e-02
 1.8505e+00  4.7606e-02
 1.8510e+00  4.7608e-02
 1.8515e+00  4.7611e-02
 1.8520e+00  4.7613e-02
 1.8525e+00  4.7616e-02
 1.8530e+00  4.7618e-02
 1.8535e+00  4.7620e-02
 1.8540e+00  4.7622e-02
 1.8545e+00  4.7625e-02
 1.8550e+00  4.7627e-02
 1.8555e+00  4.7629e-02
 1.8560e+00  4.7630e-02
 1.8565e+00  4.7632e-02
 1.8570e+00  4.7634e-02
 1.8575e+00  4.7635e-02
 1.8580e+00  4.7636e-02
 1.8585e+00  4.7637e-02
 1.8590e+00  4.7638e-02
 1.8595e+00  4.7639e-02
 1.8600e+00  4.7639e-02
 1.8605e+00  4.7640e-02
 1.8610e+00  4.7640e-02
 1.8615e+00  4.7639e-02
 1.8620e+00  4.7639e-02
 1.8625e+00  4.7638e-02
 1.8630e+00  4.7637e-02
 1.8635e+00  4.7636e-02
 1.8640e+00  4.7634e-02
 1.8645e+00  4.7632e-02
 1.8650e+00  4.7630e-02
 1.8655e+00  4.7627e-02
 1.8660e+00  4.7624e-02
 1.8665e+00  4.7621e-02
 1.8670e+00  4.7617e-02
 1.8675e+00  4.7613e-02
 1.8680e+00  4.7608e-02
 1.8685e+00  4.7604e-02
 1.8690e+00  4.7598e-02
 1.8695e+00  4.7593e-02
 1.8700e+00  4.7586e-02
 1.8705e+00  4.7580e-02
 1.8710e+00  4.7573e-02
 1.8715e+00  4.7565e-02
 1.8720e+00  4.7557e-02
 1.8725e+00  4.7548e-02
 1.8730e+00  4.7539e-02
 1.8735e+00  4.7530e-02
 1.8740e+00  4.7519e-02
 1.8745e+00  4.7509e-02
 1.8750e+00  4.7497e-02
 1.8755e+00  4.7486e-02
 1.8760e+00  4.7473e-02
 1.8765e+00  4.7460e-02
 1.8770e+00  4.7447e-02
 1.8775e+00  4.7432e-02
 1.8780e+00  4.7417e-02
 1.8785e+00  4.7402e-02
 1.8790e+00  4.7386e-02
 1.8795e+00  4.7369e-02
 1.8800e+00  4.7351e-02
 1.8805e+00  4.7333e-02
 1.8810e+00  4.7314e-02
 1.8815e+00  4.7295e-02
 1.8820e+00  4.7274e-02
 1.8825e+00  4.7253e-02
 1.8830e+00  4.7232e-02
 1.8835e+00  4.7209e-02
 1.8840e+00  4.7186e-02
 1.8845e+00  4.7162e-02
 1.8850e+00  4.7137e-02
 1.8855e+00  4.7111e-02
 1.8860e+00  4.7085e-02
 1.8865e+00  4.7058e-02
 1.8870e+00  4.7030e-02
 1.8875e+00  4.7001e-02
 1.8880e+00  4.6971e-02
 1.8885e+00  4.6940e-02
 1.8890e+00  4.6909e-02
 1.8895e+00  4.6876e-02
 1.8900e+00  4.6843e-02
 1.8905e+00  4.6809e-02
 1.8910e+00  4.6774e-02
 1.8915e+00  4.6738e-02
 1.8920e+00  4.6701e-02
 1.8925e+00  4.6663e-02
 1.8930e+00  4.6624e-02
 1.8935e+00  4.6584e-02
 1.8940e+00  4.6543e-02
 1.8945e+00  4.6501e-02
 1.8950e+00  4.6458e-02
 1.8955e+00  4.6415e-02
 1.8960e+00  4.6370e-02
 1.8965e+00  4.6324e-02
 1.8970e+00  4.6277e-02
 1.8975e+00  4.6229e-02
 1.8980e+00  4.6180e-02
 1.8985e+00  4.6130e-02
 1.8990e+00  4.6079e-02
 1.8995e+00  4.6027e-02
 1.9000e+00  4.5973e-02
 1.9005e+00  4.5919e-02
 1.9010e+00  4.5863e-02
 1.9015e+00  4.5807e-02
 1.9020e+00  4.5749e-02
 1.9025e+00  4.5690e-02
 1.9030e+00  4.5630e-02
 1.9035e+00  4.5568e-02
 1.9040e+00  4.5506e-02
 1.9045e+00  4.5442e-02
 1.9050e+00  4.5378e-02
 1.9055e+00  4.5312e-02
 1.9060e+00  4.5244e-02
 1.9065e+00  4.5176e-02
 1.9070e+00  4.5106e-02
 1.9075e+00  4.5035e-02
 1.9080e+00  4.4963e-02
 1.9085e+00  4.4890e-02
 1.9090e+00  4.4815e-02
 1.9095e+00  4.4740e-02
 1.9100e+00  4.4662e-02
 1.9105e+00  4.4584e-02
 1.9110e+00  4.4504e-02
 1.9115e+00  4.4423e-02
 1.9120e+00  4.4341e-02
 1.9125e+00  4.4257e-02
 1.9130e+00  4.4172e-02
 1.9135e+00  4.4086e-02
 1.9140e+00  4.3998e-02
 1.9145e+00  4.3909e-02
 1.9150e+00  4.3819e-02
 1.9155e+00  4.3727e-02
 1.9160e+00  4.3634e-02
 1.9165e+00  4.3540e-02
 1.9170e+00  4.3444e-02
 1.9175e+00  4.3347e-02
 1.9180e+00  4.3249e-02
 1.9185e+00  4.3149e-02
 1.9190e+00  4.3047e-02
 1.9195e+00  4.2945e-02
 1.9200e+00  4.2841e-02
 1.9205e+00  4.2735e-02
 1.9210e+00  4.2628e-02
 1.9215e+00  4.2520e-02
 1.9220e+00  4.2410e-02
 1.9225e+00  4.2299e-02
 1.9230e+00  4.2186e-02
 1.9235e+00  4.2072e-02
 1.9240e+00  4.1956e-02
 1.9245e+00  4.1839e-02
 1.9250e+00  4.1721e-02
 1.9255e+00  4.1601e-02
 1.9260e+00  4.1480e-02
 1.9265e+00  4.1357e-02
 1.9270e+00  4.1232e-02
 1.9275e+00  4.1106e-02
 1.9280e+00  4.0979e-02
 1.9285e+00  4.0850e-02
 1.9290e+00  4.0720e-02
 1.9295e+00  4.0588e-02
 1.9300e+00  4.0455e-02
 1.9305e+00  4.0321e-02
 1.9310e+00  4.0184e-02
 1.9315e+00  4.0046e-02
 1.9320e+00  3.9907e-02
 1.9325e+00  3.9767e-02
 1.9330e+00  3.9624e-02
 1.9335e+00  3.9481e-02
 1.9340e+00  3.9336e-02
 1.9345e+00  3.9189e-02
 1.9350e+00  3.9040e-02
 1.9355e+00  3.8891e-02
 1.9360e+00  3.8740e-02
 1.9365e+00  3.8587e-02
 1.9370e+00  3.8433e-02
 1.9375e+00  3.8277e-02
 1.9380e+00  3.8120e-02
 1.9385e+00  3.7961e-02
 1.9390e+00  3.7801e-02
 1.9395e+00  3.7639e-02
 1.9400e+00  3.7475e-02
 1.9405e+00  3.7311e-02
 1.9410e+00  3.7144e-02
 1.9415e+00  3.6977e-02
 1.9420e+00  3.6807e-02
 1.9425e+00  3.6637e-02
 1.9430e+00  3.6464e-02
 1.9435e+00  3.6291e-02
 1.9440e+00  3.6116e-02
 1.9445e+00  3.5939e-02
 1.9450e+00  3.5761e-02
 1.9455e+00  3.5581e-02
 1.9460e+00  3.5400e-02
 1.9465e+00  3.5218e-02
 1.9470e+00  3.5034e-02
 1.9475e+00  3.4848e-02
 1.9480e+00  3.4661e-02
 1.9485e+00  3.4473e-02
 1.9490e+00  3.4283e-02
 1.9495e+00  3.4092e-02
 1.9500e+00  3.3899e-02
 1.9505e+00  3.3705e-02
 1.9510e+00  3.3510e-02
 1.9515e+00  3.3313e-02
 1.9520e+00  3.3115e-02
 1.9525e+00  3.2916e-02
 1.9530e+00  3.2715e-02
 1.9535e+00  3.2512e-02
 1.9540e+00  3.2309e-02
 1.9545e+00  3.2104e-02
 1.9550e+00  3.1897e-02
 1.9555e+00  3.1690e-02
 1.9560e+00  3.1481e-02
 1.9565e+00  3.1270e-02
 1.9570e+00  3.1059e-02
 1.9575e+00  3.0846e-02
 1.9580e+00  3.0632e-02
 1.9585e+00  3.0416e-02
 1.9590e+00  3.0200e-02
 1.9595e+00  2.9982e-02
 1.9600e+00  2.9763e-02
 1.9605e+00  2.9542e-02
 1.9610e+00  2.9321e-02
 1.9615e+00  2.9098e-02
 1.9620e+00  2.8874e-02
 1.9625e+00  2.8649e-02
 1.9630e+00  2.8423e-02
 1.9635e+00  2.8195e-02
 1.9640e+00  2.7967e-02
 1.9645e+00  2.7737e-02
 1.9650e+00  2.7507e-02
 1.9655e+00  2.7275e-02
 1.9660e+00  2.7042e-02
 1.9665e+00  2.6809e-02
 1.9670e+00  2.6574e-02
 1.9675e+00  2.6338e-02
 1.9680e+00  2.6101e-02
 1.9685e+00  2.5864e-02
 1.9690e+00  2.5625e-02
 1.9695e+00  2.5385e-02
 1.9700e+00  2.5145e-02
 1.9705e+00  2.4904e-02
 1.9710e+00  2.4662e-02
 1.9715e+00  2.4419e-02
 1.9720e+00  2.4175e-02
 1.9725e+00  2.3930e-02
 1.9730e+00  2.3685e-02
 1.9735e+00  2.3439e-02
 1.9740e+00  2.3192e-02
 1.9745e+00  2.2944e-02
 1.9750e+00  2.2696e-02
 1.9755e+00  2.2447e-02
 1.9760e+00  2.2198e-02
 1.9765e+00  2.1948e-02
 1.9770e+00  2.1697e-02
 1.9775e+00  2.1446e-02
 1.9780e+00  2.1194e-02
 1.9785e+00  2.0942e-02
 1.9790e+00  2.0689e-02
 1.9795e+00  2.0436e-02
 1.9800e+00  2.0183e-02
 1.9805e+00  1.9929e-02
 1.9810e+00  1.9675e-02
 1.9815e+00  1.9420e-02
 1.9820e+00  1.9165e-02
 1.9825e+00  1.8910e-02
 1.9830e+00  1.8655e-02
 1.9835e+00  1.8400e-02
 1.9840e+00  1.8144e-02
 1.9845e+00  1.7888e-02
 1.9850e+00  1.7632e-02
 1.9855e+00  1.7376e-02
 1.9860e+00  1.7121e-02
 1.9865e+00  1.6865e-02
 1.9870e+00  1.6609e-02
 1.9875e+00  1.6353e-02
 1.9880e+00  1.6098e-02
 1.9885e+00  1.5842e-02
 1.9890e+00  1.5587e-02
 1.9895e+00  1.5332e-02
 1.9900e+00  1.5077e-02
 1.9905e+00  1.4823e-02
 1.9910e+00  1.4569e-02
 1.9915e+00  1.4315e-02
 1.9920e+00  1.4062e-02
 1.9925e+00  1.3809e-02
 1.9930e+00  1.3557e-02
 1.9935e+00  1.3305e-02
 1.9940e+00  1.3054e-02
 1.9945e+00  1.2804e-02
 1.9950e+00  1.2554e-02
 1.9955e+00  1.2305e-02
 1.9960e+00  1.2057e-02
 1.9965e+00  1.1810e-02
 1.9970e+00  1.1563e-02
 1.9975e+00  1.1318e-02
 1.9980e+00  1.1074e-02
 1.9985e+00  1.0830e-02
 1.9990e+00  1.0588e-02
 1.9995e+00  1.0346e-02
 2.0000e+00  1.0106e-02
