#     mass     R_mu^F
 2.8000e-01  0.0000e+00
 2.8050e-01  6.9045e-05
 2.8100e-01  1.9523e-04
 2.8150e-01  3.5854e-04
 2.8200e-01  5.5181e-04
 2.8250e-01  7.7088e-04
 2.8300e-01  1.0130e-03
 2.8350e-01  1.2759e-03
 2.8400e-01  1.5582e-03
 2.8450e-01  1.8585e-03
 2.8500e-01  2.1757e-03
 2.8550e-01  2.5089e-03
 2.8600e-01  2.8572e-03
 2.8650e-01  3.2200e-03
 2.8700e-01  3.5967e-03
 2.8750e-01  3.9867e-03
 2.8800e-01  4.3894e-03
 2.8850e-01  4.8045e-03
 2.8900e-01  5.2315e-03
 2.8950e-01  5.6700e-03
 2.9000e-01  6.1196e-03
 2.9050e-01  6.5801e-03
 2.9100e-01  7.0510e-03
 2.9150e-01  7.5322e-03
 2.9200e-01  8.0233e-03
 2.9250e-01  8.5240e-03
 2.9300e-01  9.0341e-03
 2.9350e-01  9.5534e-03
 2.9400e-01  1.0082e-02
 2.9450e-01  1.0619e-02
 2.9500e-01  1.1164e-02
 2.9550e-01  1.1718e-02
 2.9600e-01  1.2280e-02
 2.9650e-01  1.2850e-02
 2.9700e-01  1.3427e-02
 2.9750e-01  1.4013e-02
 2.9800e-01  1.4605e-02
 2.9850e-01  1.5205e-02
 2.9900e-01  1.5813e-02
 2.9950e-01  1.6427e-02
 3.0000e-01  1.7048e-02
 3.0050e-01  1.7675e-02
 3.0100e-01  1.8310e-02
 3.0150e-01  1.8950e-02
 3.0200e-01  1.9598e-02
 3.0250e-01  2.0251e-02
 3.0300e-01  2.0910e-02
 3.0350e-01  2.1576e-02
 3.0400e-01  2.2247e-02
 3.0450e-01  2.2924e-02
 3.0500e-01  2.3606e-02
 3.0550e-01  2.4295e-02
 3.0600e-01  2.4988e-02
 3.0650e-01  2.5687e-02
 3.0700e-01  2.6391e-02
 3.0750e-01  2.7101e-02
 3.0800e-01  2.7815e-02
 3.0850e-01  2.8535e-02
 3.0900e-01  2.9259e-02
 3.0950e-01  2.9988e-02
 3.1000e-01  3.0722e-02
 3.1050e-01  3.1460e-02
 3.1100e-01  3.2203e-02
 3.1150e-01  3.2951e-02
 3.1200e-01  3.3703e-02
 3.1250e-01  3.4459e-02
 3.1300e-01  3.5219e-02
 3.1350e-01  3.5984e-02
 3.1400e-01  3.6752e-02
 3.1450e-01  3.7525e-02
 3.1500e-01  3.8302e-02
 3.1550e-01  3.9082e-02
 3.1600e-01  3.9867e-02
 3.1650e-01  4.0655e-02
 3.1700e-01  4.1447e-02
 3.1750e-01  4.2243e-02
 3.1800e-01  4.3042e-02
 3.1850e-01  4.3844e-02
 3.1900e-01  4.4651e-02
 3.1950e-01  4.5460e-02
 3.2000e-01  4.6273e-02
 3.2050e-01  4.7089e-02
 3.2100e-01  4.7909e-02
 3.2150e-01  4.8731e-02
 3.2200e-01  4.9557e-02
 3.2250e-01  5.0386e-02
 3.2300e-01  5.1218e-02
 3.2350e-01  5.2053e-02
 3.2400e-01  5.2891e-02
 3.2450e-01  5.3732e-02
 3.2500e-01  5.4575e-02
 3.2550e-01  5.5422e-02
 3.2600e-01  5.6271e-02
 3.2650e-01  5.7123e-02
 3.2700e-01  5.7977e-02
 3.2750e-01  5.8835e-02
 3.2800e-01  5.9694e-02
 3.2850e-01  6.0557e-02
 3.2900e-01  6.1422e-02
 3.2950e-01  6.2289e-02
 3.3000e-01  6.3159e-02
 3.3050e-01  6.4031e-02
 3.3100e-01  6.4906e-02
 3.3150e-01  6.5783e-02
 3.3200e-01  6.6662e-02
 3.3250e-01  6.7544e-02
 3.3300e-01  6.8428e-02
 3.3350e-01  6.9314e-02
 3.3400e-01  7.0202e-02
 3.3450e-01  7.1092e-02
 3.3500e-01  7.1985e-02
 3.3550e-01  7.2879e-02
 3.3600e-01  7.3776e-02
 3.3650e-01  7.4674e-02
 3.3700e-01  7.5575e-02
 3.3750e-01  7.6477e-02
 3.3800e-01  7.7382e-02
 3.3850e-01  7.8288e-02
 3.3900e-01  7.9196e-02
 3.3950e-01  8.0106e-02
 3.4000e-01  8.1018e-02
 3.4050e-01  8.1932e-02
 3.4100e-01  8.2848e-02
 3.4150e-01  8.3765e-02
 3.4200e-01  8.4684e-02
 3.4250e-01  8.5605e-02
 3.4300e-01  8.6527e-02
 3.4350e-01  8.7452e-02
 3.4400e-01  8.8378e-02
 3.4450e-01  8.9305e-02
 3.4500e-01  9.0234e-02
 3.4550e-01  9.1165e-02
 3.4600e-01  9.2097e-02
 3.4650e-01  9.3031e-02
 3.4700e-01  9.3967e-02
 3.4750e-01  9.4904e-02
 3.4800e-01  9.5842e-02
 3.4850e-01  9.6782e-02
 3.4900e-01  9.7724e-02
 3.4950e-01  9.8667e-02
 3.5000e-01  9.9611e-02
 3.5050e-01  1.0056e-01
 3.5100e-01  1.0151e-01
 3.5150e-01  1.0245e-01
 3.5200e-01  1.0340e-01
 3.5250e-01  1.0436e-01
 3.5300e-01  1.0531e-01
 3.5350e-01  1.0626e-01
 3.5400e-01  1.0722e-01
 3.5450e-01  1.0818e-01
 3.5500e-01  1.0913e-01
 3.5550e-01  1.1009e-01
 3.5600e-01  1.1106e-01
 3.5650e-01  1.1202e-01
 3.5700e-01  1.1298e-01
 3.5750e-01  1.1395e-01
 3.5800e-01  1.1491e-01
 3.5850e-01  1.1588e-01
 3.5900e-01  1.1685e-01
 3.5950e-01  1.1782e-01
 3.6000e-01  1.1879e-01
 3.6050e-01  1.1977e-01
 3.6100e-01  1.2074e-01
 3.6150e-01  1.2172e-01
 3.6200e-01  1.2269e-01
 3.6250e-01  1.2367e-01
 3.6300e-01  1.2465e-01
 3.6350e-01  1.2563e-01
 3.6400e-01  1.2661e-01
 3.6450e-01  1.2760e-01
 3.6500e-01  1.2858e-01
 3.6550e-01  1.2957e-01
 3.6600e-01  1.3055e-01
 3.6650e-01  1.3154e-01
 3.6700e-01  1.3253e-01
 3.6750e-01  1.3352e-01
 3.6800e-01  1.3451e-01
 3.6850e-01  1.3551e-01
 3.6900e-01  1.3650e-01
 3.6950e-01  1.3750e-01
 3.7000e-01  1.3849e-01
 3.7050e-01  1.3949e-01
 3.7100e-01  1.4049e-01
 3.7150e-01  1.4149e-01
 3.7200e-01  1.4249e-01
 3.7250e-01  1.4350e-01
 3.7300e-01  1.4450e-01
 3.7350e-01  1.4551e-01
 3.7400e-01  1.4652e-01
 3.7450e-01  1.4752e-01
 3.7500e-01  1.4853e-01
 3.7550e-01  1.4955e-01
 3.7600e-01  1.5056e-01
 3.7650e-01  1.5157e-01
 3.7700e-01  1.5259e-01
 3.7750e-01  1.5360e-01
 3.7800e-01  1.5462e-01
 3.7850e-01  1.5564e-01
 3.7900e-01  1.5666e-01
 3.7950e-01  1.5768e-01
 3.8000e-01  1.5871e-01
 3.8050e-01  1.5973e-01
 3.8100e-01  1.6076e-01
 3.8150e-01  1.6179e-01
 3.8200e-01  1.6281e-01
 3.8250e-01  1.6384e-01
 3.8300e-01  1.6488e-01
 3.8350e-01  1.6591e-01
 3.8400e-01  1.6694e-01
 3.8450e-01  1.6798e-01
 3.8500e-01  1.6902e-01
 3.8550e-01  1.7006e-01
 3.8600e-01  1.7110e-01
 3.8650e-01  1.7214e-01
 3.8700e-01  1.7318e-01
 3.8750e-01  1.7423e-01
 3.8800e-01  1.7528e-01
 3.8850e-01  1.7633e-01
 3.8900e-01  1.7738e-01
 3.8950e-01  1.7843e-01
 3.9000e-01  1.7948e-01
 3.9050e-01  1.8054e-01
 3.9100e-01  1.8159e-01
 3.9150e-01  1.8265e-01
 3.9200e-01  1.8371e-01
 3.9250e-01  1.8477e-01
 3.9300e-01  1.8584e-01
 3.9350e-01  1.8690e-01
 3.9400e-01  1.8797e-01
 3.9450e-01  1.8904e-01
 3.9500e-01  1.9011e-01
 3.9550e-01  1.9118e-01
 3.9600e-01  1.9226e-01
 3.9650e-01  1.9333e-01
 3.9700e-01  1.9441e-01
 3.9750e-01  1.9549e-01
 3.9800e-01  1.9657e-01
 3.9850e-01  1.9765e-01
 3.9900e-01  1.9874e-01
 3.9950e-01  1.9983e-01
 4.0000e-01  2.0092e-01
 4.0050e-01  2.0201e-01
 4.0100e-01  2.0310e-01
 4.0150e-01  2.0420e-01
 4.0200e-01  2.0530e-01
 4.0250e-01  2.0640e-01
 4.0300e-01  2.0750e-01
 4.0350e-01  2.0860e-01
 4.0400e-01  2.0971e-01
 4.0450e-01  2.1082e-01
 4.0500e-01  2.1193e-01
 4.0550e-01  2.1304e-01
 4.0600e-01  2.1416e-01
 4.0650e-01  2.1527e-01
 4.0700e-01  2.1639e-01
 4.0750e-01  2.1751e-01
 4.0800e-01  2.1864e-01
 4.0850e-01  2.1977e-01
 4.0900e-01  2.2090e-01
 4.0950e-01  2.2203e-01
 4.1000e-01  2.2316e-01
 4.1050e-01  2.2430e-01
 4.1100e-01  2.2544e-01
 4.1150e-01  2.2658e-01
 4.1200e-01  2.2772e-01
 4.1250e-01  2.2887e-01
 4.1300e-01  2.3002e-01
 4.1350e-01  2.3117e-01
 4.1400e-01  2.3233e-01
 4.1450e-01  2.3348e-01
 4.1500e-01  2.3464e-01
 4.1550e-01  2.3581e-01
 4.1600e-01  2.3697e-01
 4.1650e-01  2.3814e-01
 4.1700e-01  2.3931e-01
 4.1750e-01  2.4049e-01
 4.1800e-01  2.4166e-01
 4.1850e-01  2.4284e-01
 4.1900e-01  2.4403e-01
 4.1950e-01  2.4521e-01
 4.2000e-01  2.4640e-01
 4.2050e-01  2.4759e-01
 4.2100e-01  2.4879e-01
 4.2150e-01  2.4999e-01
 4.2200e-01  2.5119e-01
 4.2250e-01  2.5239e-01
 4.2300e-01  2.5360e-01
 4.2350e-01  2.5481e-01
 4.2400e-01  2.5603e-01
 4.2450e-01  2.5725e-01
 4.2500e-01  2.5847e-01
 4.2550e-01  2.5969e-01
 4.2600e-01  2.6092e-01
 4.2650e-01  2.6215e-01
 4.2700e-01  2.6339e-01
 4.2750e-01  2.6463e-01
 4.2800e-01  2.6587e-01
 4.2850e-01  2.6712e-01
 4.2900e-01  2.6837e-01
 4.2950e-01  2.6962e-01
 4.3000e-01  2.7088e-01
 4.3050e-01  2.7214e-01
 4.3100e-01  2.7340e-01
 4.3150e-01  2.7467e-01
 4.3200e-01  2.7594e-01
 4.3250e-01  2.7722e-01
 4.3300e-01  2.7850e-01
 4.3350e-01  2.7979e-01
 4.3400e-01  2.8107e-01
 4.3450e-01  2.8237e-01
 4.3500e-01  2.8366e-01
 4.3550e-01  2.8497e-01
 4.3600e-01  2.8627e-01
 4.3650e-01  2.8758e-01
 4.3700e-01  2.8889e-01
 4.3750e-01  2.9021e-01
 4.3800e-01  2.9153e-01
 4.3850e-01  2.9286e-01
 4.3900e-01  2.9419e-01
 4.3950e-01  2.9553e-01
 4.4000e-01  2.9687e-01
 4.4050e-01  2.9821e-01
 4.4100e-01  2.9956e-01
 4.4150e-01  3.0092e-01
 4.4200e-01  3.0228e-01
 4.4250e-01  3.0364e-01
 4.4300e-01  3.0501e-01
 4.4350e-01  3.0639e-01
 4.4400e-01  3.0776e-01
 4.4450e-01  3.0915e-01
 4.4500e-01  3.1054e-01
 4.4550e-01  3.1193e-01
 4.4600e-01  3.1333e-01
 4.4650e-01  3.1473e-01
 4.4700e-01  3.1614e-01
 4.4750e-01  3.1756e-01
 4.4800e-01  3.1898e-01
 4.4850e-01  3.2040e-01
 4.4900e-01  3.2183e-01
 4.4950e-01  3.2327e-01
 4.5000e-01  3.2471e-01
 4.5050e-01  3.2616e-01
 4.5100e-01  3.2761e-01
 4.5150e-01  3.2907e-01
 4.5200e-01  3.3053e-01
 4.5250e-01  3.3200e-01
 4.5300e-01  3.3348e-01
 4.5350e-01  3.3496e-01
 4.5400e-01  3.3645e-01
 4.5450e-01  3.3794e-01
 4.5500e-01  3.3944e-01
 4.5550e-01  3.4095e-01
 4.5600e-01  3.4246e-01
 4.5650e-01  3.4398e-01
 4.5700e-01  3.4550e-01
 4.5750e-01  3.4703e-01
 4.5800e-01  3.4857e-01
 4.5850e-01  3.5011e-01
 4.5900e-01  3.5166e-01
 4.5950e-01  3.5321e-01
 4.6000e-01  3.5477e-01
 4.6050e-01  3.5634e-01
 4.6100e-01  3.5791e-01
 4.6150e-01  3.5950e-01
 4.6200e-01  3.6108e-01
 4.6250e-01  3.6268e-01
 4.6300e-01  3.6428e-01
 4.6350e-01  3.6588e-01
 4.6400e-01  3.6750e-01
 4.6450e-01  3.6912e-01
 4.6500e-01  3.7074e-01
 4.6550e-01  3.7238e-01
 4.6600e-01  3.7402e-01
 4.6650e-01  3.7567e-01
 4.6700e-01  3.7732e-01
 4.6750e-01  3.7899e-01
 4.6800e-01  3.8066e-01
 4.6850e-01  3.8233e-01
 4.6900e-01  3.8402e-01
 4.6950e-01  3.8571e-01
 4.7000e-01  3.8741e-01
 4.7050e-01  3.8911e-01
 4.7100e-01  3.9082e-01
 4.7150e-01  3.9254e-01
 4.7200e-01  3.9427e-01
 4.7250e-01  3.9601e-01
 4.7300e-01  3.9775e-01
 4.7350e-01  3.9950e-01
 4.7400e-01  4.0126e-01
 4.7450e-01  4.0303e-01
 4.7500e-01  4.0480e-01
 4.7550e-01  4.0658e-01
 4.7600e-01  4.0837e-01
 4.7650e-01  4.1017e-01
 4.7700e-01  4.1198e-01
 4.7750e-01  4.1379e-01
 4.7800e-01  4.1561e-01
 4.7850e-01  4.1744e-01
 4.7900e-01  4.1928e-01
 4.7950e-01  4.2113e-01
 4.8000e-01  4.2298e-01
 4.8050e-01  4.2485e-01
 4.8100e-01  4.2672e-01
 4.8150e-01  4.2860e-01
 4.8200e-01  4.3049e-01
 4.8250e-01  4.3239e-01
 4.8300e-01  4.3429e-01
 4.8350e-01  4.3621e-01
 4.8400e-01  4.3813e-01
 4.8450e-01  4.4007e-01
 4.8500e-01  4.4201e-01
 4.8550e-01  4.4396e-01
 4.8600e-01  4.4592e-01
 4.8650e-01  4.4789e-01
 4.8700e-01  4.4987e-01
 4.8750e-01  4.5186e-01
 4.8800e-01  4.5385e-01
 4.8850e-01  4.5586e-01
 4.8900e-01  4.5787e-01
 4.8950e-01  4.5990e-01
 4.9000e-01  4.6193e-01
 4.9050e-01  4.6398e-01
 4.9100e-01  4.6603e-01
 4.9150e-01  4.6810e-01
 4.9200e-01  4.7017e-01
 4.9250e-01  4.7226e-01
 4.9300e-01  4.7435e-01
 4.9350e-01  4.7645e-01
 4.9400e-01  4.7857e-01
 4.9450e-01  4.8069e-01
 4.9500e-01  4.8283e-01
 4.9550e-01  4.8497e-01
 4.9600e-01  4.8712e-01
 4.9650e-01  4.8929e-01
 4.9700e-01  4.9147e-01
 4.9750e-01  4.9365e-01
 4.9800e-01  4.9585e-01
 4.9850e-01  4.9806e-01
 4.9900e-01  5.0028e-01
 4.9950e-01  5.0251e-01
 5.0000e-01  5.0475e-01
 5.0050e-01  5.0700e-01
 5.0100e-01  5.0926e-01
 5.0150e-01  5.1154e-01
 5.0200e-01  5.1382e-01
 5.0250e-01  5.1612e-01
 5.0300e-01  5.1843e-01
 5.0350e-01  5.2074e-01
 5.0400e-01  5.2307e-01
 5.0450e-01  5.2542e-01
 5.0500e-01  5.2777e-01
 5.0550e-01  5.3014e-01
 5.0600e-01  5.3252e-01
 5.0650e-01  5.3491e-01
 5.0700e-01  5.3731e-01
 5.0750e-01  5.3972e-01
 5.0800e-01  5.4215e-01
 5.0850e-01  5.4459e-01
 5.0900e-01  5.4704e-01
 5.0950e-01  5.4950e-01
 5.1000e-01  5.5198e-01
 5.1050e-01  5.5447e-01
 5.1100e-01  5.5697e-01
 5.1150e-01  5.5949e-01
 5.1200e-01  5.6201e-01
 5.1250e-01  5.6455e-01
 5.1300e-01  5.6711e-01
 5.1350e-01  5.6967e-01
 5.1400e-01  5.7225e-01
 5.1450e-01  5.7485e-01
 5.1500e-01  5.7745e-01
 5.1550e-01  5.8008e-01
 5.1600e-01  5.8271e-01
 5.1650e-01  5.8536e-01
 5.1700e-01  5.8802e-01
 5.1750e-01  5.9069e-01
 5.1800e-01  5.9338e-01
 5.1850e-01  5.9609e-01
 5.1900e-01  5.9881e-01
 5.1950e-01  6.0154e-01
 5.2000e-01  6.0429e-01
 5.2050e-01  6.0705e-01
 5.2100e-01  6.0982e-01
 5.2150e-01  6.1262e-01
 5.2200e-01  6.1542e-01
 5.2250e-01  6.1824e-01
 5.2300e-01  6.2108e-01
 5.2350e-01  6.2393e-01
 5.2400e-01  6.2679e-01
 5.2450e-01  6.2968e-01
 5.2500e-01  6.3257e-01
 5.2550e-01  6.3549e-01
 5.2600e-01  6.3842e-01
 5.2650e-01  6.4136e-01
 5.2700e-01  6.4432e-01
 5.2750e-01  6.4730e-01
 5.2800e-01  6.5029e-01
 5.2850e-01  6.5330e-01
 5.2900e-01  6.5633e-01
 5.2950e-01  6.5937e-01
 5.3000e-01  6.6243e-01
 5.3050e-01  6.6550e-01
 5.3100e-01  6.6859e-01
 5.3150e-01  6.7170e-01
 5.3200e-01  6.7483e-01
 5.3250e-01  6.7797e-01
 5.3300e-01  6.8114e-01
 5.3350e-01  6.8431e-01
 5.3400e-01  6.8751e-01
 5.3450e-01  6.9072e-01
 5.3500e-01  6.9396e-01
 5.3550e-01  6.9721e-01
 5.3600e-01  7.0047e-01
 5.3650e-01  7.0376e-01
 5.3700e-01  7.0707e-01
 5.3750e-01  7.1039e-01
 5.3800e-01  7.1373e-01
 5.3850e-01  7.1710e-01
 5.3900e-01  7.2047e-01
 5.3950e-01  7.2388e-01
 5.4000e-01  7.2729e-01
 5.4050e-01  7.3073e-01
 5.4100e-01  7.3419e-01
 5.4150e-01  7.3767e-01
 5.4200e-01  7.4116e-01
 5.4250e-01  7.4468e-01
 5.4300e-01  7.4822e-01
 5.4350e-01  7.5178e-01
 5.4400e-01  7.5536e-01
 5.4450e-01  7.5896e-01
 5.4500e-01  7.6258e-01
 5.4550e-01  7.6621e-01
 5.4600e-01  7.6988e-01
 5.4650e-01  7.7356e-01
 5.4700e-01  7.7726e-01
 5.4750e-01  7.8099e-01
 5.4800e-01  7.8474e-01
 5.4850e-01  7.8851e-01
 5.4900e-01  7.9230e-01
 5.4950e-01  7.9611e-01
 5.5000e-01  7.9995e-01
 5.5050e-01  8.0381e-01
 5.5100e-01  8.0769e-01
 5.5150e-01  8.1160e-01
 5.5200e-01  8.1552e-01
 5.5250e-01  8.1947e-01
 5.5300e-01  8.2345e-01
 5.5350e-01  8.2745e-01
 5.5400e-01  8.3147e-01
 5.5450e-01  8.3552e-01
 5.5500e-01  8.3959e-01
 5.5550e-01  8.4368e-01
 5.5600e-01  8.4780e-01
 5.5650e-01  8.5195e-01
 5.5700e-01  8.5612e-01
 5.5750e-01  8.6031e-01
 5.5800e-01  8.6453e-01
 5.5850e-01  8.6878e-01
 5.5900e-01  8.7305e-01
 5.5950e-01  8.7735e-01
 5.6000e-01  8.8168e-01
 5.6050e-01  8.8603e-01
 5.6100e-01  8.9041e-01
 5.6150e-01  8.9481e-01
 5.6200e-01  8.9925e-01
 5.6250e-01  9.0371e-01
 5.6300e-01  9.0820e-01
 5.6350e-01  9.1271e-01
 5.6400e-01  9.1726e-01
 5.6450e-01  9.2183e-01
 5.6500e-01  9.2643e-01
 5.6550e-01  9.3106e-01
 5.6600e-01  9.3572e-01
 5.6650e-01  9.4041e-01
 5.6700e-01  9.4513e-01
 5.6750e-01  9.4988e-01
 5.6800e-01  9.5466e-01
 5.6850e-01  9.5947e-01
 5.6900e-01  9.6431e-01
 5.6950e-01  9.6918e-01
 5.7000e-01  9.7409e-01
 5.7050e-01  9.7902e-01
 5.7100e-01  9.8399e-01
 5.7150e-01  9.8899e-01
 5.7200e-01  9.9402e-01
 5.7250e-01  9.9908e-01
 5.7300e-01  1.0042e+00
 5.7350e-01  1.0093e+00
 5.7400e-01  1.0145e+00
 5.7450e-01  1.0197e+00
 5.7500e-01  1.0249e+00
 5.7550e-01  1.0302e+00
 5.7600e-01  1.0355e+00
 5.7650e-01  1.0408e+00
 5.7700e-01  1.0462e+00
 5.7750e-01  1.0516e+00
 5.7800e-01  1.0570e+00
 5.7850e-01  1.0625e+00
 5.7900e-01  1.0680e+00
 5.7950e-01  1.0736e+00
 5.8000e-01  1.0791e+00
 5.8050e-01  1.0848e+00
 5.8100e-01  1.0904e+00
 5.8150e-01  1.0961e+00
 5.8200e-01  1.1019e+00
 5.8250e-01  1.1077e+00
 5.8300e-01  1.1135e+00
 5.8350e-01  1.1193e+00
 5.8400e-01  1.1252e+00
 5.8450e-01  1.1312e+00
 5.8500e-01  1.1371e+00
 5.8550e-01  1.1432e+00
 5.8600e-01  1.1492e+00
 5.8650e-01  1.1553e+00
 5.8700e-01  1.1615e+00
 5.8750e-01  1.1677e+00
 5.8800e-01  1.1739e+00
 5.8850e-01  1.1802e+00
 5.8900e-01  1.1865e+00
 5.8950e-01  1.1928e+00
 5.9000e-01  1.1992e+00
 5.9050e-01  1.2057e+00
 5.9100e-01  1.2122e+00
 5.9150e-01  1.2187e+00
 5.9200e-01  1.2253e+00
 5.9250e-01  1.2319e+00
 5.9300e-01  1.2386e+00
 5.9350e-01  1.2453e+00
 5.9400e-01  1.2521e+00
 5.9450e-01  1.2589e+00
 5.9500e-01  1.2658e+00
 5.9550e-01  1.2727e+00
 5.9600e-01  1.2797e+00
 5.9650e-01  1.2867e+00
 5.9700e-01  1.2938e+00
 5.9750e-01  1.3009e+00
 5.9800e-01  1.3080e+00
 5.9850e-01  1.3153e+00
 5.9900e-01  1.3225e+00
 5.9950e-01  1.3299e+00
 6.0000e-01  1.3372e+00
 6.0050e-01  1.3447e+00
 6.0100e-01  1.3521e+00
 6.0150e-01  1.3597e+00
 6.0200e-01  1.3673e+00
 6.0250e-01  1.3749e+00
 6.0300e-01  1.3826e+00
 6.0350e-01  1.3904e+00
 6.0400e-01  1.3982e+00
 6.0450e-01  1.4061e+00
 6.0500e-01  1.4140e+00
 6.0550e-01  1.4220e+00
 6.0600e-01  1.4301e+00
 6.0650e-01  1.4382e+00
 6.0700e-01  1.4464e+00
 6.0750e-01  1.4546e+00
 6.0800e-01  1.4629e+00
 6.0850e-01  1.4712e+00
 6.0900e-01  1.4797e+00
 6.0950e-01  1.4881e+00
 6.1000e-01  1.4967e+00
 6.1050e-01  1.5053e+00
 6.1100e-01  1.5140e+00
 6.1150e-01  1.5227e+00
 6.1200e-01  1.5315e+00
 6.1250e-01  1.5404e+00
 6.1300e-01  1.5493e+00
 6.1350e-01  1.5583e+00
 6.1400e-01  1.5674e+00
 6.1450e-01  1.5765e+00
 6.1500e-01  1.5858e+00
 6.1550e-01  1.5950e+00
 6.1600e-01  1.6044e+00
 6.1650e-01  1.6138e+00
 6.1700e-01  1.6233e+00
 6.1750e-01  1.6329e+00
 6.1800e-01  1.6425e+00
 6.1850e-01  1.6523e+00
 6.1900e-01  1.6621e+00
 6.1950e-01  1.6719e+00
 6.2000e-01  1.6819e+00
 6.2050e-01  1.6919e+00
 6.2100e-01  1.7020e+00
 6.2150e-01  1.7122e+00
 6.2200e-01  1.7224e+00
 6.2250e-01  1.7328e+00
 6.2300e-01  1.7432e+00
 6.2350e-01  1.7537e+00
 6.2400e-01  1.7643e+00
 6.2450e-01  1.7750e+00
 6.2500e-01  1.7857e+00
 6.2550e-01  1.7965e+00
 6.2600e-01  1.8075e+00
 6.2650e-01  1.8185e+00
 6.2700e-01  1.8296e+00
 6.2750e-01  1.8407e+00
 6.2800e-01  1.8520e+00
 6.2850e-01  1.8634e+00
 6.2900e-01  1.8748e+00
 6.2950e-01  1.8864e+00
 6.3000e-01  1.8980e+00
 6.3050e-01  1.9097e+00
 6.3100e-01  1.9216e+00
 6.3150e-01  1.9335e+00
 6.3200e-01  1.9455e+00
 6.3250e-01  1.9576e+00
 6.3300e-01  1.9698e+00
 6.3350e-01  1.9821e+00
 6.3400e-01  1.9945e+00
 6.3450e-01  2.0070e+00
 6.3500e-01  2.0196e+00
 6.3550e-01  2.0323e+00
 6.3600e-01  2.0451e+00
 6.3650e-01  2.0580e+00
 6.3700e-01  2.0710e+00
 6.3750e-01  2.0842e+00
 6.3800e-01  2.0974e+00
 6.3850e-01  2.1107e+00
 6.3900e-01  2.1242e+00
 6.3950e-01  2.1377e+00
 6.4000e-01  2.1514e+00
 6.4050e-01  2.1652e+00
 6.4100e-01  2.1791e+00
 6.4150e-01  2.1931e+00
 6.4200e-01  2.2072e+00
 6.4250e-01  2.2214e+00
 6.4300e-01  2.2358e+00
 6.4350e-01  2.2502e+00
 6.4400e-01  2.2648e+00
 6.4450e-01  2.2795e+00
 6.4500e-01  2.2944e+00
 6.4550e-01  2.3093e+00
 6.4600e-01  2.3244e+00
 6.4650e-01  2.3396e+00
 6.4700e-01  2.3549e+00
 6.4750e-01  2.3704e+00
 6.4800e-01  2.3859e+00
 6.4850e-01  2.4017e+00
 6.4900e-01  2.4175e+00
 6.4950e-01  2.4335e+00
 6.5000e-01  2.4496e+00
 6.5050e-01  2.4658e+00
 6.5100e-01  2.4822e+00
 6.5150e-01  2.4987e+00
 6.5200e-01  2.5153e+00
 6.5250e-01  2.5321e+00
 6.5300e-01  2.5490e+00
 6.5350e-01  2.5661e+00
 6.5400e-01  2.5833e+00
 6.5450e-01  2.6006e+00
 6.5500e-01  2.6181e+00
 6.5550e-01  2.6358e+00
 6.5600e-01  2.6536e+00
 6.5650e-01  2.6715e+00
 6.5700e-01  2.6896e+00
 6.5750e-01  2.7078e+00
 6.5800e-01  2.7262e+00
 6.5850e-01  2.7447e+00
 6.5900e-01  2.7633e+00
 6.5950e-01  2.7822e+00
 6.6000e-01  2.8012e+00
 6.6050e-01  2.8203e+00
 6.6100e-01  2.8396e+00
 6.6150e-01  2.8591e+00
 6.6200e-01  2.8787e+00
 6.6250e-01  2.8985e+00
 6.6300e-01  2.9184e+00
 6.6350e-01  2.9385e+00
 6.6400e-01  2.9588e+00
 6.6450e-01  2.9792e+00
 6.6500e-01  2.9998e+00
 6.6550e-01  3.0206e+00
 6.6600e-01  3.0415e+00
 6.6650e-01  3.0626e+00
 6.6700e-01  3.0839e+00
 6.6750e-01  3.1053e+00
 6.6800e-01  3.1269e+00
 6.6850e-01  3.1487e+00
 6.6900e-01  3.1707e+00
 6.6950e-01  3.1929e+00
 6.7000e-01  3.2152e+00
 6.7050e-01  3.2377e+00
 6.7100e-01  3.2604e+00
 6.7150e-01  3.2832e+00
 6.7200e-01  3.3063e+00
 6.7250e-01  3.3295e+00
 6.7300e-01  3.3529e+00
 6.7350e-01  3.3765e+00
 6.7400e-01  3.4003e+00
 6.7450e-01  3.4243e+00
 6.7500e-01  3.4484e+00
 6.7550e-01  3.4728e+00
 6.7600e-01  3.4973e+00
 6.7650e-01  3.5221e+00
 6.7700e-01  3.5470e+00
 6.7750e-01  3.5721e+00
 6.7800e-01  3.5974e+00
 6.7850e-01  3.6229e+00
 6.7900e-01  3.6486e+00
 6.7950e-01  3.6745e+00
 6.8000e-01  3.7006e+00
 6.8050e-01  3.7269e+00
 6.8100e-01  3.7534e+00
 6.8150e-01  3.7801e+00
 6.8200e-01  3.8070e+00
 6.8250e-01  3.8342e+00
 6.8300e-01  3.8615e+00
 6.8350e-01  3.8890e+00
 6.8400e-01  3.9167e+00
 6.8450e-01  3.9446e+00
 6.8500e-01  3.9727e+00
 6.8550e-01  4.0010e+00
 6.8600e-01  4.0296e+00
 6.8650e-01  4.0583e+00
 6.8700e-01  4.0872e+00
 6.8750e-01  4.1164e+00
 6.8800e-01  4.1457e+00
 6.8850e-01  4.1753e+00
 6.8900e-01  4.2051e+00
 6.8950e-01  4.2351e+00
 6.9000e-01  4.2653e+00
 6.9050e-01  4.2957e+00
 6.9100e-01  4.3263e+00
 6.9150e-01  4.3571e+00
 6.9200e-01  4.3881e+00
 6.9250e-01  4.4193e+00
 6.9300e-01  4.4508e+00
 6.9350e-01  4.4824e+00
 6.9400e-01  4.5142e+00
 6.9450e-01  4.5463e+00
 6.9500e-01  4.5786e+00
 6.9550e-01  4.6110e+00
 6.9600e-01  4.6437e+00
 6.9650e-01  4.6766e+00
 6.9700e-01  4.7096e+00
 6.9750e-01  4.7429e+00
 6.9800e-01  4.7764e+00
 6.9850e-01  4.8101e+00
 6.9900e-01  4.8440e+00
 6.9950e-01  4.8780e+00
 7.0000e-01  4.9123e+00
 7.0050e-01  4.9468e+00
 7.0100e-01  4.9814e+00
 7.0150e-01  5.0163e+00
 7.0200e-01  5.0513e+00
 7.0250e-01  5.0865e+00
 7.0300e-01  5.1219e+00
 7.0350e-01  5.1575e+00
 7.0400e-01  5.1933e+00
 7.0450e-01  5.2292e+00
 7.0500e-01  5.2654e+00
 7.0550e-01  5.3017e+00
 7.0600e-01  5.3381e+00
 7.0650e-01  5.3748e+00
 7.0700e-01  5.4116e+00
 7.0750e-01  5.4485e+00
 7.0800e-01  5.4856e+00
 7.0850e-01  5.5229e+00
 7.0900e-01  5.5603e+00
 7.0950e-01  5.5979e+00
 7.1000e-01  5.6356e+00
 7.1050e-01  5.6734e+00
 7.1100e-01  5.7114e+00
 7.1150e-01  5.7495e+00
 7.1200e-01  5.7877e+00
 7.1250e-01  5.8261e+00
 7.1300e-01  5.8646e+00
 7.1350e-01  5.9032e+00
 7.1400e-01  5.9418e+00
 7.1450e-01  5.9806e+00
 7.1500e-01  6.0195e+00
 7.1550e-01  6.0584e+00
 7.1600e-01  6.0975e+00
 7.1650e-01  6.1366e+00
 7.1700e-01  6.1758e+00
 7.1750e-01  6.2150e+00
 7.1800e-01  6.2543e+00
 7.1850e-01  6.2937e+00
 7.1900e-01  6.3331e+00
 7.1950e-01  6.3725e+00
 7.2000e-01  6.4120e+00
 7.2050e-01  6.4514e+00
 7.2100e-01  6.4909e+00
 7.2150e-01  6.5304e+00
 7.2200e-01  6.5699e+00
 7.2250e-01  6.6094e+00
 7.2300e-01  6.6488e+00
 7.2350e-01  6.6882e+00
 7.2400e-01  6.7276e+00
 7.2450e-01  6.7669e+00
 7.2500e-01  6.8062e+00
 7.2550e-01  6.8454e+00
 7.2600e-01  6.8845e+00
 7.2650e-01  6.9235e+00
 7.2700e-01  6.9625e+00
 7.2750e-01  7.0013e+00
 7.2800e-01  7.0400e+00
 7.2850e-01  7.0786e+00
 7.2900e-01  7.1170e+00
 7.2950e-01  7.1553e+00
 7.3000e-01  7.1935e+00
 7.3050e-01  7.2314e+00
 7.3100e-01  7.2692e+00
 7.3150e-01  7.3068e+00
 7.3200e-01  7.3442e+00
 7.3250e-01  7.3813e+00
 7.3300e-01  7.4183e+00
 7.3350e-01  7.4550e+00
 7.3400e-01  7.4914e+00
 7.3450e-01  7.5276e+00
 7.3500e-01  7.5635e+00
 7.3550e-01  7.5992e+00
 7.3600e-01  7.6345e+00
 7.3650e-01  7.6695e+00
 7.3700e-01  7.7042e+00
 7.3750e-01  7.7386e+00
 7.3800e-01  7.7726e+00
 7.3850e-01  7.8063e+00
 7.3900e-01  7.8396e+00
 7.3950e-01  7.8725e+00
 7.4000e-01  7.9051e+00
 7.4050e-01  7.9372e+00
 7.4100e-01  7.9690e+00
 7.4150e-01  8.0003e+00
 7.4200e-01  8.0312e+00
 7.4250e-01  8.0616e+00
 7.4300e-01  8.0916e+00
 7.4350e-01  8.1212e+00
 7.4400e-01  8.1502e+00
 7.4450e-01  8.1788e+00
 7.4500e-01  8.2069e+00
 7.4550e-01  8.2346e+00
 7.4600e-01  8.2617e+00
 7.4650e-01  8.2883e+00
 7.4700e-01  8.3143e+00
 7.4750e-01  8.3399e+00
 7.4800e-01  8.3650e+00
 7.4850e-01  8.3895e+00
 7.4900e-01  8.4134e+00
 7.4950e-01  8.4368e+00
 7.5000e-01  8.4597e+00
 7.5050e-01  8.4820e+00
 7.5100e-01  8.5038e+00
 7.5150e-01  8.5250e+00
 7.5200e-01  8.5457e+00
 7.5250e-01  8.5658e+00
 7.5300e-01  8.5854e+00
 7.5350e-01  8.6044e+00
 7.5400e-01  8.6229e+00
 7.5450e-01  8.6408e+00
 7.5500e-01  8.6582e+00
 7.5550e-01  8.6751e+00
 7.5600e-01  8.6915e+00
 7.5650e-01  8.7073e+00
 7.5700e-01  8.7227e+00
 7.5750e-01  8.7376e+00
 7.5800e-01  8.7520e+00
 7.5850e-01  8.7660e+00
 7.5900e-01  8.7796e+00
 7.5950e-01  8.7927e+00
 7.6000e-01  8.8055e+00
 7.6050e-01  8.8178e+00
 7.6100e-01  8.8299e+00
 7.6150e-01  8.8417e+00
 7.6200e-01  8.8531e+00
 7.6250e-01  8.8644e+00
 7.6300e-01  8.8755e+00
 7.6350e-01  8.8864e+00
 7.6400e-01  8.8972e+00
 7.6450e-01  8.9080e+00
 7.6500e-01  8.9187e+00
 7.6550e-01  8.9296e+00
 7.6600e-01  8.9406e+00
 7.6650e-01  8.9518e+00
 7.6700e-01  8.9633e+00
 7.6750e-01  8.9752e+00
 7.6800e-01  8.9875e+00
 7.6850e-01  9.0004e+00
 7.6900e-01  9.0140e+00
 7.6950e-01  9.0283e+00
 7.7000e-01  9.0436e+00
 7.7050e-01  9.0598e+00
 7.7100e-01  9.0772e+00
 7.7150e-01  9.0958e+00
 7.7200e-01  9.1158e+00
 7.7250e-01  9.1371e+00
 7.7300e-01  9.1600e+00
 7.7350e-01  9.1842e+00
 7.7400e-01  9.2098e+00
 7.7450e-01  9.2365e+00
 7.7500e-01  9.2637e+00
 7.7550e-01  9.2908e+00
 7.7600e-01  9.3164e+00
 7.7650e-01  9.3388e+00
 7.7700e-01  9.3551e+00
 7.7750e-01  9.3613e+00
 7.7800e-01  9.3519e+00
 7.7850e-01  9.3193e+00
 7.7900e-01  9.2540e+00
 7.7950e-01  9.1452e+00
 7.8000e-01  8.9820e+00
 7.8050e-01  8.7564e+00
 7.8100e-01  8.4679e+00
 7.8150e-01  8.1270e+00
 7.8200e-01  7.7557e+00
 7.8250e-01  7.3836e+00
 7.8300e-01  7.0398e+00
 7.8350e-01  6.7453e+00
 7.8400e-01  6.5094e+00
 7.8450e-01  6.3315e+00
 7.8500e-01  6.2041e+00
 7.8550e-01  6.1176e+00
 7.8600e-01  6.0619e+00
 7.8650e-01  6.0285e+00
 7.8700e-01  6.0104e+00
 7.8750e-01  6.0024e+00
 7.8800e-01  6.0008e+00
 7.8850e-01  6.0027e+00
 7.8900e-01  6.0063e+00
 7.8950e-01  6.0103e+00
 7.9000e-01  6.0139e+00
 7.9050e-01  6.0164e+00
 7.9100e-01  6.0175e+00
 7.9150e-01  6.0171e+00
 7.9200e-01  6.0149e+00
 7.9250e-01  6.0110e+00
 7.9300e-01  6.0053e+00
 7.9350e-01  5.9980e+00
 7.9400e-01  5.9891e+00
 7.9450e-01  5.9786e+00
 7.9500e-01  5.9667e+00
 7.9550e-01  5.9534e+00
 7.9600e-01  5.9388e+00
 7.9650e-01  5.9229e+00
 7.9700e-01  5.9060e+00
 7.9750e-01  5.8879e+00
 7.9800e-01  5.8689e+00
 7.9850e-01  5.8489e+00
 7.9900e-01  5.8281e+00
 7.9950e-01  5.8065e+00
 8.0000e-01  5.7841e+00
 8.0050e-01  5.7611e+00
 8.0100e-01  5.7374e+00
 8.0150e-01  5.7131e+00
 8.0200e-01  5.6883e+00
 8.0250e-01  5.6629e+00
 8.0300e-01  5.6371e+00
 8.0350e-01  5.6109e+00
 8.0400e-01  5.5842e+00
 8.0450e-01  5.5572e+00
 8.0500e-01  5.5298e+00
 8.0550e-01  5.5021e+00
 8.0600e-01  5.4742e+00
 8.0650e-01  5.4460e+00
 8.0700e-01  5.4175e+00
 8.0750e-01  5.3889e+00
 8.0800e-01  5.3600e+00
 8.0850e-01  5.3310e+00
 8.0900e-01  5.3018e+00
 8.0950e-01  5.2725e+00
 8.1000e-01  5.2431e+00
 8.1050e-01  5.2136e+00
 8.1100e-01  5.1840e+00
 8.1150e-01  5.1543e+00
 8.1200e-01  5.1246e+00
 8.1250e-01  5.0949e+00
 8.1300e-01  5.0650e+00
 8.1350e-01  5.0352e+00
 8.1400e-01  5.0054e+00
 8.1450e-01  4.9756e+00
 8.1500e-01  4.9458e+00
 8.1550e-01  4.9160e+00
 8.1600e-01  4.8862e+00
 8.1650e-01  4.8565e+00
 8.1700e-01  4.8268e+00
 8.1750e-01  4.7972e+00
 8.1800e-01  4.7676e+00
 8.1850e-01  4.7381e+00
 8.1900e-01  4.7087e+00
 8.1950e-01  4.6793e+00
 8.2000e-01  4.6501e+00
 8.2050e-01  4.6209e+00
 8.2100e-01  4.5919e+00
 8.2150e-01  4.5629e+00
 8.2200e-01  4.5340e+00
 8.2250e-01  4.5053e+00
 8.2300e-01  4.4767e+00
 8.2350e-01  4.4482e+00
 8.2400e-01  4.4198e+00
 8.2450e-01  4.3915e+00
 8.2500e-01  4.3634e+00
 8.2550e-01  4.3354e+00
 8.2600e-01  4.3075e+00
 8.2650e-01  4.2798e+00
 8.2700e-01  4.2522e+00
 8.2750e-01  4.2248e+00
 8.2800e-01  4.1975e+00
 8.2850e-01  4.1704e+00
 8.2900e-01  4.1434e+00
 8.2950e-01  4.1165e+00
 8.3000e-01  4.0898e+00
 8.3050e-01  4.0633e+00
 8.3100e-01  4.0369e+00
 8.3150e-01  4.0107e+00
 8.3200e-01  3.9846e+00
 8.3250e-01  3.9587e+00
 8.3300e-01  3.9330e+00
 8.3350e-01  3.9074e+00
 8.3400e-01  3.8819e+00
 8.3450e-01  3.8567e+00
 8.3500e-01  3.8316e+00
 8.3550e-01  3.8066e+00
 8.3600e-01  3.7819e+00
 8.3650e-01  3.7572e+00
 8.3700e-01  3.7328e+00
 8.3750e-01  3.7085e+00
 8.3800e-01  3.6844e+00
 8.3850e-01  3.6604e+00
 8.3900e-01  3.6366e+00
 8.3950e-01  3.6130e+00
 8.4000e-01  3.5895e+00
 8.4050e-01  3.5662e+00
 8.4100e-01  3.5430e+00
 8.4150e-01  3.5200e+00
 8.4200e-01  3.4972e+00
 8.4250e-01  3.4745e+00
 8.4300e-01  3.4520e+00
 8.4350e-01  3.4297e+00
 8.4400e-01  3.4075e+00
 8.4450e-01  3.3855e+00
 8.4500e-01  3.3636e+00
 8.4550e-01  3.3419e+00
 8.4600e-01  3.3203e+00
 8.4650e-01  3.2990e+00
 8.4700e-01  3.2777e+00
 8.4750e-01  3.2566e+00
 8.4800e-01  3.2357e+00
 8.4850e-01  3.2149e+00
 8.4900e-01  3.1943e+00
 8.4950e-01  3.1738e+00
 8.5000e-01  3.1534e+00
 8.5050e-01  3.1332e+00
 8.5100e-01  3.1132e+00
 8.5150e-01  3.0933e+00
 8.5200e-01  3.0736e+00
 8.5250e-01  3.0540e+00
 8.5300e-01  3.0345e+00
 8.5350e-01  3.0152e+00
 8.5400e-01  2.9961e+00
 8.5450e-01  2.9771e+00
 8.5500e-01  2.9582e+00
 8.5550e-01  2.9394e+00
 8.5600e-01  2.9208e+00
 8.5650e-01  2.9024e+00
 8.5700e-01  2.8840e+00
 8.5750e-01  2.8659e+00
 8.5800e-01  2.8478e+00
 8.5850e-01  2.8299e+00
 8.5900e-01  2.8121e+00
 8.5950e-01  2.7945e+00
 8.6000e-01  2.7770e+00
 8.6050e-01  2.7596e+00
 8.6100e-01  2.7423e+00
 8.6150e-01  2.7252e+00
 8.6200e-01  2.7082e+00
 8.6250e-01  2.6914e+00
 8.6300e-01  2.6746e+00
 8.6350e-01  2.6580e+00
 8.6400e-01  2.6416e+00
 8.6450e-01  2.6252e+00
 8.6500e-01  2.6090e+00
 8.6550e-01  2.5928e+00
 8.6600e-01  2.5768e+00
 8.6650e-01  2.5610e+00
 8.6700e-01  2.5452e+00
 8.6750e-01  2.5296e+00
 8.6800e-01  2.5141e+00
 8.6850e-01  2.4987e+00
 8.6900e-01  2.4834e+00
 8.6950e-01  2.4683e+00
 8.7000e-01  2.4532e+00
 8.7050e-01  2.4383e+00
 8.7100e-01  2.4234e+00
 8.7150e-01  2.4087e+00
 8.7200e-01  2.3941e+00
 8.7250e-01  2.3796e+00
 8.7300e-01  2.3653e+00
 8.7350e-01  2.3510e+00
 8.7400e-01  2.3368e+00
 8.7450e-01  2.3228e+00
 8.7500e-01  2.3088e+00
 8.7550e-01  2.2950e+00
 8.7600e-01  2.2812e+00
 8.7650e-01  2.2676e+00
 8.7700e-01  2.2540e+00
 8.7750e-01  2.2406e+00
 8.7800e-01  2.2273e+00
 8.7850e-01  2.2140e+00
 8.7900e-01  2.2009e+00
 8.7950e-01  2.1879e+00
 8.8000e-01  2.1749e+00
 8.8050e-01  2.1621e+00
 8.8100e-01  2.1493e+00
 8.8150e-01  2.1367e+00
 8.8200e-01  2.1241e+00
 8.8250e-01  2.1116e+00
 8.8300e-01  2.0993e+00
 8.8350e-01  2.0870e+00
 8.8400e-01  2.0748e+00
 8.8450e-01  2.0627e+00
 8.8500e-01  2.0507e+00
 8.8550e-01  2.0387e+00
 8.8600e-01  2.0269e+00
 8.8650e-01  2.0152e+00
 8.8700e-01  2.0035e+00
 8.8750e-01  1.9919e+00
 8.8800e-01  1.9804e+00
 8.8850e-01  1.9690e+00
 8.8900e-01  1.9577e+00
 8.8950e-01  1.9464e+00
 8.9000e-01  1.9353e+00
 8.9050e-01  1.9242e+00
 8.9100e-01  1.9132e+00
 8.9150e-01  1.9023e+00
 8.9200e-01  1.8915e+00
 8.9250e-01  1.8807e+00
 8.9300e-01  1.8700e+00
 8.9350e-01  1.8594e+00
 8.9400e-01  1.8489e+00
 8.9450e-01  1.8384e+00
 8.9500e-01  1.8281e+00
 8.9550e-01  1.8178e+00
 8.9600e-01  1.8076e+00
 8.9650e-01  1.7974e+00
 8.9700e-01  1.7873e+00
 8.9750e-01  1.7773e+00
 8.9800e-01  1.7674e+00
 8.9850e-01  1.7575e+00
 8.9900e-01  1.7477e+00
 8.9950e-01  1.7380e+00
 9.0000e-01  1.7284e+00
 9.0050e-01  1.7188e+00
 9.0100e-01  1.7093e+00
 9.0150e-01  1.6998e+00
 9.0200e-01  1.6905e+00
 9.0250e-01  1.6811e+00
 9.0300e-01  1.6719e+00
 9.0350e-01  1.6627e+00
 9.0400e-01  1.6536e+00
 9.0450e-01  1.6446e+00
 9.0500e-01  1.6356e+00
 9.0550e-01  1.6267e+00
 9.0600e-01  1.6178e+00
 9.0650e-01  1.6090e+00
 9.0700e-01  1.6003e+00
 9.0750e-01  1.5916e+00
 9.0800e-01  1.5830e+00
 9.0850e-01  1.5744e+00
 9.0900e-01  1.5660e+00
 9.0950e-01  1.5575e+00
 9.1000e-01  1.5492e+00
 9.1050e-01  1.5409e+00
 9.1100e-01  1.5326e+00
 9.1150e-01  1.5244e+00
 9.1200e-01  1.5163e+00
 9.1250e-01  1.5082e+00
 9.1300e-01  1.5002e+00
 9.1350e-01  1.4922e+00
 9.1400e-01  1.4843e+00
 9.1450e-01  1.4764e+00
 9.1500e-01  1.4686e+00
 9.1550e-01  1.4609e+00
 9.1600e-01  1.4532e+00
 9.1650e-01  1.4455e+00
 9.1700e-01  1.4380e+00
 9.1750e-01  1.4304e+00
 9.1800e-01  1.4229e+00
 9.1850e-01  1.4155e+00
 9.1900e-01  1.4081e+00
 9.1950e-01  1.4008e+00
 9.2000e-01  1.3935e+00
 9.2050e-01  1.3863e+00
 9.2100e-01  1.3791e+00
 9.2150e-01  1.3720e+00
 9.2200e-01  1.3649e+00
 9.2250e-01  1.3579e+00
 9.2300e-01  1.3509e+00
 9.2350e-01  1.3440e+00
 9.2400e-01  1.3371e+00
 9.2450e-01  1.3302e+00
 9.2500e-01  1.3234e+00
 9.2550e-01  1.3167e+00
 9.2600e-01  1.3100e+00
 9.2650e-01  1.3034e+00
 9.2700e-01  1.2967e+00
 9.2750e-01  1.2902e+00
 9.2800e-01  1.2837e+00
 9.2850e-01  1.2772e+00
 9.2900e-01  1.2708e+00
 9.2950e-01  1.2644e+00
 9.3000e-01  1.2580e+00
 9.3050e-01  1.2517e+00
 9.3100e-01  1.2455e+00
 9.3150e-01  1.2393e+00
 9.3200e-01  1.2331e+00
 9.3250e-01  1.2270e+00
 9.3300e-01  1.2209e+00
 9.3350e-01  1.2149e+00
 9.3400e-01  1.2089e+00
 9.3450e-01  1.2029e+00
 9.3500e-01  1.1970e+00
 9.3550e-01  1.1911e+00
 9.3600e-01  1.1853e+00
 9.3650e-01  1.1795e+00
 9.3700e-01  1.1737e+00
 9.3750e-01  1.1680e+00
 9.3800e-01  1.1623e+00
 9.3850e-01  1.1567e+00
 9.3900e-01  1.1511e+00
 9.3950e-01  1.1455e+00
 9.4000e-01  1.1400e+00
 9.4050e-01  1.1345e+00
 9.4100e-01  1.1290e+00
 9.4150e-01  1.1236e+00
 9.4200e-01  1.1182e+00
 9.4250e-01  1.1129e+00
 9.4300e-01  1.1076e+00
 9.4350e-01  1.1023e+00
 9.4400e-01  1.0971e+00
 9.4450e-01  1.0919e+00
 9.4500e-01  1.0868e+00
 9.4550e-01  1.0816e+00
 9.4600e-01  1.0765e+00
 9.4650e-01  1.0715e+00
 9.4700e-01  1.0665e+00
 9.4750e-01  1.0615e+00
 9.4800e-01  1.0565e+00
 9.4850e-01  1.0516e+00
 9.4900e-01  1.0467e+00
 9.4950e-01  1.0419e+00
 9.5000e-01  1.0371e+00
 9.5050e-01  1.0323e+00
 9.5100e-01  1.0275e+00
 9.5150e-01  1.0228e+00
 9.5200e-01  1.0181e+00
 9.5250e-01  1.0135e+00
 9.5300e-01  1.0089e+00
 9.5350e-01  1.0043e+00
 9.5400e-01  9.9972e-01
 9.5450e-01  9.9520e-01
 9.5500e-01  9.9070e-01
 9.5550e-01  9.8624e-01
 9.5600e-01  9.8181e-01
 9.5650e-01  9.7740e-01
 9.5700e-01  9.7303e-01
 9.5750e-01  9.6868e-01
 9.5800e-01  9.6437e-01
 9.5850e-01  9.6008e-01
 9.5900e-01  9.5583e-01
 9.5950e-01  9.5160e-01
 9.6000e-01  9.4740e-01
 9.6050e-01  9.4323e-01
 9.6100e-01  9.3908e-01
 9.6150e-01  9.3497e-01
 9.6200e-01  9.3088e-01
 9.6250e-01  9.2682e-01
 9.6300e-01  9.2278e-01
 9.6350e-01  9.1878e-01
 9.6400e-01  9.1480e-01
 9.6450e-01  9.1084e-01
 9.6500e-01  9.0692e-01
 9.6550e-01  9.0301e-01
 9.6600e-01  8.9914e-01
 9.6650e-01  8.9529e-01
 9.6700e-01  8.9146e-01
 9.6750e-01  8.8766e-01
 9.6800e-01  8.8389e-01
 9.6850e-01  8.8014e-01
 9.6900e-01  8.7641e-01
 9.6950e-01  8.7271e-01
 9.7000e-01  8.6904e-01
 9.7050e-01  8.6538e-01
 9.7100e-01  8.6176e-01
 9.7150e-01  8.5815e-01
 9.7200e-01  8.5457e-01
 9.7250e-01  8.5101e-01
 9.7300e-01  8.4747e-01
 9.7350e-01  8.4396e-01
 9.7400e-01  8.4047e-01
 9.7450e-01  8.3701e-01
 9.7500e-01  8.3356e-01
 9.7550e-01  8.3014e-01
 9.7600e-01  8.2674e-01
 9.7650e-01  8.2336e-01
 9.7700e-01  8.2000e-01
 9.7750e-01  8.1667e-01
 9.7800e-01  8.1335e-01
 9.7850e-01  8.1006e-01
 9.7900e-01  8.0679e-01
 9.7950e-01  8.0354e-01
 9.8000e-01  8.0031e-01
 9.8050e-01  7.9710e-01
 9.8100e-01  7.9391e-01
 9.8150e-01  7.9074e-01
 9.8200e-01  7.8759e-01
 9.8250e-01  7.8446e-01
 9.8300e-01  7.8135e-01
 9.8350e-01  7.7826e-01
 9.8400e-01  7.7519e-01
 9.8450e-01  7.7214e-01
 9.8500e-01  7.6911e-01
 9.8550e-01  7.6610e-01
 9.8600e-01  7.6310e-01
 9.8650e-01  7.6013e-01
 9.8700e-01  7.5717e-01
 9.8750e-01  7.5423e-01
 9.8800e-01  7.5131e-01
 9.8850e-01  7.4841e-01
 9.8900e-01  7.4553e-01
 9.8950e-01  7.4266e-01
 9.9000e-01  7.3982e-01
 9.9050e-01  7.3699e-01
 9.9100e-01  7.3417e-01
 9.9150e-01  7.3138e-01
 9.9200e-01  7.2860e-01
 9.9250e-01  7.2584e-01
 9.9300e-01  7.2309e-01
 9.9350e-01  7.2037e-01
 9.9400e-01  7.1765e-01
 9.9450e-01  7.1496e-01
 9.9500e-01  7.1228e-01
 9.9550e-01  7.0962e-01
 9.9600e-01  7.0698e-01
 9.9650e-01  7.0435e-01
 9.9700e-01  7.0173e-01
 9.9750e-01  6.9914e-01
 9.9800e-01  6.9656e-01
 9.9850e-01  6.9399e-01
 9.9900e-01  6.9144e-01
 9.9950e-01  6.8890e-01
 1.0000e+00  6.8638e-01
 1.0005e+00  6.8388e-01
 1.0010e+00  6.8139e-01
 1.0015e+00  6.7892e-01
 1.0020e+00  6.7646e-01
 1.0025e+00  6.7401e-01
 1.0030e+00  6.7158e-01
 1.0035e+00  6.6916e-01
 1.0040e+00  6.6676e-01
 1.0045e+00  6.6438e-01
 1.0050e+00  6.6200e-01
 1.0055e+00  6.5964e-01
 1.0060e+00  6.5730e-01
 1.0065e+00  6.5497e-01
 1.0070e+00  6.5265e-01
 1.0075e+00  6.5034e-01
 1.0080e+00  6.4806e-01
 1.0085e+00  6.4578e-01
 1.0090e+00  6.4351e-01
 1.0095e+00  6.4126e-01
 1.0100e+00  6.3903e-01
 1.0105e+00  6.3680e-01
 1.0110e+00  6.3459e-01
 1.0115e+00  6.3240e-01
 1.0120e+00  6.3021e-01
 1.0125e+00  6.2804e-01
 1.0130e+00  6.2588e-01
 1.0135e+00  6.2373e-01
 1.0140e+00  6.2160e-01
 1.0145e+00  6.1947e-01
 1.0150e+00  6.1736e-01
 1.0155e+00  6.1526e-01
 1.0160e+00  6.1318e-01
 1.0165e+00  6.1110e-01
 1.0170e+00  6.0904e-01
 1.0175e+00  6.0699e-01
 1.0180e+00  6.0495e-01
 1.0185e+00  6.0293e-01
 1.0190e+00  6.0091e-01
 1.0195e+00  5.9891e-01
 1.0200e+00  5.9691e-01
 1.0205e+00  5.9493e-01
 1.0210e+00  5.9296e-01
 1.0215e+00  5.9100e-01
 1.0220e+00  5.8905e-01
 1.0225e+00  5.8712e-01
 1.0230e+00  5.8519e-01
 1.0235e+00  5.8328e-01
 1.0240e+00  5.8137e-01
 1.0245e+00  5.7948e-01
 1.0250e+00  5.7760e-01
 1.0255e+00  5.7572e-01
 1.0260e+00  5.7386e-01
 1.0265e+00  5.7201e-01
 1.0270e+00  5.7017e-01
 1.0275e+00  5.6834e-01
 1.0280e+00  5.6652e-01
 1.0285e+00  5.6471e-01
 1.0290e+00  5.6290e-01
 1.0295e+00  5.6111e-01
 1.0300e+00  5.5933e-01
 1.0305e+00  5.5756e-01
 1.0310e+00  5.5580e-01
 1.0315e+00  5.5405e-01
 1.0320e+00  5.5231e-01
 1.0325e+00  5.5057e-01
 1.0330e+00  5.4885e-01
 1.0335e+00  5.4714e-01
 1.0340e+00  5.4543e-01
 1.0345e+00  5.4374e-01
 1.0350e+00  5.4205e-01
 1.0355e+00  5.4037e-01
 1.0360e+00  5.3871e-01
 1.0365e+00  5.3705e-01
 1.0370e+00  5.3540e-01
 1.0375e+00  5.3376e-01
 1.0380e+00  5.3212e-01
 1.0385e+00  5.3050e-01
 1.0390e+00  5.2889e-01
 1.0395e+00  5.2728e-01
 1.0400e+00  5.2568e-01
 1.0405e+00  5.2409e-01
 1.0410e+00  5.2251e-01
 1.0415e+00  5.2094e-01
 1.0420e+00  5.1938e-01
 1.0425e+00  5.1782e-01
 1.0430e+00  5.1628e-01
 1.0435e+00  5.1474e-01
 1.0440e+00  5.1321e-01
 1.0445e+00  5.1168e-01
 1.0450e+00  5.1017e-01
 1.0455e+00  5.0866e-01
 1.0460e+00  5.0716e-01
 1.0465e+00  5.0567e-01
 1.0470e+00  5.0419e-01
 1.0475e+00  5.0271e-01
 1.0480e+00  5.0124e-01
 1.0485e+00  4.9978e-01
 1.0490e+00  4.9833e-01
 1.0495e+00  4.9689e-01
 1.0500e+00  4.9545e-01
 1.0505e+00  4.9402e-01
 1.0510e+00  4.9260e-01
 1.0515e+00  4.9118e-01
 1.0520e+00  4.8977e-01
 1.0525e+00  4.8837e-01
 1.0530e+00  4.8697e-01
 1.0535e+00  4.8559e-01
 1.0540e+00  4.8421e-01
 1.0545e+00  4.8284e-01
 1.0550e+00  4.8147e-01
 1.0555e+00  4.8011e-01
 1.0560e+00  4.7876e-01
 1.0565e+00  4.7741e-01
 1.0570e+00  4.7607e-01
 1.0575e+00  4.7474e-01
 1.0580e+00  4.7341e-01
 1.0585e+00  4.7209e-01
 1.0590e+00  4.7078e-01
 1.0595e+00  4.6948e-01
 1.0600e+00  4.6818e-01
 1.0605e+00  4.6688e-01
 1.0610e+00  4.6560e-01
 1.0615e+00  4.6432e-01
 1.0620e+00  4.6304e-01
 1.0625e+00  4.6177e-01
 1.0630e+00  4.6051e-01
 1.0635e+00  4.5925e-01
 1.0640e+00  4.5800e-01
 1.0645e+00  4.5676e-01
 1.0650e+00  4.5552e-01
 1.0655e+00  4.5429e-01
 1.0660e+00  4.5306e-01
 1.0665e+00  4.5184e-01
 1.0670e+00  4.5063e-01
 1.0675e+00  4.4942e-01
 1.0680e+00  4.4821e-01
 1.0685e+00  4.4701e-01
 1.0690e+00  4.4582e-01
 1.0695e+00  4.4463e-01
 1.0700e+00  4.4345e-01
 1.0705e+00  4.4228e-01
 1.0710e+00  4.4111e-01
 1.0715e+00  4.3994e-01
 1.0720e+00  4.3878e-01
 1.0725e+00  4.3763e-01
 1.0730e+00  4.3648e-01
 1.0735e+00  4.3533e-01
 1.0740e+00  4.3419e-01
 1.0745e+00  4.3306e-01
 1.0750e+00  4.3193e-01
 1.0755e+00  4.3081e-01
 1.0760e+00  4.2969e-01
 1.0765e+00  4.2857e-01
 1.0770e+00  4.2746e-01
 1.0775e+00  4.2636e-01
 1.0780e+00  4.2526e-01
 1.0785e+00  4.2416e-01
 1.0790e+00  4.2307e-01
 1.0795e+00  4.2199e-01
 1.0800e+00  4.2091e-01
 1.0805e+00  4.1983e-01
 1.0810e+00  4.1876e-01
 1.0815e+00  4.1769e-01
 1.0820e+00  4.1663e-01
 1.0825e+00  4.1557e-01
 1.0830e+00  4.1452e-01
 1.0835e+00  4.1347e-01
 1.0840e+00  4.1243e-01
 1.0845e+00  4.1139e-01
 1.0850e+00  4.1035e-01
 1.0855e+00  4.0932e-01
 1.0860e+00  4.0829e-01
 1.0865e+00  4.0727e-01
 1.0870e+00  4.0625e-01
 1.0875e+00  4.0523e-01
 1.0880e+00  4.0422e-01
 1.0885e+00  4.0321e-01
 1.0890e+00  4.0221e-01
 1.0895e+00  4.0121e-01
 1.0900e+00  4.0022e-01
 1.0905e+00  3.9923e-01
 1.0910e+00  3.9824e-01
 1.0915e+00  3.9726e-01
 1.0920e+00  3.9628e-01
 1.0925e+00  3.9530e-01
 1.0930e+00  3.9433e-01
 1.0935e+00  3.9336e-01
 1.0940e+00  3.9240e-01
 1.0945e+00  3.9143e-01
 1.0950e+00  3.9048e-01
 1.0955e+00  3.8952e-01
 1.0960e+00  3.8857e-01
 1.0965e+00  3.8763e-01
 1.0970e+00  3.8669e-01
 1.0975e+00  3.8575e-01
 1.0980e+00  3.8481e-01
 1.0985e+00  3.8388e-01
 1.0990e+00  3.8295e-01
 1.0995e+00  3.8202e-01
 1.1000e+00  3.8110e-01
 1.1005e+00  3.8018e-01
 1.1010e+00  3.7926e-01
 1.1015e+00  3.7835e-01
 1.1020e+00  3.7744e-01
 1.1025e+00  3.7653e-01
 1.1030e+00  3.7563e-01
 1.1035e+00  3.7473e-01
 1.1040e+00  3.7383e-01
 1.1045e+00  3.7294e-01
 1.1050e+00  3.7205e-01
 1.1055e+00  3.7116e-01
 1.1060e+00  3.7027e-01
 1.1065e+00  3.6939e-01
 1.1070e+00  3.6851e-01
 1.1075e+00  3.6764e-01
 1.1080e+00  3.6676e-01
 1.1085e+00  3.6589e-01
 1.1090e+00  3.6502e-01
 1.1095e+00  3.6416e-01
 1.1100e+00  3.6330e-01
 1.1105e+00  3.6244e-01
 1.1110e+00  3.6158e-01
 1.1115e+00  3.6073e-01
 1.1120e+00  3.5988e-01
 1.1125e+00  3.5903e-01
 1.1130e+00  3.5818e-01
 1.1135e+00  3.5734e-01
 1.1140e+00  3.5650e-01
 1.1145e+00  3.5566e-01
 1.1150e+00  3.5482e-01
 1.1155e+00  3.5399e-01
 1.1160e+00  3.5316e-01
 1.1165e+00  3.5233e-01
 1.1170e+00  3.5150e-01
 1.1175e+00  3.5068e-01
 1.1180e+00  3.4986e-01
 1.1185e+00  3.4904e-01
 1.1190e+00  3.4822e-01
 1.1195e+00  3.4741e-01
 1.1200e+00  3.4659e-01
 1.1205e+00  3.4578e-01
 1.1210e+00  3.4497e-01
 1.1215e+00  3.4417e-01
 1.1220e+00  3.4337e-01
 1.1225e+00  3.4256e-01
 1.1230e+00  3.4176e-01
 1.1235e+00  3.4097e-01
 1.1240e+00  3.4017e-01
 1.1245e+00  3.3938e-01
 1.1250e+00  3.3859e-01
 1.1255e+00  3.3780e-01
 1.1260e+00  3.3701e-01
 1.1265e+00  3.3623e-01
 1.1270e+00  3.3544e-01
 1.1275e+00  3.3466e-01
 1.1280e+00  3.3388e-01
 1.1285e+00  3.3311e-01
 1.1290e+00  3.3233e-01
 1.1295e+00  3.3156e-01
 1.1300e+00  3.3079e-01
 1.1305e+00  3.3002e-01
 1.1310e+00  3.2925e-01
 1.1315e+00  3.2848e-01
 1.1320e+00  3.2772e-01
 1.1325e+00  3.2695e-01
 1.1330e+00  3.2619e-01
 1.1335e+00  3.2543e-01
 1.1340e+00  3.2468e-01
 1.1345e+00  3.2392e-01
 1.1350e+00  3.2317e-01
 1.1355e+00  3.2241e-01
 1.1360e+00  3.2166e-01
 1.1365e+00  3.2091e-01
 1.1370e+00  3.2016e-01
 1.1375e+00  3.1942e-01
 1.1380e+00  3.1867e-01
 1.1385e+00  3.1793e-01
 1.1390e+00  3.1718e-01
 1.1395e+00  3.1644e-01
 1.1400e+00  3.1570e-01
 1.1405e+00  3.1497e-01
 1.1410e+00  3.1423e-01
 1.1415e+00  3.1350e-01
 1.1420e+00  3.1276e-01
 1.1425e+00  3.1203e-01
 1.1430e+00  3.1130e-01
 1.1435e+00  3.1057e-01
 1.1440e+00  3.0984e-01
 1.1445e+00  3.0911e-01
 1.1450e+00  3.0839e-01
 1.1455e+00  3.0766e-01
 1.1460e+00  3.0694e-01
 1.1465e+00  3.0621e-01
 1.1470e+00  3.0549e-01
 1.1475e+00  3.0477e-01
 1.1480e+00  3.0405e-01
 1.1485e+00  3.0334e-01
 1.1490e+00  3.0262e-01
 1.1495e+00  3.0190e-01
 1.1500e+00  3.0119e-01
 1.1505e+00  3.0047e-01
 1.1510e+00  2.9976e-01
 1.1515e+00  2.9905e-01
 1.1520e+00  2.9834e-01
 1.1525e+00  2.9763e-01
 1.1530e+00  2.9692e-01
 1.1535e+00  2.9622e-01
 1.1540e+00  2.9551e-01
 1.1545e+00  2.9481e-01
 1.1550e+00  2.9410e-01
 1.1555e+00  2.9340e-01
 1.1560e+00  2.9270e-01
 1.1565e+00  2.9200e-01
 1.1570e+00  2.9130e-01
 1.1575e+00  2.9060e-01
 1.1580e+00  2.8990e-01
 1.1585e+00  2.8921e-01
 1.1590e+00  2.8851e-01
 1.1595e+00  2.8782e-01
 1.1600e+00  2.8712e-01
 1.1605e+00  2.8643e-01
 1.1610e+00  2.8574e-01
 1.1615e+00  2.8505e-01
 1.1620e+00  2.8436e-01
 1.1625e+00  2.8367e-01
 1.1630e+00  2.8299e-01
 1.1635e+00  2.8230e-01
 1.1640e+00  2.8162e-01
 1.1645e+00  2.8093e-01
 1.1650e+00  2.8025e-01
 1.1655e+00  2.7957e-01
 1.1660e+00  2.7889e-01
 1.1665e+00  2.7821e-01
 1.1670e+00  2.7753e-01
 1.1675e+00  2.7686e-01
 1.1680e+00  2.7618e-01
 1.1685e+00  2.7551e-01
 1.1690e+00  2.7483e-01
 1.1695e+00  2.7416e-01
 1.1700e+00  2.7349e-01
 1.1705e+00  2.7282e-01
 1.1710e+00  2.7215e-01
 1.1715e+00  2.7148e-01
 1.1720e+00  2.7082e-01
 1.1725e+00  2.7015e-01
 1.1730e+00  2.6948e-01
 1.1735e+00  2.6882e-01
 1.1740e+00  2.6816e-01
 1.1745e+00  2.6750e-01
 1.1750e+00  2.6684e-01
 1.1755e+00  2.6618e-01
 1.1760e+00  2.6552e-01
 1.1765e+00  2.6486e-01
 1.1770e+00  2.6421e-01
 1.1775e+00  2.6355e-01
 1.1780e+00  2.6290e-01
 1.1785e+00  2.6225e-01
 1.1790e+00  2.6160e-01
 1.1795e+00  2.6095e-01
 1.1800e+00  2.6030e-01
 1.1805e+00  2.5965e-01
 1.1810e+00  2.5900e-01
 1.1815e+00  2.5836e-01
 1.1820e+00  2.5771e-01
 1.1825e+00  2.5707e-01
 1.1830e+00  2.5643e-01
 1.1835e+00  2.5579e-01
 1.1840e+00  2.5515e-01
 1.1845e+00  2.5451e-01
 1.1850e+00  2.5387e-01
 1.1855e+00  2.5324e-01
 1.1860e+00  2.5260e-01
 1.1865e+00  2.5197e-01
 1.1870e+00  2.5133e-01
 1.1875e+00  2.5070e-01
 1.1880e+00  2.5007e-01
 1.1885e+00  2.4944e-01
 1.1890e+00  2.4881e-01
 1.1895e+00  2.4819e-01
 1.1900e+00  2.4756e-01
 1.1905e+00  2.4694e-01
 1.1910e+00  2.4631e-01
 1.1915e+00  2.4569e-01
 1.1920e+00  2.4507e-01
 1.1925e+00  2.4445e-01
 1.1930e+00  2.4383e-01
 1.1935e+00  2.4321e-01
 1.1940e+00  2.4260e-01
 1.1945e+00  2.4198e-01
 1.1950e+00  2.4137e-01
 1.1955e+00  2.4075e-01
 1.1960e+00  2.4014e-01
 1.1965e+00  2.3953e-01
 1.1970e+00  2.3892e-01
 1.1975e+00  2.3831e-01
 1.1980e+00  2.3771e-01
 1.1985e+00  2.3710e-01
 1.1990e+00  2.3650e-01
 1.1995e+00  2.3589e-01
 1.2000e+00  2.3529e-01
 1.2005e+00  2.3469e-01
 1.2010e+00  2.3409e-01
 1.2015e+00  2.3349e-01
 1.2020e+00  2.3289e-01
 1.2025e+00  2.3230e-01
 1.2030e+00  2.3170e-01
 1.2035e+00  2.3111e-01
 1.2040e+00  2.3051e-01
 1.2045e+00  2.2992e-01
 1.2050e+00  2.2933e-01
 1.2055e+00  2.2874e-01
 1.2060e+00  2.2816e-01
 1.2065e+00  2.2757e-01
 1.2070e+00  2.2698e-01
 1.2075e+00  2.2640e-01
 1.2080e+00  2.2582e-01
 1.2085e+00  2.2524e-01
 1.2090e+00  2.2466e-01
 1.2095e+00  2.2408e-01
 1.2100e+00  2.2350e-01
 1.2105e+00  2.2292e-01
 1.2110e+00  2.2235e-01
 1.2115e+00  2.2177e-01
 1.2120e+00  2.2120e-01
 1.2125e+00  2.2063e-01
 1.2130e+00  2.2006e-01
 1.2135e+00  2.1949e-01
 1.2140e+00  2.1892e-01
 1.2145e+00  2.1835e-01
 1.2150e+00  2.1779e-01
 1.2155e+00  2.1723e-01
 1.2160e+00  2.1666e-01
 1.2165e+00  2.1610e-01
 1.2170e+00  2.1554e-01
 1.2175e+00  2.1498e-01
 1.2180e+00  2.1442e-01
 1.2185e+00  2.1387e-01
 1.2190e+00  2.1331e-01
 1.2195e+00  2.1276e-01
 1.2200e+00  2.1221e-01
 1.2205e+00  2.1165e-01
 1.2210e+00  2.1110e-01
 1.2215e+00  2.1055e-01
 1.2220e+00  2.1001e-01
 1.2225e+00  2.0946e-01
 1.2230e+00  2.0891e-01
 1.2235e+00  2.0837e-01
 1.2240e+00  2.0783e-01
 1.2245e+00  2.0729e-01
 1.2250e+00  2.0675e-01
 1.2255e+00  2.0621e-01
 1.2260e+00  2.0567e-01
 1.2265e+00  2.0514e-01
 1.2270e+00  2.0460e-01
 1.2275e+00  2.0407e-01
 1.2280e+00  2.0353e-01
 1.2285e+00  2.0300e-01
 1.2290e+00  2.0247e-01
 1.2295e+00  2.0195e-01
 1.2300e+00  2.0142e-01
 1.2305e+00  2.0089e-01
 1.2310e+00  2.0037e-01
 1.2315e+00  1.9985e-01
 1.2320e+00  1.9932e-01
 1.2325e+00  1.9880e-01
 1.2330e+00  1.9828e-01
 1.2335e+00  1.9777e-01
 1.2340e+00  1.9725e-01
 1.2345e+00  1.9674e-01
 1.2350e+00  1.9622e-01
 1.2355e+00  1.9571e-01
 1.2360e+00  1.9520e-01
 1.2365e+00  1.9469e-01
 1.2370e+00  1.9418e-01
 1.2375e+00  1.9367e-01
 1.2380e+00  1.9317e-01
 1.2385e+00  1.9266e-01
 1.2390e+00  1.9216e-01
 1.2395e+00  1.9166e-01
 1.2400e+00  1.9116e-01
 1.2405e+00  1.9066e-01
 1.2410e+00  1.9016e-01
 1.2415e+00  1.8966e-01
 1.2420e+00  1.8917e-01
 1.2425e+00  1.8867e-01
 1.2430e+00  1.8818e-01
 1.2435e+00  1.8769e-01
 1.2440e+00  1.8720e-01
 1.2445e+00  1.8671e-01
 1.2450e+00  1.8623e-01
 1.2455e+00  1.8574e-01
 1.2460e+00  1.8526e-01
 1.2465e+00  1.8477e-01
 1.2470e+00  1.8429e-01
 1.2475e+00  1.8381e-01
 1.2480e+00  1.8333e-01
 1.2485e+00  1.8285e-01
 1.2490e+00  1.8238e-01
 1.2495e+00  1.8190e-01
 1.2500e+00  1.8143e-01
 1.2505e+00  1.8096e-01
 1.2510e+00  1.8049e-01
 1.2515e+00  1.8002e-01
 1.2520e+00  1.7955e-01
 1.2525e+00  1.7908e-01
 1.2530e+00  1.7862e-01
 1.2535e+00  1.7815e-01
 1.2540e+00  1.7769e-01
 1.2545e+00  1.7723e-01
 1.2550e+00  1.7677e-01
 1.2555e+00  1.7631e-01
 1.2560e+00  1.7585e-01
 1.2565e+00  1.7539e-01
 1.2570e+00  1.7494e-01
 1.2575e+00  1.7448e-01
 1.2580e+00  1.7403e-01
 1.2585e+00  1.7358e-01
 1.2590e+00  1.7313e-01
 1.2595e+00  1.7268e-01
 1.2600e+00  1.7223e-01
 1.2605e+00  1.7178e-01
 1.2610e+00  1.7133e-01
 1.2615e+00  1.7089e-01
 1.2620e+00  1.7044e-01
 1.2625e+00  1.7000e-01
 1.2630e+00  1.6956e-01
 1.2635e+00  1.6912e-01
 1.2640e+00  1.6868e-01
 1.2645e+00  1.6824e-01
 1.2650e+00  1.6780e-01
 1.2655e+00  1.6736e-01
 1.2660e+00  1.6693e-01
 1.2665e+00  1.6649e-01
 1.2670e+00  1.6606e-01
 1.2675e+00  1.6562e-01
 1.2680e+00  1.6519e-01
 1.2685e+00  1.6476e-01
 1.2690e+00  1.6433e-01
 1.2695e+00  1.6390e-01
 1.2700e+00  1.6347e-01
 1.2705e+00  1.6304e-01
 1.2710e+00  1.6261e-01
 1.2715e+00  1.6219e-01
 1.2720e+00  1.6176e-01
 1.2725e+00  1.6134e-01
 1.2730e+00  1.6091e-01
 1.2735e+00  1.6049e-01
 1.2740e+00  1.6007e-01
 1.2745e+00  1.5965e-01
 1.2750e+00  1.5923e-01
 1.2755e+00  1.5881e-01
 1.2760e+00  1.5839e-01
 1.2765e+00  1.5797e-01
 1.2770e+00  1.5755e-01
 1.2775e+00  1.5713e-01
 1.2780e+00  1.5672e-01
 1.2785e+00  1.5630e-01
 1.2790e+00  1.5589e-01
 1.2795e+00  1.5547e-01
 1.2800e+00  1.5506e-01
 1.2805e+00  1.5465e-01
 1.2810e+00  1.5423e-01
 1.2815e+00  1.5382e-01
 1.2820e+00  1.5341e-01
 1.2825e+00  1.5300e-01
 1.2830e+00  1.5259e-01
 1.2835e+00  1.5218e-01
 1.2840e+00  1.5177e-01
 1.2845e+00  1.5136e-01
 1.2850e+00  1.5096e-01
 1.2855e+00  1.5055e-01
 1.2860e+00  1.5014e-01
 1.2865e+00  1.4974e-01
 1.2870e+00  1.4933e-01
 1.2875e+00  1.4893e-01
 1.2880e+00  1.4852e-01
 1.2885e+00  1.4812e-01
 1.2890e+00  1.4772e-01
 1.2895e+00  1.4731e-01
 1.2900e+00  1.4691e-01
 1.2905e+00  1.4651e-01
 1.2910e+00  1.4611e-01
 1.2915e+00  1.4571e-01
 1.2920e+00  1.4531e-01
 1.2925e+00  1.4491e-01
 1.2930e+00  1.4451e-01
 1.2935e+00  1.4411e-01
 1.2940e+00  1.4371e-01
 1.2945e+00  1.4331e-01
 1.2950e+00  1.4291e-01
 1.2955e+00  1.4251e-01
 1.2960e+00  1.4212e-01
 1.2965e+00  1.4172e-01
 1.2970e+00  1.4132e-01
 1.2975e+00  1.4093e-01
 1.2980e+00  1.4053e-01
 1.2985e+00  1.4013e-01
 1.2990e+00  1.3974e-01
 1.2995e+00  1.3934e-01
 1.3000e+00  1.3895e-01
 1.3005e+00  1.3856e-01
 1.3010e+00  1.3816e-01
 1.3015e+00  1.3777e-01
 1.3020e+00  1.3737e-01
 1.3025e+00  1.3698e-01
 1.3030e+00  1.3659e-01
 1.3035e+00  1.3619e-01
 1.3040e+00  1.3580e-01
 1.3045e+00  1.3541e-01
 1.3050e+00  1.3502e-01
 1.3055e+00  1.3462e-01
 1.3060e+00  1.3423e-01
 1.3065e+00  1.3384e-01
 1.3070e+00  1.3345e-01
 1.3075e+00  1.3306e-01
 1.3080e+00  1.3267e-01
 1.3085e+00  1.3228e-01
 1.3090e+00  1.3189e-01
 1.3095e+00  1.3150e-01
 1.3100e+00  1.3111e-01
 1.3105e+00  1.3072e-01
 1.3110e+00  1.3033e-01
 1.3115e+00  1.2994e-01
 1.3120e+00  1.2955e-01
 1.3125e+00  1.2916e-01
 1.3130e+00  1.2877e-01
 1.3135e+00  1.2838e-01
 1.3140e+00  1.2799e-01
 1.3145e+00  1.2760e-01
 1.3150e+00  1.2721e-01
 1.3155e+00  1.2682e-01
 1.3160e+00  1.2643e-01
 1.3165e+00  1.2604e-01
 1.3170e+00  1.2565e-01
 1.3175e+00  1.2527e-01
 1.3180e+00  1.2488e-01
 1.3185e+00  1.2449e-01
 1.3190e+00  1.2410e-01
 1.3195e+00  1.2371e-01
 1.3200e+00  1.2332e-01
 1.3205e+00  1.2293e-01
 1.3210e+00  1.2255e-01
 1.3215e+00  1.2216e-01
 1.3220e+00  1.2177e-01
 1.3225e+00  1.2138e-01
 1.3230e+00  1.2099e-01
 1.3235e+00  1.2060e-01
 1.3240e+00  1.2022e-01
 1.3245e+00  1.1983e-01
 1.3250e+00  1.1944e-01
 1.3255e+00  1.1905e-01
 1.3260e+00  1.1866e-01
 1.3265e+00  1.1827e-01
 1.3270e+00  1.1788e-01
 1.3275e+00  1.1749e-01
 1.3280e+00  1.1711e-01
 1.3285e+00  1.1672e-01
 1.3290e+00  1.1633e-01
 1.3295e+00  1.1594e-01
 1.3300e+00  1.1555e-01
 1.3305e+00  1.1516e-01
 1.3310e+00  1.1477e-01
 1.3315e+00  1.1438e-01
 1.3320e+00  1.1399e-01
 1.3325e+00  1.1360e-01
 1.3330e+00  1.1321e-01
 1.3335e+00  1.1283e-01
 1.3340e+00  1.1244e-01
 1.3345e+00  1.1205e-01
 1.3350e+00  1.1166e-01
 1.3355e+00  1.1127e-01
 1.3360e+00  1.1088e-01
 1.3365e+00  1.1049e-01
 1.3370e+00  1.1009e-01
 1.3375e+00  1.0970e-01
 1.3380e+00  1.0931e-01
 1.3385e+00  1.0892e-01
 1.3390e+00  1.0853e-01
 1.3395e+00  1.0814e-01
 1.3400e+00  1.0775e-01
 1.3405e+00  1.0736e-01
 1.3410e+00  1.0697e-01
 1.3415e+00  1.0658e-01
 1.3420e+00  1.0618e-01
 1.3425e+00  1.0579e-01
 1.3430e+00  1.0540e-01
 1.3435e+00  1.0501e-01
 1.3440e+00  1.0462e-01
 1.3445e+00  1.0422e-01
 1.3450e+00  1.0383e-01
 1.3455e+00  1.0344e-01
 1.3460e+00  1.0304e-01
 1.3465e+00  1.0265e-01
 1.3470e+00  1.0226e-01
 1.3475e+00  1.0186e-01
 1.3480e+00  1.0147e-01
 1.3485e+00  1.0108e-01
 1.3490e+00  1.0068e-01
 1.3495e+00  1.0029e-01
 1.3500e+00  9.9893e-02
 1.3505e+00  9.9499e-02
 1.3510e+00  9.9104e-02
 1.3515e+00  9.8709e-02
 1.3520e+00  9.8313e-02
 1.3525e+00  9.7918e-02
 1.3530e+00  9.7523e-02
 1.3535e+00  9.7127e-02
 1.3540e+00  9.6731e-02
 1.3545e+00  9.6335e-02
 1.3550e+00  9.5939e-02
 1.3555e+00  9.5543e-02
 1.3560e+00  9.5147e-02
 1.3565e+00  9.4750e-02
 1.3570e+00  9.4354e-02
 1.3575e+00  9.3957e-02
 1.3580e+00  9.3561e-02
 1.3585e+00  9.3164e-02
 1.3590e+00  9.2767e-02
 1.3595e+00  9.2370e-02
 1.3600e+00  9.1973e-02
 1.3605e+00  9.1576e-02
 1.3610e+00  9.1179e-02
 1.3615e+00  9.0782e-02
 1.3620e+00  9.0385e-02
 1.3625e+00  8.9988e-02
 1.3630e+00  8.9591e-02
 1.3635e+00  8.9194e-02
 1.3640e+00  8.8797e-02
 1.3645e+00  8.8400e-02
 1.3650e+00  8.8003e-02
 1.3655e+00  8.7606e-02
 1.3660e+00  8.7209e-02
 1.3665e+00  8.6813e-02
 1.3670e+00  8.6416e-02
 1.3675e+00  8.6019e-02
 1.3680e+00  8.5622e-02
 1.3685e+00  8.5226e-02
 1.3690e+00  8.4829e-02
 1.3695e+00  8.4433e-02
 1.3700e+00  8.4037e-02
 1.3705e+00  8.3641e-02
 1.3710e+00  8.3244e-02
 1.3715e+00  8.2849e-02
 1.3720e+00  8.2453e-02
 1.3725e+00  8.2057e-02
 1.3730e+00  8.1661e-02
 1.3735e+00  8.1266e-02
 1.3740e+00  8.0871e-02
 1.3745e+00  8.0476e-02
 1.3750e+00  8.0081e-02
 1.3755e+00  7.9686e-02
 1.3760e+00  7.9292e-02
 1.3765e+00  7.8897e-02
 1.3770e+00  7.8503e-02
 1.3775e+00  7.8109e-02
 1.3780e+00  7.7716e-02
 1.3785e+00  7.7322e-02
 1.3790e+00  7.6929e-02
 1.3795e+00  7.6536e-02
 1.3800e+00  7.6144e-02
 1.3805e+00  7.5751e-02
 1.3810e+00  7.5359e-02
 1.3815e+00  7.4967e-02
 1.3820e+00  7.4576e-02
 1.3825e+00  7.4184e-02
 1.3830e+00  7.3793e-02
 1.3835e+00  7.3403e-02
 1.3840e+00  7.3012e-02
 1.3845e+00  7.2622e-02
 1.3850e+00  7.2232e-02
 1.3855e+00  7.1843e-02
 1.3860e+00  7.1454e-02
 1.3865e+00  7.1065e-02
 1.3870e+00  7.0677e-02
 1.3875e+00  7.0289e-02
 1.3880e+00  6.9901e-02
 1.3885e+00  6.9514e-02
 1.3890e+00  6.9127e-02
 1.3895e+00  6.8741e-02
 1.3900e+00  6.8355e-02
 1.3905e+00  6.7969e-02
 1.3910e+00  6.7584e-02
 1.3915e+00  6.7199e-02
 1.3920e+00  6.6815e-02
 1.3925e+00  6.6431e-02
 1.3930e+00  6.6047e-02
 1.3935e+00  6.5664e-02
 1.3940e+00  6.5282e-02
 1.3945e+00  6.4900e-02
 1.3950e+00  6.4518e-02
 1.3955e+00  6.4137e-02
 1.3960e+00  6.3757e-02
 1.3965e+00  6.3377e-02
 1.3970e+00  6.2997e-02
 1.3975e+00  6.2618e-02
 1.3980e+00  6.2239e-02
 1.3985e+00  6.1861e-02
 1.3990e+00  6.1484e-02
 1.3995e+00  6.1107e-02
 1.4000e+00  6.0731e-02
 1.4005e+00  6.0355e-02
 1.4010e+00  5.9980e-02
 1.4015e+00  5.9605e-02
 1.4020e+00  5.9231e-02
 1.4025e+00  5.8858e-02
 1.4030e+00  5.8485e-02
 1.4035e+00  5.8113e-02
 1.4040e+00  5.7741e-02
 1.4045e+00  5.7370e-02
 1.4050e+00  5.7000e-02
 1.4055e+00  5.6630e-02
 1.4060e+00  5.6261e-02
 1.4065e+00  5.5892e-02
 1.4070e+00  5.5525e-02
 1.4075e+00  5.5158e-02
 1.4080e+00  5.4791e-02
 1.4085e+00  5.4426e-02
 1.4090e+00  5.4060e-02
 1.4095e+00  5.3696e-02
 1.4100e+00  5.3333e-02
 1.4105e+00  5.2970e-02
 1.4110e+00  5.2608e-02
 1.4115e+00  5.2246e-02
 1.4120e+00  5.1885e-02
 1.4125e+00  5.1525e-02
 1.4130e+00  5.1166e-02
 1.4135e+00  5.0808e-02
 1.4140e+00  5.0450e-02
 1.4145e+00  5.0093e-02
 1.4150e+00  4.9737e-02
 1.4155e+00  4.9382e-02
 1.4160e+00  4.9027e-02
 1.4165e+00  4.8674e-02
 1.4170e+00  4.8321e-02
 1.4175e+00  4.7969e-02
 1.4180e+00  4.7617e-02
 1.4185e+00  4.7267e-02
 1.4190e+00  4.6917e-02
 1.4195e+00  4.6569e-02
 1.4200e+00  4.6221e-02
 1.4205e+00  4.5874e-02
 1.4210e+00  4.5528e-02
 1.4215e+00  4.5183e-02
 1.4220e+00  4.4838e-02
 1.4225e+00  4.4495e-02
 1.4230e+00  4.4152e-02
 1.4235e+00  4.3811e-02
 1.4240e+00  4.3470e-02
 1.4245e+00  4.3130e-02
 1.4250e+00  4.2791e-02
 1.4255e+00  4.2453e-02
 1.4260e+00  4.2116e-02
 1.4265e+00  4.1780e-02
 1.4270e+00  4.1445e-02
 1.4275e+00  4.1111e-02
 1.4280e+00  4.0778e-02
 1.4285e+00  4.0446e-02
 1.4290e+00  4.0115e-02
 1.4295e+00  3.9784e-02
 1.4300e+00  3.9455e-02
 1.4305e+00  3.9127e-02
 1.4310e+00  3.8800e-02
 1.4315e+00  3.8474e-02
 1.4320e+00  3.8149e-02
 1.4325e+00  3.7825e-02
 1.4330e+00  3.7502e-02
 1.4335e+00  3.7180e-02
 1.4340e+00  3.6859e-02
 1.4345e+00  3.6540e-02
 1.4350e+00  3.6221e-02
 1.4355e+00  3.5903e-02
 1.4360e+00  3.5587e-02
 1.4365e+00  3.5271e-02
 1.4370e+00  3.4957e-02
 1.4375e+00  3.4644e-02
 1.4380e+00  3.4332e-02
 1.4385e+00  3.4021e-02
 1.4390e+00  3.3711e-02
 1.4395e+00  3.3403e-02
 1.4400e+00  3.3095e-02
 1.4405e+00  3.2789e-02
 1.4410e+00  3.2483e-02
 1.4415e+00  3.2179e-02
 1.4420e+00  3.1877e-02
 1.4425e+00  3.1575e-02
 1.4430e+00  3.1274e-02
 1.4435e+00  3.0975e-02
 1.4440e+00  3.0677e-02
 1.4445e+00  3.0380e-02
 1.4450e+00  3.0085e-02
 1.4455e+00  2.9790e-02
 1.4460e+00  2.9497e-02
 1.4465e+00  2.9205e-02
 1.4470e+00  2.8915e-02
 1.4475e+00  2.8625e-02
 1.4480e+00  2.8337e-02
 1.4485e+00  2.8050e-02
 1.4490e+00  2.7765e-02
 1.4495e+00  2.7480e-02
 1.4500e+00  2.7197e-02
 1.4505e+00  2.6916e-02
 1.4510e+00  2.6635e-02
 1.4515e+00  2.6356e-02
 1.4520e+00  2.6079e-02
 1.4525e+00  2.5802e-02
 1.4530e+00  2.5527e-02
 1.4535e+00  2.5254e-02
 1.4540e+00  2.4982e-02
 1.4545e+00  2.4711e-02
 1.4550e+00  2.4442e-02
 1.4555e+00  2.4174e-02
 1.4560e+00  2.3908e-02
 1.4565e+00  2.3643e-02
 1.4570e+00  2.3380e-02
 1.4575e+00  2.3119e-02
 1.4580e+00  2.2859e-02
 1.4585e+00  2.2600e-02
 1.4590e+00  2.2344e-02
 1.4595e+00  2.2088e-02
 1.4600e+00  2.1835e-02
 1.4605e+00  2.1583e-02
 1.4610e+00  2.1333e-02
 1.4615e+00  2.1084e-02
 1.4620e+00  2.0837e-02
 1.4625e+00  2.0592e-02
 1.4630e+00  2.0349e-02
 1.4635e+00  2.0107e-02
 1.4640e+00  1.9867e-02
 1.4645e+00  1.9629e-02
 1.4650e+00  1.9392e-02
 1.4655e+00  1.9157e-02
 1.4660e+00  1.8924e-02
 1.4665e+00  1.8693e-02
 1.4670e+00  1.8464e-02
 1.4675e+00  1.8236e-02
 1.4680e+00  1.8010e-02
 1.4685e+00  1.7786e-02
 1.4690e+00  1.7564e-02
 1.4695e+00  1.7344e-02
 1.4700e+00  1.7125e-02
 1.4705e+00  1.6909e-02
 1.4710e+00  1.6694e-02
 1.4715e+00  1.6481e-02
 1.4720e+00  1.6270e-02
 1.4725e+00  1.6061e-02
 1.4730e+00  1.5854e-02
 1.4735e+00  1.5648e-02
 1.4740e+00  1.5445e-02
 1.4745e+00  1.5243e-02
 1.4750e+00  1.5044e-02
 1.4755e+00  1.4846e-02
 1.4760e+00  1.4650e-02
 1.4765e+00  1.4456e-02
 1.4770e+00  1.4264e-02
 1.4775e+00  1.4074e-02
 1.4780e+00  1.3886e-02
 1.4785e+00  1.3699e-02
 1.4790e+00  1.3515e-02
 1.4795e+00  1.3332e-02
 1.4800e+00  1.3152e-02
 1.4805e+00  1.2973e-02
 1.4810e+00  1.2796e-02
 1.4815e+00  1.2622e-02
 1.4820e+00  1.2449e-02
 1.4825e+00  1.2278e-02
 1.4830e+00  1.2109e-02
 1.4835e+00  1.1942e-02
 1.4840e+00  1.1776e-02
 1.4845e+00  1.1613e-02
 1.4850e+00  1.1451e-02
 1.4855e+00  1.1292e-02
 1.4860e+00  1.1134e-02
 1.4865e+00  1.0979e-02
 1.4870e+00  1.0825e-02
 1.4875e+00  1.0673e-02
 1.4880e+00  1.0523e-02
 1.4885e+00  1.0375e-02
 1.4890e+00  1.0228e-02
 1.4895e+00  1.0084e-02
 1.4900e+00  9.9413e-03
 1.4905e+00  9.8005e-03
 1.4910e+00  9.6617e-03
 1.4915e+00  9.5246e-03
 1.4920e+00  9.3894e-03
 1.4925e+00  9.2561e-03
 1.4930e+00  9.1245e-03
 1.4935e+00  8.9948e-03
 1.4940e+00  8.8669e-03
 1.4945e+00  8.7408e-03
 1.4950e+00  8.6164e-03
 1.4955e+00  8.4939e-03
 1.4960e+00  8.3731e-03
 1.4965e+00  8.2541e-03
 1.4970e+00  8.1369e-03
 1.4975e+00  8.0214e-03
 1.4980e+00  7.9076e-03
 1.4985e+00  7.7956e-03
 1.4990e+00  7.6852e-03
 1.4995e+00  7.5766e-03
 1.5000e+00  7.4697e-03
 1.5005e+00  7.3645e-03
 1.5010e+00  7.2609e-03
 1.5015e+00  7.1590e-03
 1.5020e+00  7.0587e-03
 1.5025e+00  6.9601e-03
 1.5030e+00  6.8631e-03
 1.5035e+00  6.7678e-03
 1.5040e+00  6.6740e-03
 1.5045e+00  6.5818e-03
 1.5050e+00  6.4912e-03
 1.5055e+00  6.4021e-03
 1.5060e+00  6.3146e-03
 1.5065e+00  6.2287e-03
 1.5070e+00  6.1442e-03
 1.5075e+00  6.0613e-03
 1.5080e+00  5.9799e-03
 1.5085e+00  5.8999e-03
 1.5090e+00  5.8214e-03
 1.5095e+00  5.7444e-03
 1.5100e+00  5.6688e-03
 1.5105e+00  5.5947e-03
 1.5110e+00  5.5219e-03
 1.5115e+00  5.4506e-03
 1.5120e+00  5.3806e-03
 1.5125e+00  5.3120e-03
 1.5130e+00  5.2447e-03
 1.5135e+00  5.1788e-03
 1.5140e+00  5.1142e-03
 1.5145e+00  5.0509e-03
 1.5150e+00  4.9888e-03
 1.5155e+00  4.9281e-03
 1.5160e+00  4.8686e-03
 1.5165e+00  4.8104e-03
 1.5170e+00  4.7534e-03
 1.5175e+00  4.6976e-03
 1.5180e+00  4.6429e-03
 1.5185e+00  4.5895e-03
 1.5190e+00  4.5372e-03
 1.5195e+00  4.4861e-03
 1.5200e+00  4.4361e-03
 1.5205e+00  4.3872e-03
 1.5210e+00  4.3394e-03
 1.5215e+00  4.2927e-03
 1.5220e+00  4.2471e-03
 1.5225e+00  4.2025e-03
 1.5230e+00  4.1589e-03
 1.5235e+00  4.1164e-03
 1.5240e+00  4.0748e-03
 1.5245e+00  4.0343e-03
 1.5250e+00  3.9947e-03
 1.5255e+00  3.9560e-03
 1.5260e+00  3.9183e-03
 1.5265e+00  3.8815e-03
 1.5270e+00  3.8456e-03
 1.5275e+00  3.8106e-03
 1.5280e+00  3.7765e-03
 1.5285e+00  3.7432e-03
 1.5290e+00  3.7107e-03
 1.5295e+00  3.6791e-03
 1.5300e+00  3.6483e-03
 1.5305e+00  3.6182e-03
 1.5310e+00  3.5890e-03
 1.5315e+00  3.5605e-03
 1.5320e+00  3.5327e-03
 1.5325e+00  3.5057e-03
 1.5330e+00  3.4794e-03
 1.5335e+00  3.4537e-03
 1.5340e+00  3.4288e-03
 1.5345e+00  3.4046e-03
 1.5350e+00  3.3809e-03
 1.5355e+00  3.3580e-03
 1.5360e+00  3.3356e-03
 1.5365e+00  3.3139e-03
 1.5370e+00  3.2927e-03
 1.5375e+00  3.2722e-03
 1.5380e+00  3.2522e-03
 1.5385e+00  3.2327e-03
 1.5390e+00  3.2138e-03
 1.5395e+00  3.1955e-03
 1.5400e+00  3.1776e-03
 1.5405e+00  3.1603e-03
 1.5410e+00  3.1434e-03
 1.5415e+00  3.1271e-03
 1.5420e+00  3.1112e-03
 1.5425e+00  3.0957e-03
 1.5430e+00  3.0807e-03
 1.5435e+00  3.0662e-03
 1.5440e+00  3.0520e-03
 1.5445e+00  3.0383e-03
 1.5450e+00  3.0250e-03
 1.5455e+00  3.0120e-03
 1.5460e+00  2.9995e-03
 1.5465e+00  2.9873e-03
 1.5470e+00  2.9755e-03
 1.5475e+00  2.9641e-03
 1.5480e+00  2.9529e-03
 1.5485e+00  2.9422e-03
 1.5490e+00  2.9318e-03
 1.5495e+00  2.9217e-03
 1.5500e+00  2.9119e-03
 1.5505e+00  2.9024e-03
 1.5510e+00  2.8932e-03
 1.5515e+00  2.8844e-03
 1.5520e+00  2.8758e-03
 1.5525e+00  2.8675e-03
 1.5530e+00  2.8595e-03
 1.5535e+00  2.8517e-03
 1.5540e+00  2.8442e-03
 1.5545e+00  2.8370e-03
 1.5550e+00  2.8301e-03
 1.5555e+00  2.8233e-03
 1.5560e+00  2.8168e-03
 1.5565e+00  2.8106e-03
 1.5570e+00  2.8046e-03
 1.5575e+00  2.7988e-03
 1.5580e+00  2.7933e-03
 1.5585e+00  2.7880e-03
 1.5590e+00  2.7829e-03
 1.5595e+00  2.7780e-03
 1.5600e+00  2.7734e-03
 1.5605e+00  2.7690e-03
 1.5610e+00  2.7648e-03
 1.5615e+00  2.7609e-03
 1.5620e+00  2.7572e-03
 1.5625e+00  2.7537e-03
 1.5630e+00  2.7504e-03
 1.5635e+00  2.7474e-03
 1.5640e+00  2.7446e-03
 1.5645e+00  2.7420e-03
 1.5650e+00  2.7397e-03
 1.5655e+00  2.7376e-03
 1.5660e+00  2.7357e-03
 1.5665e+00  2.7341e-03
 1.5670e+00  2.7328e-03
 1.5675e+00  2.7317e-03
 1.5680e+00  2.7308e-03
 1.5685e+00  2.7303e-03
 1.5690e+00  2.7299e-03
 1.5695e+00  2.7299e-03
 1.5700e+00  2.7301e-03
 1.5705e+00  2.7306e-03
 1.5710e+00  2.7314e-03
 1.5715e+00  2.7325e-03
 1.5720e+00  2.7339e-03
 1.5725e+00  2.7356e-03
 1.5730e+00  2.7376e-03
 1.5735e+00  2.7400e-03
 1.5740e+00  2.7426e-03
 1.5745e+00  2.7456e-03
 1.5750e+00  2.7489e-03
 1.5755e+00  2.7526e-03
 1.5760e+00  2.7566e-03
 1.5765e+00  2.7610e-03
 1.5770e+00  2.7658e-03
 1.5775e+00  2.7709e-03
 1.5780e+00  2.7764e-03
 1.5785e+00  2.7823e-03
 1.5790e+00  2.7886e-03
 1.5795e+00  2.7953e-03
 1.5800e+00  2.8025e-03
 1.5805e+00  2.8100e-03
 1.5810e+00  2.8180e-03
 1.5815e+00  2.8265e-03
 1.5820e+00  2.8353e-03
 1.5825e+00  2.8447e-03
 1.5830e+00  2.8545e-03
 1.5835e+00  2.8648e-03
 1.5840e+00  2.8756e-03
 1.5845e+00  2.8869e-03
 1.5850e+00  2.8987e-03
 1.5855e+00  2.9110e-03
 1.5860e+00  2.9238e-03
 1.5865e+00  2.9372e-03
 1.5870e+00  2.9511e-03
 1.5875e+00  2.9656e-03
 1.5880e+00  2.9807e-03
 1.5885e+00  2.9963e-03
 1.5890e+00  3.0125e-03
 1.5895e+00  3.0293e-03
 1.5900e+00  3.0467e-03
 1.5905e+00  3.0646e-03
 1.5910e+00  3.0833e-03
 1.5915e+00  3.1025e-03
 1.5920e+00  3.1224e-03
 1.5925e+00  3.1430e-03
 1.5930e+00  3.1642e-03
 1.5935e+00  3.1861e-03
 1.5940e+00  3.2086e-03
 1.5945e+00  3.2319e-03
 1.5950e+00  3.2558e-03
 1.5955e+00  3.2805e-03
 1.5960e+00  3.3059e-03
 1.5965e+00  3.3320e-03
 1.5970e+00  3.3588e-03
 1.5975e+00  3.3864e-03
 1.5980e+00  3.4147e-03
 1.5985e+00  3.4438e-03
 1.5990e+00  3.4737e-03
 1.5995e+00  3.5043e-03
 1.6000e+00  3.5358e-03
 1.6005e+00  3.5680e-03
 1.6010e+00  3.6011e-03
 1.6015e+00  3.6350e-03
 1.6020e+00  3.6696e-03
 1.6025e+00  3.7052e-03
 1.6030e+00  3.7415e-03
 1.6035e+00  3.7788e-03
 1.6040e+00  3.8168e-03
 1.6045e+00  3.8558e-03
 1.6050e+00  3.8956e-03
 1.6055e+00  3.9363e-03
 1.6060e+00  3.9779e-03
 1.6065e+00  4.0204e-03
 1.6070e+00  4.0638e-03
 1.6075e+00  4.1081e-03
 1.6080e+00  4.1533e-03
 1.6085e+00  4.1995e-03
 1.6090e+00  4.2465e-03
 1.6095e+00  4.2946e-03
 1.6100e+00  4.3435e-03
 1.6105e+00  4.3935e-03
 1.6110e+00  4.4443e-03
 1.6115e+00  4.4962e-03
 1.6120e+00  4.5490e-03
 1.6125e+00  4.6028e-03
 1.6130e+00  4.6576e-03
 1.6135e+00  4.7134e-03
 1.6140e+00  4.7701e-03
 1.6145e+00  4.8279e-03
 1.6150e+00  4.8867e-03
 1.6155e+00  4.9465e-03
 1.6160e+00  5.0073e-03
 1.6165e+00  5.0691e-03
 1.6170e+00  5.1319e-03
 1.6175e+00  5.1958e-03
 1.6180e+00  5.2607e-03
 1.6185e+00  5.3266e-03
 1.6190e+00  5.3936e-03
 1.6195e+00  5.4615e-03
 1.6200e+00  5.5306e-03
 1.6205e+00  5.6007e-03
 1.6210e+00  5.6718e-03
 1.6215e+00  5.7440e-03
 1.6220e+00  5.8173e-03
 1.6225e+00  5.8916e-03
 1.6230e+00  5.9670e-03
 1.6235e+00  6.0434e-03
 1.6240e+00  6.1209e-03
 1.6245e+00  6.1994e-03
 1.6250e+00  6.2791e-03
 1.6255e+00  6.3597e-03
 1.6260e+00  6.4415e-03
 1.6265e+00  6.5243e-03
 1.6270e+00  6.6082e-03
 1.6275e+00  6.6931e-03
 1.6280e+00  6.7791e-03
 1.6285e+00  6.8662e-03
 1.6290e+00  6.9544e-03
 1.6295e+00  7.0436e-03
 1.6300e+00  7.1338e-03
 1.6305e+00  7.2252e-03
 1.6310e+00  7.3175e-03
 1.6315e+00  7.4110e-03
 1.6320e+00  7.5055e-03
 1.6325e+00  7.6010e-03
 1.6330e+00  7.6976e-03
 1.6335e+00  7.7953e-03
 1.6340e+00  7.8940e-03
 1.6345e+00  7.9937e-03
 1.6350e+00  8.0945e-03
 1.6355e+00  8.1963e-03
 1.6360e+00  8.2991e-03
 1.6365e+00  8.4030e-03
 1.6370e+00  8.5079e-03
 1.6375e+00  8.6137e-03
 1.6380e+00  8.7207e-03
 1.6385e+00  8.8285e-03
 1.6390e+00  8.9375e-03
 1.6395e+00  9.0474e-03
 1.6400e+00  9.1582e-03
 1.6405e+00  9.2701e-03
 1.6410e+00  9.3829e-03
 1.6415e+00  9.4968e-03
 1.6420e+00  9.6115e-03
 1.6425e+00  9.7272e-03
 1.6430e+00  9.8439e-03
 1.6435e+00  9.9615e-03
 1.6440e+00  1.0080e-02
 1.6445e+00  1.0200e-02
 1.6450e+00  1.0320e-02
 1.6455e+00  1.0441e-02
 1.6460e+00  1.0563e-02
 1.6465e+00  1.0686e-02
 1.6470e+00  1.0810e-02
 1.6475e+00  1.0935e-02
 1.6480e+00  1.1061e-02
 1.6485e+00  1.1187e-02
 1.6490e+00  1.1315e-02
 1.6495e+00  1.1443e-02
 1.6500e+00  1.1572e-02
 1.6505e+00  1.1701e-02
 1.6510e+00  1.1832e-02
 1.6515e+00  1.1963e-02
 1.6520e+00  1.2096e-02
 1.6525e+00  1.2228e-02
 1.6530e+00  1.2362e-02
 1.6535e+00  1.2497e-02
 1.6540e+00  1.2632e-02
 1.6545e+00  1.2768e-02
 1.6550e+00  1.2905e-02
 1.6555e+00  1.3042e-02
 1.6560e+00  1.3180e-02
 1.6565e+00  1.3319e-02
 1.6570e+00  1.3459e-02
 1.6575e+00  1.3600e-02
 1.6580e+00  1.3741e-02
 1.6585e+00  1.3883e-02
 1.6590e+00  1.4025e-02
 1.6595e+00  1.4169e-02
 1.6600e+00  1.4313e-02
 1.6605e+00  1.4457e-02
 1.6610e+00  1.4603e-02
 1.6615e+00  1.4749e-02
 1.6620e+00  1.4896e-02
 1.6625e+00  1.5043e-02
 1.6630e+00  1.5191e-02
 1.6635e+00  1.5340e-02
 1.6640e+00  1.5489e-02
 1.6645e+00  1.5639e-02
 1.6650e+00  1.5790e-02
 1.6655e+00  1.5941e-02
 1.6660e+00  1.6093e-02
 1.6665e+00  1.6246e-02
 1.6670e+00  1.6399e-02
 1.6675e+00  1.6553e-02
 1.6680e+00  1.6707e-02
 1.6685e+00  1.6862e-02
 1.6690e+00  1.7018e-02
 1.6695e+00  1.7174e-02
 1.6700e+00  1.7330e-02
 1.6705e+00  1.7488e-02
 1.6710e+00  1.7646e-02
 1.6715e+00  1.7804e-02
 1.6720e+00  1.7963e-02
 1.6725e+00  1.8122e-02
 1.6730e+00  1.8282e-02
 1.6735e+00  1.8443e-02
 1.6740e+00  1.8604e-02
 1.6745e+00  1.8765e-02
 1.6750e+00  1.8927e-02
 1.6755e+00  1.9090e-02
 1.6760e+00  1.9253e-02
 1.6765e+00  1.9416e-02
 1.6770e+00  1.9580e-02
 1.6775e+00  1.9745e-02
 1.6780e+00  1.9909e-02
 1.6785e+00  2.0075e-02
 1.6790e+00  2.0240e-02
 1.6795e+00  2.0407e-02
 1.6800e+00  2.0573e-02
 1.6805e+00  2.0740e-02
 1.6810e+00  2.0907e-02
 1.6815e+00  2.1075e-02
 1.6820e+00  2.1243e-02
 1.6825e+00  2.1412e-02
 1.6830e+00  2.1581e-02
 1.6835e+00  2.1750e-02
 1.6840e+00  2.1920e-02
 1.6845e+00  2.2090e-02
 1.6850e+00  2.2260e-02
 1.6855e+00  2.2431e-02
 1.6860e+00  2.2602e-02
 1.6865e+00  2.2773e-02
 1.6870e+00  2.2944e-02
 1.6875e+00  2.3116e-02
 1.6880e+00  2.3289e-02
 1.6885e+00  2.3461e-02
 1.6890e+00  2.3634e-02
 1.6895e+00  2.3807e-02
 1.6900e+00  2.3980e-02
 1.6905e+00  2.4153e-02
 1.6910e+00  2.4327e-02
 1.6915e+00  2.4501e-02
 1.6920e+00  2.4675e-02
 1.6925e+00  2.4849e-02
 1.6930e+00  2.5024e-02
 1.6935e+00  2.5198e-02
 1.6940e+00  2.5373e-02
 1.6945e+00  2.5548e-02
 1.6950e+00  2.5723e-02
 1.6955e+00  2.5899e-02
 1.6960e+00  2.6074e-02
 1.6965e+00  2.6250e-02
 1.6970e+00  2.6425e-02
 1.6975e+00  2.6601e-02
 1.6980e+00  2.6777e-02
 1.6985e+00  2.6953e-02
 1.6990e+00  2.7129e-02
 1.6995e+00  2.7305e-02
 1.7000e+00  2.7481e-02
 1.7005e+00  2.7657e-02
 1.7010e+00  2.7834e-02
 1.7015e+00  2.8010e-02
 1.7020e+00  2.8186e-02
 1.7025e+00  2.8363e-02
 1.7030e+00  2.8539e-02
 1.7035e+00  2.8715e-02
 1.7040e+00  2.8892e-02
 1.7045e+00  2.9068e-02
 1.7050e+00  2.9244e-02
 1.7055e+00  2.9420e-02
 1.7060e+00  2.9596e-02
 1.7065e+00  2.9772e-02
 1.7070e+00  2.9948e-02
 1.7075e+00  3.0124e-02
 1.7080e+00  3.0300e-02
 1.7085e+00  3.0475e-02
 1.7090e+00  3.0651e-02
 1.7095e+00  3.0826e-02
 1.7100e+00  3.1002e-02
 1.7105e+00  3.1177e-02
 1.7110e+00  3.1351e-02
 1.7115e+00  3.1526e-02
 1.7120e+00  3.1701e-02
 1.7125e+00  3.1875e-02
 1.7130e+00  3.2049e-02
 1.7135e+00  3.2223e-02
 1.7140e+00  3.2397e-02
 1.7145e+00  3.2570e-02
 1.7150e+00  3.2744e-02
 1.7155e+00  3.2917e-02
 1.7160e+00  3.3089e-02
 1.7165e+00  3.3262e-02
 1.7170e+00  3.3434e-02
 1.7175e+00  3.3605e-02
 1.7180e+00  3.3777e-02
 1.7185e+00  3.3948e-02
 1.7190e+00  3.4119e-02
 1.7195e+00  3.4289e-02
 1.7200e+00  3.4459e-02
 1.7205e+00  3.4629e-02
 1.7210e+00  3.4799e-02
 1.7215e+00  3.4967e-02
 1.7220e+00  3.5136e-02
 1.7225e+00  3.5304e-02
 1.7230e+00  3.5472e-02
 1.7235e+00  3.5639e-02
 1.7240e+00  3.5806e-02
 1.7245e+00  3.5972e-02
 1.7250e+00  3.6138e-02
 1.7255e+00  3.6304e-02
 1.7260e+00  3.6469e-02
 1.7265e+00  3.6633e-02
 1.7270e+00  3.6797e-02
 1.7275e+00  3.6961e-02
 1.7280e+00  3.7123e-02
 1.7285e+00  3.7286e-02
 1.7290e+00  3.7448e-02
 1.7295e+00  3.7609e-02
 1.7300e+00  3.7769e-02
 1.7305e+00  3.7929e-02
 1.7310e+00  3.8089e-02
 1.7315e+00  3.8248e-02
 1.7320e+00  3.8406e-02
 1.7325e+00  3.8563e-02
 1.7330e+00  3.8720e-02
 1.7335e+00  3.8877e-02
 1.7340e+00  3.9032e-02
 1.7345e+00  3.9187e-02
 1.7350e+00  3.9341e-02
 1.7355e+00  3.9495e-02
 1.7360e+00  3.9648e-02
 1.7365e+00  3.9800e-02
 1.7370e+00  3.9951e-02
 1.7375e+00  4.0102e-02
 1.7380e+00  4.0252e-02
 1.7385e+00  4.0401e-02
 1.7390e+00  4.0549e-02
 1.7395e+00  4.0697e-02
 1.7400e+00  4.0843e-02
 1.7405e+00  4.0989e-02
 1.7410e+00  4.1134e-02
 1.7415e+00  4.1279e-02
 1.7420e+00  4.1422e-02
 1.7425e+00  4.1564e-02
 1.7430e+00  4.1706e-02
 1.7435e+00  4.1847e-02
 1.7440e+00  4.1987e-02
 1.7445e+00  4.2126e-02
 1.7450e+00  4.2264e-02
 1.7455e+00  4.2401e-02
 1.7460e+00  4.2537e-02
 1.7465e+00  4.2673e-02
 1.7470e+00  4.2807e-02
 1.7475e+00  4.2941e-02
 1.7480e+00  4.3073e-02
 1.7485e+00  4.3204e-02
 1.7490e+00  4.3335e-02
 1.7495e+00  4.3464e-02
 1.7500e+00  4.3593e-02
 1.7505e+00  4.3720e-02
 1.7510e+00  4.3847e-02
 1.7515e+00  4.3972e-02
 1.7520e+00  4.4096e-02
 1.7525e+00  4.4219e-02
 1.7530e+00  4.4342e-02
 1.7535e+00  4.4463e-02
 1.7540e+00  4.4583e-02
 1.7545e+00  4.4702e-02
 1.7550e+00  4.4820e-02
 1.7555e+00  4.4937e-02
 1.7560e+00  4.5053e-02
 1.7565e+00  4.5168e-02
 1.7570e+00  4.5282e-02
 1.7575e+00  4.5394e-02
 1.7580e+00  4.5506e-02
 1.7585e+00  4.5617e-02
 1.7590e+00  4.5727e-02
 1.7595e+00  4.5835e-02
 1.7600e+00  4.5943e-02
 1.7605e+00  4.6049e-02
 1.7610e+00  4.6155e-02
 1.7615e+00  4.6259e-02
 1.7620e+00  4.6362e-02
 1.7625e+00  4.6465e-02
 1.7630e+00  4.6566e-02
 1.7635e+00  4.6666e-02
 1.7640e+00  4.6765e-02
 1.7645e+00  4.6863e-02
 1.7650e+00  4.6960e-02
 1.7655e+00  4.7056e-02
 1.7660e+00  4.7151e-02
 1.7665e+00  4.7245e-02
 1.7670e+00  4.7337e-02
 1.7675e+00  4.7429e-02
 1.7680e+00  4.7520e-02
 1.7685e+00  4.7609e-02
 1.7690e+00  4.7698e-02
 1.7695e+00  4.7785e-02
 1.7700e+00  4.7872e-02
 1.7705e+00  4.7957e-02
 1.7710e+00  4.8042e-02
 1.7715e+00  4.8125e-02
 1.7720e+00  4.8207e-02
 1.7725e+00  4.8288e-02
 1.7730e+00  4.8368e-02
 1.7735e+00  4.8447e-02
 1.7740e+00  4.8525e-02
 1.7745e+00  4.8602e-02
 1.7750e+00  4.8678e-02
 1.7755e+00  4.8753e-02
 1.7760e+00  4.8827e-02
 1.7765e+00  4.8900e-02
 1.7770e+00  4.8972e-02
 1.7775e+00  4.9042e-02
 1.7780e+00  4.9112e-02
 1.7785e+00  4.9181e-02
 1.7790e+00  4.9249e-02
 1.7795e+00  4.9315e-02
 1.7800e+00  4.9381e-02
 1.7805e+00  4.9445e-02
 1.7810e+00  4.9509e-02
 1.7815e+00  4.9571e-02
 1.7820e+00  4.9633e-02
 1.7825e+00  4.9693e-02
 1.7830e+00  4.9753e-02
 1.7835e+00  4.9811e-02
 1.7840e+00  4.9869e-02
 1.7845e+00  4.9925e-02
 1.7850e+00  4.9980e-02
 1.7855e+00  5.0035e-02
 1.7860e+00  5.0088e-02
 1.7865e+00  5.0140e-02
 1.7870e+00  5.0192e-02
 1.7875e+00  5.0242e-02
 1.7880e+00  5.0292e-02
 1.7885e+00  5.0340e-02
 1.7890e+00  5.0387e-02
 1.7895e+00  5.0434e-02
 1.7900e+00  5.0479e-02
 1.7905e+00  5.0524e-02
 1.7910e+00  5.0567e-02
 1.7915e+00  5.0610e-02
 1.7920e+00  5.0651e-02
 1.7925e+00  5.0692e-02
 1.7930e+00  5.0731e-02
 1.7935e+00  5.0770e-02
 1.7940e+00  5.0807e-02
 1.7945e+00  5.0844e-02
 1.7950e+00  5.0880e-02
 1.7955e+00  5.0914e-02
 1.7960e+00  5.0948e-02
 1.7965e+00  5.0981e-02
 1.7970e+00  5.1013e-02
 1.7975e+00  5.1044e-02
 1.7980e+00  5.1074e-02
 1.7985e+00  5.1103e-02
 1.7990e+00  5.1131e-02
 1.7995e+00  5.1158e-02
 1.8000e+00  5.1185e-02
 1.8005e+00  5.1210e-02
 1.8010e+00  5.1234e-02
 1.8015e+00  5.1258e-02
 1.8020e+00  5.1281e-02
 1.8025e+00  5.1302e-02
 1.8030e+00  5.1323e-02
 1.8035e+00  5.1343e-02
 1.8040e+00  5.1362e-02
 1.8045e+00  5.1380e-02
 1.8050e+00  5.1397e-02
 1.8055e+00  5.1414e-02
 1.8060e+00  5.1429e-02
 1.8065e+00  5.1444e-02
 1.8070e+00  5.1457e-02
 1.8075e+00  5.1470e-02
 1.8080e+00  5.1482e-02
 1.8085e+00  5.1493e-02
 1.8090e+00  5.1503e-02
 1.8095e+00  5.1512e-02
 1.8100e+00  5.1521e-02
 1.8105e+00  5.1528e-02
 1.8110e+00  5.1535e-02
 1.8115e+00  5.1541e-02
 1.8120e+00  5.1546e-02
 1.8125e+00  5.1550e-02
 1.8130e+00  5.1554e-02
 1.8135e+00  5.1556e-02
 1.8140e+00  5.1558e-02
 1.8145e+00  5.1559e-02
 1.8150e+00  5.1559e-02
 1.8155e+00  5.1559e-02
 1.8160e+00  5.1557e-02
 1.8165e+00  5.1555e-02
 1.8170e+00  5.1552e-02
 1.8175e+00  5.1548e-02
 1.8180e+00  5.1543e-02
 1.8185e+00  5.1538e-02
 1.8190e+00  5.1531e-02
 1.8195e+00  5.1524e-02
 1.8200e+00  5.1516e-02
 1.8205e+00  5.1508e-02
 1.8210e+00  5.1499e-02
 1.8215e+00  5.1488e-02
 1.8220e+00  5.1478e-02
 1.8225e+00  5.1466e-02
 1.8230e+00  5.1454e-02
 1.8235e+00  5.1440e-02
 1.8240e+00  5.1427e-02
 1.8245e+00  5.1412e-02
 1.8250e+00  5.1397e-02
 1.8255e+00  5.1381e-02
 1.8260e+00  5.1364e-02
 1.8265e+00  5.1346e-02
 1.8270e+00  5.1328e-02
 1.8275e+00  5.1309e-02
 1.8280e+00  5.1290e-02
 1.8285e+00  5.1269e-02
 1.8290e+00  5.1248e-02
 1.8295e+00  5.1226e-02
 1.8300e+00  5.1204e-02
 1.8305e+00  5.1181e-02
 1.8310e+00  5.1157e-02
 1.8315e+00  5.1133e-02
 1.8320e+00  5.1108e-02
 1.8325e+00  5.1082e-02
 1.8330e+00  5.1055e-02
 1.8335e+00  5.1028e-02
 1.8340e+00  5.1001e-02
 1.8345e+00  5.0972e-02
 1.8350e+00  5.0943e-02
 1.8355e+00  5.0914e-02
 1.8360e+00  5.0883e-02
 1.8365e+00  5.0853e-02
 1.8370e+00  5.0821e-02
 1.8375e+00  5.0789e-02
 1.8380e+00  5.0756e-02
 1.8385e+00  5.0723e-02
 1.8390e+00  5.0689e-02
 1.8395e+00  5.0654e-02
 1.8400e+00  5.0619e-02
 1.8405e+00  5.0583e-02
 1.8410e+00  5.0547e-02
 1.8415e+00  5.0510e-02
 1.8420e+00  5.0472e-02
 1.8425e+00  5.0434e-02
 1.8430e+00  5.0396e-02
 1.8435e+00  5.0356e-02
 1.8440e+00  5.0317e-02
 1.8445e+00  5.0276e-02
 1.8450e+00  5.0236e-02
 1.8455e+00  5.0194e-02
 1.8460e+00  5.0152e-02
 1.8465e+00  5.0110e-02
 1.8470e+00  5.0067e-02
 1.8475e+00  5.0023e-02
 1.8480e+00  4.9979e-02
 1.8485e+00  4.9935e-02
 1.8490e+00  4.9890e-02
 1.8495e+00  4.9844e-02
 1.8500e+00  4.9798e-02
 1.8505e+00  4.9751e-02
 1.8510e+00  4.9704e-02
 1.8515e+00  4.9657e-02
 1.8520e+00  4.9609e-02
 1.8525e+00  4.9560e-02
 1.8530e+00  4.9511e-02
 1.8535e+00  4.9462e-02
 1.8540e+00  4.9412e-02
 1.8545e+00  4.9361e-02
 1.8550e+00  4.9311e-02
 1.8555e+00  4.9259e-02
 1.8560e+00  4.9207e-02
 1.8565e+00  4.9155e-02
 1.8570e+00  4.9102e-02
 1.8575e+00  4.9049e-02
 1.8580e+00  4.8995e-02
 1.8585e+00  4.8941e-02
 1.8590e+00  4.8886e-02
 1.8595e+00  4.8831e-02
 1.8600e+00  4.8775e-02
 1.8605e+00  4.8719e-02
 1.8610e+00  4.8662e-02
 1.8615e+00  4.8605e-02
 1.8620e+00  4.8548e-02
 1.8625e+00  4.8490e-02
 1.8630e+00  4.8431e-02
 1.8635e+00  4.8372e-02
 1.8640e+00  4.8313e-02
 1.8645e+00  4.8253e-02
 1.8650e+00  4.8193e-02
 1.8655e+00  4.8132e-02
 1.8660e+00  4.8071e-02
 1.8665e+00  4.8009e-02
 1.8670e+00  4.7947e-02
 1.8675e+00  4.7885e-02
 1.8680e+00  4.7822e-02
 1.8685e+00  4.7759e-02
 1.8690e+00  4.7695e-02
 1.8695e+00  4.7630e-02
 1.8700e+00  4.7566e-02
 1.8705e+00  4.7501e-02
 1.8710e+00  4.7435e-02
 1.8715e+00  4.7369e-02
 1.8720e+00  4.7303e-02
 1.8725e+00  4.7236e-02
 1.8730e+00  4.7169e-02
 1.8735e+00  4.7101e-02
 1.8740e+00  4.7033e-02
 1.8745e+00  4.6964e-02
 1.8750e+00  4.6895e-02
 1.8755e+00  4.6826e-02
 1.8760e+00  4.6756e-02
 1.8765e+00  4.6686e-02
 1.8770e+00  4.6615e-02
 1.8775e+00  4.6544e-02
 1.8780e+00  4.6473e-02
 1.8785e+00  4.6401e-02
 1.8790e+00  4.6329e-02
 1.8795e+00  4.6256e-02
 1.8800e+00  4.6183e-02
 1.8805e+00  4.6109e-02
 1.8810e+00  4.6036e-02
 1.8815e+00  4.5961e-02
 1.8820e+00  4.5887e-02
 1.8825e+00  4.5811e-02
 1.8830e+00  4.5736e-02
 1.8835e+00  4.5660e-02
 1.8840e+00  4.5584e-02
 1.8845e+00  4.5507e-02
 1.8850e+00  4.5430e-02
 1.8855e+00  4.5353e-02
 1.8860e+00  4.5275e-02
 1.8865e+00  4.5197e-02
 1.8870e+00  4.5119e-02
 1.8875e+00  4.5040e-02
 1.8880e+00  4.4960e-02
 1.8885e+00  4.4881e-02
 1.8890e+00  4.4801e-02
 1.8895e+00  4.4721e-02
 1.8900e+00  4.4640e-02
 1.8905e+00  4.4559e-02
 1.8910e+00  4.4477e-02
 1.8915e+00  4.4395e-02
 1.8920e+00  4.4313e-02
 1.8925e+00  4.4231e-02
 1.8930e+00  4.4148e-02
 1.8935e+00  4.4064e-02
 1.8940e+00  4.3981e-02
 1.8945e+00  4.3897e-02
 1.8950e+00  4.3813e-02
 1.8955e+00  4.3728e-02
 1.8960e+00  4.3643e-02
 1.8965e+00  4.3558e-02
 1.8970e+00  4.3472e-02
 1.8975e+00  4.3386e-02
 1.8980e+00  4.3299e-02
 1.8985e+00  4.3213e-02
 1.8990e+00  4.3126e-02
 1.8995e+00  4.3038e-02
 1.9000e+00  4.2951e-02
 1.9005e+00  4.2863e-02
 1.9010e+00  4.2774e-02
 1.9015e+00  4.2686e-02
 1.9020e+00  4.2597e-02
 1.9025e+00  4.2507e-02
 1.9030e+00  4.2418e-02
 1.9035e+00  4.2328e-02
 1.9040e+00  4.2238e-02
 1.9045e+00  4.2147e-02
 1.9050e+00  4.2056e-02
 1.9055e+00  4.1965e-02
 1.9060e+00  4.1873e-02
 1.9065e+00  4.1782e-02
 1.9070e+00  4.1690e-02
 1.9075e+00  4.1597e-02
 1.9080e+00  4.1504e-02
 1.9085e+00  4.1411e-02
 1.9090e+00  4.1318e-02
 1.9095e+00  4.1225e-02
 1.9100e+00  4.1131e-02
 1.9105e+00  4.1037e-02
 1.9110e+00  4.0942e-02
 1.9115e+00  4.0847e-02
 1.9120e+00  4.0752e-02
 1.9125e+00  4.0657e-02
 1.9130e+00  4.0562e-02
 1.9135e+00  4.0466e-02
 1.9140e+00  4.0369e-02
 1.9145e+00  4.0273e-02
 1.9150e+00  4.0176e-02
 1.9155e+00  4.0079e-02
 1.9160e+00  3.9982e-02
 1.9165e+00  3.9885e-02
 1.9170e+00  3.9787e-02
 1.9175e+00  3.9689e-02
 1.9180e+00  3.9591e-02
 1.9185e+00  3.9492e-02
 1.9190e+00  3.9394e-02
 1.9195e+00  3.9295e-02
 1.9200e+00  3.9195e-02
 1.9205e+00  3.9096e-02
 1.9210e+00  3.8996e-02
 1.9215e+00  3.8896e-02
 1.9220e+00  3.8796e-02
 1.9225e+00  3.8695e-02
 1.9230e+00  3.8595e-02
 1.9235e+00  3.8494e-02
 1.9240e+00  3.8393e-02
 1.9245e+00  3.8291e-02
 1.9250e+00  3.8189e-02
 1.9255e+00  3.8088e-02
 1.9260e+00  3.7985e-02
 1.9265e+00  3.7883e-02
 1.9270e+00  3.7781e-02
 1.9275e+00  3.7678e-02
 1.9280e+00  3.7575e-02
 1.9285e+00  3.7471e-02
 1.9290e+00  3.7368e-02
 1.9295e+00  3.7264e-02
 1.9300e+00  3.7161e-02
 1.9305e+00  3.7057e-02
 1.9310e+00  3.6952e-02
 1.9315e+00  3.6848e-02
 1.9320e+00  3.6743e-02
 1.9325e+00  3.6638e-02
 1.9330e+00  3.6533e-02
 1.9335e+00  3.6428e-02
 1.9340e+00  3.6323e-02
 1.9345e+00  3.6217e-02
 1.9350e+00  3.6111e-02
 1.9355e+00  3.6005e-02
 1.9360e+00  3.5899e-02
 1.9365e+00  3.5793e-02
 1.9370e+00  3.5686e-02
 1.9375e+00  3.5579e-02
 1.9380e+00  3.5472e-02
 1.9385e+00  3.5365e-02
 1.9390e+00  3.5258e-02
 1.9395e+00  3.5151e-02
 1.9400e+00  3.5043e-02
 1.9405e+00  3.4935e-02
 1.9410e+00  3.4827e-02
 1.9415e+00  3.4719e-02
 1.9420e+00  3.4611e-02
 1.9425e+00  3.4503e-02
 1.9430e+00  3.4394e-02
 1.9435e+00  3.4285e-02
 1.9440e+00  3.4177e-02
 1.9445e+00  3.4068e-02
 1.9450e+00  3.3959e-02
 1.9455e+00  3.3849e-02
 1.9460e+00  3.3740e-02
 1.9465e+00  3.3630e-02
 1.9470e+00  3.3521e-02
 1.9475e+00  3.3411e-02
 1.9480e+00  3.3301e-02
 1.9485e+00  3.3191e-02
 1.9490e+00  3.3080e-02
 1.9495e+00  3.2970e-02
 1.9500e+00  3.2860e-02
 1.9505e+00  3.2749e-02
 1.9510e+00  3.2638e-02
 1.9515e+00  3.2528e-02
 1.9520e+00  3.2417e-02
 1.9525e+00  3.2306e-02
 1.9530e+00  3.2195e-02
 1.9535e+00  3.2084e-02
 1.9540e+00  3.1973e-02
 1.9545e+00  3.1862e-02
 1.9550e+00  3.1752e-02
 1.9555e+00  3.1641e-02
 1.9560e+00  3.1531e-02
 1.9565e+00  3.1420e-02
 1.9570e+00  3.1310e-02
 1.9575e+00  3.1200e-02
 1.9580e+00  3.1090e-02
 1.9585e+00  3.0980e-02
 1.9590e+00  3.0871e-02
 1.9595e+00  3.0762e-02
 1.9600e+00  3.0653e-02
 1.9605e+00  3.0544e-02
 1.9610e+00  3.0436e-02
 1.9615e+00  3.0328e-02
 1.9620e+00  3.0220e-02
 1.9625e+00  3.0113e-02
 1.9630e+00  3.0006e-02
 1.9635e+00  2.9899e-02
 1.9640e+00  2.9793e-02
 1.9645e+00  2.9687e-02
 1.9650e+00  2.9582e-02
 1.9655e+00  2.9478e-02
 1.9660e+00  2.9373e-02
 1.9665e+00  2.9269e-02
 1.9670e+00  2.9166e-02
 1.9675e+00  2.9064e-02
 1.9680e+00  2.8962e-02
 1.9685e+00  2.8860e-02
 1.9690e+00  2.8759e-02
 1.9695e+00  2.8659e-02
 1.9700e+00  2.8559e-02
 1.9705e+00  2.8460e-02
 1.9710e+00  2.8362e-02
 1.9715e+00  2.8264e-02
 1.9720e+00  2.8167e-02
 1.9725e+00  2.8071e-02
 1.9730e+00  2.7975e-02
 1.9735e+00  2.7880e-02
 1.9740e+00  2.7786e-02
 1.9745e+00  2.7693e-02
 1.9750e+00  2.7600e-02
 1.9755e+00  2.7509e-02
 1.9760e+00  2.7418e-02
 1.9765e+00  2.7328e-02
 1.9770e+00  2.7238e-02
 1.9775e+00  2.7150e-02
 1.9780e+00  2.7063e-02
 1.9785e+00  2.6976e-02
 1.9790e+00  2.6890e-02
 1.9795e+00  2.6806e-02
 1.9800e+00  2.6722e-02
 1.9805e+00  2.6639e-02
 1.9810e+00  2.6557e-02
 1.9815e+00  2.6476e-02
 1.9820e+00  2.6396e-02
 1.9825e+00  2.6317e-02
 1.9830e+00  2.6239e-02
 1.9835e+00  2.6163e-02
 1.9840e+00  2.6087e-02
 1.9845e+00  2.6012e-02
 1.9850e+00  2.5938e-02
 1.9855e+00  2.5866e-02
 1.9860e+00  2.5794e-02
 1.9865e+00  2.5724e-02
 1.9870e+00  2.5655e-02
 1.9875e+00  2.5587e-02
 1.9880e+00  2.5520e-02
 1.9885e+00  2.5454e-02
 1.9890e+00  2.5390e-02
 1.9895e+00  2.5326e-02
 1.9900e+00  2.5264e-02
 1.9905e+00  2.5204e-02
 1.9910e+00  2.5144e-02
 1.9915e+00  2.5086e-02
 1.9920e+00  2.5028e-02
 1.9925e+00  2.4973e-02
 1.9930e+00  2.4918e-02
 1.9935e+00  2.4865e-02
 1.9940e+00  2.4813e-02
 1.9945e+00  2.4762e-02
 1.9950e+00  2.4713e-02
 1.9955e+00  2.4665e-02
 1.9960e+00  2.4619e-02
 1.9965e+00  2.4574e-02
 1.9970e+00  2.4530e-02
 1.9975e+00  2.4488e-02
 1.9980e+00  2.4447e-02
 1.9985e+00  2.4408e-02
 1.9990e+00  2.4370e-02
 1.9995e+00  2.4334e-02
 2.0000e+00  2.4299e-02
