0.	0.24620058194406652
0.0001	0.24620102890099177
0.001	0.2462050555490559
0.01	0.24624572179987117
0.02	0.2462917599941453
0.04	0.24638653769077035
0.06	0.24648492769099312
0.08	0.24658694276926973
0.1	0.24669259582114386
0.12000000000000001	0.24680189986677886
0.13999999999999999	0.24691486805433738
0.16	0.24703151366321197
0.18	0.24715185010710639
0.19999999999999998	0.24727589093696817
0.22	0.24740364984377072
0.24	0.24753514066114807
0.26	0.24767037736787922
0.28	0.24780937409022102
0.30000000000000004	0.2479521451040919
0.32	0.24809870483709945
0.34	0.24824906787041645
0.36000000000000004	0.248403248940497
0.38	0.24856126294063757
0.4	0.24872312492237067
0.42000000000000004	0.24888885009670111
0.44	0.2490584538351675
0.46	0.24923195167073547
0.48000000000000004	0.24940935929851563
0.5	0.2495906925762968
0.52	0.24977596752490094
0.54	0.24996520032834196
0.56	0.25015840733379086
0.5800000000000001	0.250355605051338
0.6	0.2505568101535482
0.62	0.2507620394747977
0.64	0.25097131001039047
0.66	0.25118463891544107
0.68	0.2514020435035182
0.7000000000000001	0.2516235412450408
0.7200000000000001	0.2518491497654133
0.74	0.25207888684289376
0.76	0.25231277040618194
0.78	0.25255081853171435
0.8	0.2527930494406576
0.8200000000000001	0.2530394814955841
0.8400000000000001	0.2532901331968181
0.86	0.25354502317843525
0.88	0.253804170203905
0.9	0.25406759316135136
0.92	0.25433531105842655
0.9400000000000001	0.25460734301676546
0.9600000000000001	0.2548837082660172
0.98	0.25516442613741813
1.	0.25544951605689703
1.02	0.25573899753768414
1.04	0.25603289017240133
1.06	0.256331213624609
1.08	0.2566339876197823
1.1	0.2569412319356914
1.12	0.2572529663921518
1.1400000000000001	0.2575692108401191
1.1600000000000001	0.2578899851500919
1.18	0.2582153091997894
1.2	0.2585452028610683
1.22	0.2588796859860405
1.24	0.2592187783923483
1.26	0.2595624998475612
1.28	0.25991087005264185
1.3	0.26026390862443827
1.32	0.2606216350771531
1.34	0.26098406880273317
1.36	0.26135122905012775
1.3800000000000001	0.26172313490335536
1.4000000000000001	0.26209980525831594
1.4200000000000002	0.2624812587982857
1.44	0.26286751396802527
1.46	0.2632585889464242
1.48	0.26365450161761134
1.5	0.2640552695404468
1.52	0.26446090991630766
1.54	0.2648714395550815
1.56	0.26528687483926844
1.58	0.2657072316860919
1.6	0.266132525507513
1.62	0.2665627711680303
1.6400000000000001	0.2669979829401528
1.6600000000000001	0.2674381744574135
1.6800000000000002	0.26788335866479435
1.7	0.2683335477664173
1.72	0.26878875317035716
1.74	0.26924898543041037
1.76	0.2697142541846612
1.78	0.27018456809065944
1.8	0.27065993475702715
1.82	0.27114036067129255
1.84	0.2716258511237412
1.86	0.2721164101270605
1.8800000000000001	0.27261204033153924
1.9000000000000001	0.2731127429355726
1.9200000000000002	0.27361851759120426
1.94	0.2741293623044222
1.96	0.2746452733299101
1.98	0.27516624505993204
2.	0.27569226990701323
2.02	0.2762233381800588
2.04	0.27675943795352353
2.06	0.2773005549292323
2.08	0.2778466722904136
2.1	0.27839777054748893
2.12	0.27895382737513197
2.14	0.279514817440071
2.16	0.2800807122190866
2.18	0.2806514798066136
2.2	0.28122708471131697
2.22	0.28180748764097624
2.24	0.28239264527496055
2.2600000000000002	0.28298251002353897
2.2800000000000002	0.2835770297732109
2.3000000000000003	0.28417614761719395
2.3200000000000003	0.28477980157014343
2.34	0.2853879242661166
2.36	0.28600044263873253
2.38	0.2866172775823944
2.4	0.28723834359337935
2.42	0.2878635483894994
2.44	0.288492792506966
2.46	0.2891259688729776
2.48	0.28976296235245547
2.5	0.29040364926723833
2.52	0.29104789688592503
2.54	0.29169556288242127
2.56	0.2923464947611132
2.58	0.2930005292464291
2.6	0.293657491634397
2.62	0.29431719510361865
2.64	0.29497943998289483
2.66	0.2956440129725286
2.68	0.29631068631611146
2.7	0.2969792169193421
2.72	0.2976493454121856
2.74	0.2983207951503772
2.7600000000000002	0.29899327115197016
2.7800000000000002	0.2996664589643001
2.8000000000000003	0.30034002345635946
2.8200000000000003	0.30101360753119305
2.84	0.3016868307524828
2.86	0.302359287879033
2.88	0.3030305473003466
2.9	0.3037001493659332
2.92	0.3043676046003847
2.94	0.3050323917955886
2.96	0.3056939559707332
2.98	0.3063517061899692
3.	0.30700501322672674
3.02	0.3076532070627608
3.04	0.30829557420894305
3.06	0.3089313548337157
3.08	0.3095597396838652
3.1	0.3101798667809291
3.12	0.31079081787505436
3.14	0.3113916146364877
3.16	0.3119812145630844
3.18	0.31255850658023265
3.2	0.31312230630741905
3.22	0.3136713509632465
3.24	0.31420429387807275
3.2600000000000002	0.3147196985805002
3.2800000000000002	0.3152160324207109
3.3000000000000003	0.3156916596900705
3.3200000000000003	0.316144834192439
3.3400000000000003	0.3165736912182502
3.36	0.31697623886753246
3.38	0.3173503486626368
3.4	0.3176937453854126
3.42	0.31800399606687413
3.44	0.31827849804994424
3.46	0.31851446603753303
3.48	0.318708918028921
3.5	0.31885866003704244
3.52	0.318960269467631
3.54	0.31901007702818945
3.56	0.31900414702013863
3.58	0.3189382558511151
3.6	0.3188078685859448
3.62	0.31860811333407824
3.64	0.31833375324787405
3.66	0.3179791558796989
3.68	0.31753825961597837
3.7	0.31700453687250774
3.72	0.3163709536970436
3.74	0.3156299253816724
3.7600000000000002	0.31477326763800045
3.7800000000000002	0.3137921428318536
3.8000000000000003	0.31267700070991433
3.8200000000000003	0.31141751297727915
3.8400000000000003	0.31000250100086246
3.86	0.30841985581718123
3.88	0.30665644951235904
3.9	0.30469803691475644
3.92	0.30252914639374506
3.94	0.3001329583884277
3.96	0.2974911700936282
3.98	0.2945838445025811
4.	0.29138924174077785
4.02	0.28788363031672276
4.04	0.2840410755548014
4.06	0.279833202053432
4.08	0.275228926516348
4.1	0.2701941567221321
4.119999999999999	0.2646914517096441
4.14	0.2586796374437417
4.159999999999999	0.25211337126083766
4.18	0.2449426472456971
4.199999999999999	0.23711223332029405
4.22	0.2285610291839831
4.239999999999999	0.21922133227136575
4.26	0.2090179965143222
4.279999999999999	0.1978674658127969
4.3	0.18567666061458654
4.319999999999999	0.17234169172451555
4.34	0.15774637021139498
4.359999999999999	0.1417604758033224
4.38	0.12423773812703841
4.3999999999999995	0.11679857614989807
4.42	0.11529127965609043
4.4399999999999995	0.11364932509863944
4.46	0.11185909103583963
4.4799999999999995	0.10990494668897442
4.5	0.10776881255217956
4.52	0.10542958521230432
4.54	0.10286237003808374
4.56	0.10003743511734182
4.58	0.09691874890485931
4.6	0.09346187486392245
4.62	0.08961083251809741
4.64	0.08529321550525966
4.659999999999999	0.0804121921998444
4.68	0.07483250145941232
4.699999999999999	0.06835370561233056
4.72	0.06065255957266746
4.739999999999999	0.05113423189501609
4.76	0.03840682883418984
4.779999999999999	0.015949354288972418
4.8	0