#f_F = 1 TeV
1.00610149e-2  1.16476049e-1
1.05447920e-2  1.10551724e-1
1.11746058e-2  1.04925596e-1
1.19406185e-2  9.75306774e-2
1.27944582e-2  8.97169684e-2
1.38616815e-2  8.16717333e-2
1.50177906e-2  7.75107215e-2
1.65423057e-2  7.12955998e-2
1.80213408e-2  6.62673863e-2
1.99608930e-2  5.84657447e-2
2.19873003e-2  5.26691151e-2
2.36899435e-2  4.94685639e-2
2.58795379e-2  4.50315364e-2
2.81935341e-2  4.09927890e-2
3.05451028e-2  3.81022886e-2
3.32763409e-2  3.43256333e-2
3.77853859e-2  3.02824522e-2
4.04869490e-2  2.90413776e-2
4.45971382e-2  2.61620487e-2
4.92605658e-2  2.33238285e-2
5.29289152e-2  2.16796943e-2
5.97698693e-2  1.91263508e-2
6.54749632e-2  1.72303117e-2
7.13293496e-2  1.56849752e-2
7.72787941e-2  1.45789898e-2
8.37252200e-2  1.29980500e-2
9.04575852e-2  1.25955710e-2
9.93656933e-2  1.14656543e-2
1.09151789e-1  1.01160323e-2
1.20233025e-1  9.01865008e-3
1.30260848e-1  8.55916786e-3
1.44279889e-1  7.63055968e-3
1.58488680e-1  6.87407347e-3
1.73136177e-1  6.45611488e-3
1.91239802e-1  5.87686550e-3
2.05479720e-1  5.63597015e-3
2.10899093e-1  2.37824385e-5
2.15189506e-1  5.59602372e-7
2.22459501e-1  3.80611620e-7
2.29970989e-1  2.81365075e-7
2.40373884e-1  2.21403565e-7
2.54034484e-1  1.87390906e-7
2.68472025e-1  1.56960078e-7
2.85300442e-1  1.34236257e-7
3.05702150e-1  1.22202468e-7
3.26663704e-1  1.04509104e-7
3.47135041e-1  9.51423750e-8
3.75054129e-1  8.57138900e-8
4.13131974e-1  7.48404040e-8
4.43898193e-1  6.88440216e-8
4.83590043e-1  6.20202809e-8
5.15318088e-1  5.58762364e-8
5.41590582e-1  5.30338058e-8
5.69203801e-1  4.98144381e-8
6.06543482e-1  4.67887537e-8
6.55323124e-1  4.30392908e-8
7.04125482e-1  3.95908855e-8
7.69207529e-1  3.56664161e-8
8.28782369e-1  3.17992387e-8
8.75876714e-1  2.77683607e-8
9.12999109e-1  1.90838602e-8
9.30909845e-1  1.23216507e-8
9.51777945e-1  8.73729853e-9
1.01421216e+0  8.29252180e-9
1.06006702e+0  7.24157616e-9
1.08980709e+0  5.75824540e-9
1.11731387e+0  4.16909338e-9
1.13919449e+0  3.14696839e-9
1.15830264e+0  2.35084054e-9
1.18099125e+0  1.73791094e-9
1.21413470e+0  1.32553671e-9
1.24820271e+0  1.03229165e-9
1.29034041e+0  7.87336126e-10
1.34129530e+0  5.88118783e-10
1.39424678e+0  4.62792115e-10
1.46942195e+0  3.87641162e-10
1.55723560e+0  3.17995468e-10
1.66856295e+0  3.14642020e-10
1.74872421e+0  3.60216264e-10
1.81758924e+0  4.38994288e-10
1.87358180e+0  5.29469485e-10
1.99647954e+0  5.07777659e-10
2.10989823e+0  4.72004724e-10
2.26077106e+0  4.34189877e-10
2.45610090e+0  4.12065695e-10
2.63167669e+0  4.16302159e-10
2.76571762e+0  4.91724262e-10
2.81210807e+0  3.67326642e-10
2.86744780e+0  1.79031123e-10
2.95619906e+0  1.12033686e-10
3.06444862e+0  8.54482450e-11
3.22084218e+0  6.44938441e-11
3.41333717e+0  5.18158820e-11
3.53821526e+0  4.57237985e-11
3.63757721e+0  3.20863929e-11
3.74997193e+0  2.55137752e-11
3.94125401e+0  2.15945971e-11
4.17677668e+0  1.79002607e-11
4.40196093e+0  1.53091016e-11
4.69080238e+0  1.33682175e-11
5.08214423e+0  1.14322431e-11
5.52137569e+0  9.67526683e-12
5.94897757e+0  8.80778316e-12
6.37442912e+0  7.77154094e-12
6.92531712e+0  6.71560358e-12
7.58636256e+0  5.98718754e-12
8.21903457e+0  5.86249502e-12
8.63914886e+0  3.10533601e-12
9.25744855e+0  2.17890649e-12
9.81063603e+0  1.82505539e-12