0.02	0.04333331769529416
0.025	0.05416665866239616
0.03	0.06499999536865461
0.035	0.07583333041708776
0.04	0.08666666471313463
0.045	0.09749999862803202
0.05	0.10833333233319997
0.05500000000000001	0.11916666591526907
0.06	0.12999999942124268
0.065	0.1408333328781313
0.07	0.15166666630221037
0.075	0.16249999970368612
0.08	0.17333333308917998
0.085	0.18416666646311566
0.09000000000000001	0.1949999998285252
0.095	0.2058333331875341
0.1	0.21666666654166253
0.10500000000000001	0.22749999989201702
0.11	0.23833333323941638
0.115	0.2491666665844751
0.12000000000000001	0.2599999999276604
0.125	0.27083333326933196
0.13	0.2816666666097698
0.135	0.2924999999491938
0.13999999999999999	0.3033333332877786
0.145	0.3141666669143506
0.15	0.3250000021719333
0.155	0.33583334044930374
0.16	0.34666668292801833
0.16499999999999998	0.3575000306320047
0.16999999999999998	0.36833338446556346
0.175	0.37916674524277444
0.18	0.3900001137104761
0.185	0.400833490566406
0.19	0.41166687647367545
0.195	0.4225002720724545
0.19999999999999998	0.433333677989522
0.205	0.4441670948461804
0.21	0.4550005232649162
0.215	0.6700949907507077
0.22	0.7630134156880255
0.225	0.8353825307917889
0.22999999999999998	0.8970640377888588
0.235	0.9519341566966105
0.24	1.0020062533992475
0.245	1.0484890482238418
0.25	1.092176605967614
0.255	1.1336237321526919
0.26	1.1732358021678275
0.265	1.2113192260603343
0.27	1.2481118409003416
0.275	1.2838022359579515
0.28	1.3185425882746868
0.28500000000000003	1.3524574982665365
0.29000000000000004	1.3856502560780841
0.29500000000000004	1.4182073994198208
0.30000000000000004	1.4502021011662078
0.30500000000000005	1.481696734704091
0.31	1.5127448485723036
0.315	1.5433927083821202
0.32	1.5736805162437955
0.325	1.6036433861337989
0.33	1.6333121320093829
0.335	1.6627139104708022
0.34	1.691872749173126
0.34500000000000003	1.7208099845830735
0.35000000000000003	1.7495446271365909
0.35500000000000004	1.7780936677640555
0.36000000000000004	1.806472336694887
0.36500000000000005	1.8346943231446602
0.37000000000000005	1.8627719627250192
0.375	1.8907163980576214
0.38	1.9185377170162201
0.385	1.9462450721918034
0.39	1.9738467845203485
0.395	2.0013504334909475
0.4	2.0287629359338326
0.405	2.0560906150505014
0.41000000000000003	2.083339261074393
0.41500000000000004	2.1105141847272146
0.42000000000000004	2.1376202644711357
0.42500000000000004	2.1646619882962788
0.43000000000000005	2.1916434924458614
0.43500000000000005	2.2185685899297165
0.44	2.2454408144728313
0.445	2.272263415666617
0.45	2.2990394409251422
0.455	2.3257716609521126
0.46	2.352462738319025
0.465	2.3791150250807385
0.47000000000000003	2.4057308810404985
0.47500000000000003	2.432312288826858
0.48000000000000004	2.458861404175834
0.48500000000000004	2.485379849017922
0.49000000000000005	2.51186963288841
0.49500000000000005	2.5383320477397313
0.5	2.5647690325666197
0.505	2.591181547334451
0.51	2.617571647342164
0.515	2.643939835521492
0.52	2.670288281274157
0.525	2.6966170851201836
0.53	2.722928834788952
0.535	2.7492229692437906
0.54	2.7755018872403556
0.545	2.801765012962016
0.55	2.828016210038864
0.555	2.8542532694534954
0.56	2.8804817480556753
0.5650000000000001	2.906697608158484
0.5700000000000001	2.932905216293381
0.5750000000000001	2.9591016215418424
0.5800000000000001	2.9852953541814244
0.5850000000000001	3.011479228749589
0.5900000000000001	3.0376635227759903
0.5950000000000001	3.0638392686914213
0.6	3.090020414879053
0.605	3.1161943304474944
0.61	3.1423859939673733
0.615	3.168571805546949
0.62	3.194777336881808
0.625	3.2209785286203667
0.63	3.247211240167326
0.635	3.273441361770087
0.64	3.2997331842727546
0.645	3.3260245595892806
0.65	3.3523985346309506
0.655	3.378774843437866
0.66	3.4052522262304112
0.665	3.43173576482862
0.67	3.458460512641922
0.675	3.485196972574962
0.68	3.5121607375906496
0.685	3.5391447590441154
0.6900000000000001	3.5667063069732445
0.6950000000000001	3.5943020450141048
0.7000000000000001	3.6227414303658403
0.7050000000000001	3.6512392527234656
0.7100000000000001	3.681066334276462
0.7150000000000001	3.7109973893502737
0.7200000000000001	3.743698720813969
0.725	3.7765980531797227
0.73	3.8153259756065827
0.735	3.8544718959001023
0.74	3.9049458498754
0.745	3.9608968217559277
0.75	4.040198023735307
0.755	4.1571741108748075
0.76	4.349353686144111
0.761	4.404506157616154
0.762	4.476939054678759
0.763	4.550608415108824
0.764	4.637347922300248
0.765	4.739758364984343
0.766	4.864623936769712
0.767	5.021994622275886
0.768	5.198830460189818
0.769	5.427007673666177
0.77	5.695184775635301
0.771	6.062421693563746
0.772	6.532135036131805
0.773	7.163887360519599
0.774	7.9396183871356865
0.775	9.122562162476903
0.776	10.597809426664831
0.777	12.488816914378322
0.778	14.48194827712787
0.779	16.37094042039733
0.78	17.206862201323357
0.781	16.730507993966143
0.782	15.186090904538396
0.783	13.133636847267717
0.784	11.48540766650866
0.785	9.93482525870509
0.786	8.718616426957967
0.787	7.963759650676866
0.788	7.20233707265126
0.789	6.767938440512948
0.79	6.348268249227582
0.791	6.035630741282079
0.792	5.778857978739588
0.793	5.615936811899761
1.001	5.239468879082785
1.0019999999999998	5.249300249338871
1.003	5.261659170178388
1.0039999999999998	5.27707511586638
1.005	5.296384201923776
1.0059999999999998	5.320801456202727
1.007	5.35207888272098
1.0079999999999998	5.392771763562584
1.009	5.446681330348192
1.0099999999999998	5.519607277192305
1.011	5.620670607260099
1.0119999999999998	5.764687396303394
1.013	5.97693669566202
1.0139999999999998	6.302312273032985
1.015	6.824887581892763
1.0159999999999998	7.710044935111874
1.017	9.29052924049359
1.0179999999999998	12.169429847188656
1.019	16.752101150626327
1.0199999999999998	20.368657100722437
1.021	18.57550947608817
1.0219999999999998	14.532076518241876
1.023	11.529691077416643
1.0239999999999998	9.687287208507446
1.025	8.555542620161063
1.0259999999999998	7.829360046210785
1.027	7.340671949011633
1.0279999999999998	6.9975329010608815
1.029	6.747774993499305
1.0299999999999998	6.560450677681982
1.033	6.2128591497451975
1.043	5.938387799160892
1.053	5.8289544724078155
1.063	5.806703897757012
1.073	5.821606546080083
1.083	5.852459170127433
1.093	5.891778411691958
1.103	5.935027251770481
1.113	5.980895741482795
1.123	6.027702916308226
1.133	6.076809645703718
1.143	6.127470339924677
1.153	6.177666488981167
1.1629999999999998	6.227746820117119
1.173	6.278442171059216
1.1829999999999998	6.330443457410721
1.1929999999999998	6.383200459819275
1.2029999999999998	6.4356283236545355
1.2129999999999999	6.490265459173554
1.2229999999999999	6.5453779479028
1.2329999999999999	6.601426873121673
1.2429999999999999	6.656776070958695
1.253	6.712111323542288
1.263	6.766337082417108
1.273	6.819855389026739
1.283	6.872867505257656
1.293	6.925172925668782
1.303	6.976020063936249
1.313	7.025686687550892
1.323	7.075112116088966
1.333	7.124224816312314
1.343	7.173496936023637
1.353	7.22340076864497
1.363	7.2755285953709565
1.373	7.326509826037875
1.383	7.377307129467253
1.3929999999999998	7.427035634828585
1.403	7.47767052190763
1.4129999999999998	7.5288545518364405
1.423	7.57988772992058
1.4329999999999998	7.631482335684044
1.443	7.6843782161287795
1.4529999999999998	7.737489486753392
1.4629999999999999	7.790685835389946
1.4729999999999999	7.8447247850773385
1.4829999999999999	7.900820608849126
1.4929999999999999	7.9605513010615905
1.503	8.024898916561668
1.513	8.094105582249785
1.523	8.165565104005498
1.533	8.237033188514797
1.543	8.308057511440794
1.553	8.380449671390656
1.563	8.456082527884888
1.573	8.53373797178733
1.583	8.60483612541518
1.593	8.676115282553864
1.603	8.80402020949079
1.613	8.85927806924452
1.6229999999999998	8.914528575428726
1.633	8.969772001198324
1.6429999999999998	9.02500860694624
1.653	9.080238641035178
1.6629999999999998	9.135462340478856
1.673	9.190679931576966
1.6829999999999998	9.245891630507456
1.693	9.301097643879586
1.7029999999999998	9.356298169250767
1.713	9.411493395610018
1.7229999999999999	9.466683503830524
1.733	9.521868667093688
1.7429999999999999	9.577049051286687
1.753	9.632224815375569
1.763	9.687396111755609
1.773	9.742563086580528
1.783	9.797725880072127
1.793	9.852884626811644
1.85	10.167218259381444
1.87	10.27748454650668
1.8900000000000001	10.387738522848206
1.9100000000000001	10.497980911184634
1.9300000000000002	10.60821238242938
1.9500000000000002	10.71843356006213
1.9700000000000002	10.82864502411815
1.9900000000000002	10.938847314786152
2.0100000000000002	11.049040935658814
2.0300000000000002	11.159226356674521
2.0500000000000003	11.269404016783842
2.0700000000000003	11.379574326370417
2.09	11.489737669451983
2.1100000000000003	11.599894405684577
2.13	11.710044872189874
2.15	11.820189385223635
2.17	11.93032824170095
2.19	12.040461720592377
2.21	12.15059008420339
2.23	12.260713579348295
2.25	12.370832438428529
2.27	12.480946880424199
2.29	12.591057111806807
2.31	12.701163327380314
2.33	12.81126571105695
2.35	12.921364436573453
2.37	13.03145966815303
2.39	13.141551561117668
2.41	13.251640262455025
2.43	13.361725911343706
2.45	13.471808639640459
2.47	13.581888572332328
2.49	13.691965827956718
2.5100000000000002	13.802040518991864
2.5300000000000002	13.912112752220139
2.5500000000000003	14.022182629066306
2.5700000000000003	14.132250245912658
2.59	14.242315694392886
2.6100000000000003	14.352379061666252
2.63	14.462440430673551
2.6500000000000004	14.572499880376327
2.67	14.682557485980421
2.69	14.79261331914519
2.71	14.902667448179267
2.73	15.012719938223999
2.75	15.122770851425301
2.77	15.23282024709485
2.79	15.342868181861311
2.81	15.452914709812319
2.83	15.562959882627851
2.85	15.67300374970555
2.87	15.783046358278618
2.89	15.893087753526665
2.91	16.003127978680116
2.93	16.113167075118493
2.95	16.223205082463046
2.97	16.333242038664054
2.99	16.443277980083185
3.01	16.553312941571182
3.0300000000000002	16.66334695654122
3.05	16.773380057038164
3.0700000000000003	16.88341227380404
3.09	16.993443636339872
3.1100000000000003	17.10347417296423
3.13	17.21350391086852
3.1500000000000004	17.323532876169427
3.17	17.433561093958467
3.1900000000000004	17.543588588348985
3.21	17.653615382520684
3.2300000000000004	17.763641498761785
3.25	17.873666958509094
3.27	17.98369178238593
3.29	18.093715990238145
3.31	18.203739601168365
3.33	18.31376263356844
3.35	18.423785105150316
3.37	18.53380703297534
3.39	18.643828433482174
3.41	18.7538493225133
3.43	18.863869715340215
3.45	18.97388962668748
3.47	19.083909070755535
3.49	19.19392806124248
3.5100000000000002	19.30394661136479
3.5300000000000002	19.413964733877073
3.55	19.656868043502108
3.5700000000000003	19.86363356426725
3.59	20.03980212319718
3.6100000000000003	20.203234955872595
3.63	20.359145594287778
3.6500000000000004	20.50992869888145
3.67	20.65692304579707
3.6900000000000004	20.800968150079633
3.71	20.9426321468313
3.7300000000000004	21.082321081190287
3.75	21.26586945298409
3.77	21.435605023482832
3.79	21.593605274351766
3.81	21.746136248986602
3.83	21.895104739503843
3.85	22.041431705593038
3.87	22.185660671973874
3.89	22.32815166739007
3.91	22.469161724918106
3.93	22.60888417519135
3.95	22.747470092740972
3.97	22.88504100457134
3.99	23.021696911904208
4.1	23.76014671844959
4.199999999999999	24.41692791311322
4.3	25.063765523371636
4.3999999999999995	25.702993883808837
4.5	26.336203219400023
4.6	26.96453625404388
4.699999999999999	27.58884622186271
4.8	28.20978892600055
4.8999999999999995	28.827880002836896
5.	29.443532378437574
5.1	30.057081765806426
5.199999999999999	30.668804594088357
5.3	31.278930960478956
5.3999999999999995	31.887654201684505
5.5	32.49513810595704
5.6	33.10152243928991
5.699999999999999	33.70692724230547
5.8	34.31145621462235
5.8999999999999995	34.9151994111175
6.	35.5182354120045
6.1	36.12063308548432
6.199999999999999	36.72245303135567
6.3	37.323748772244464
6.4	37.9245677433331
6.5	38.5249521198519
6.6	39.12493951293382
6.699999999999999	39.724563557901256
6.8	40.323854414077
6.9	40.92283919138063
7.	41.52154231599771
7.1	42.11998584508198
7.199999999999999	42.718189738612594
7.3	43.316172095070634
7.4	43.91394935642991
7.5	44.511536487018574
7.6	45.108947130046126
7.699999999999999	45.706193744970975
7.8	46.303287728376546
7.9	46.90023952060666
8.	47.49705870006606
8.1	48.09375406680609
8.2	48.690333716776685
8.3	49.28680510792673
8.399999999999999	49.88317511916668
8.5	50.47945010306701
8.6	51.075635933045284
8.7	51.67173804569466
8.8	52.26776147881947
8.9	52.86371090566992
9.	53.45959066580566
9.1	54.05540479296273
9.2	54.651157040252855
9.3	55.24685090298314
9.4	55.842489639349914
9.5	56.43807628923008
9.6	57.033613691267306
9.7	57.62910449842745
9.8	58.224551192177906
9.9	58.81995609542797
10.	59.415321384352346