0.60611796e-3 9.66725517e-17
2.60611796e-1 9.66725517e-17
2.48676314e-1 1.18001758e-16
2.37286494e-1 1.48517393e-16
2.25756286e-1 1.86927490e-16
2.16682448e-1 2.28162589e-16
2.04949995e-1 2.82815075e-16
1.98449770e-1 3.24672632e-16
1.86611816e-1 3.50632274e-16
1.77547216e-1 3.84487124e-16
1.67445429e-1 4.21631222e-16
1.65010598e-1 4.41492327e-16
1.69415578e-1 4.76561406e-16
1.75472935e-1 5.14391196e-16
1.84966529e-1 5.99356118e-16
1.92139408e-1 7.09190996e-16
1.97844316e-1 8.52146580e-16
2.06117628e-1 1.07199472e-15
2.07930059e-1 1.34880190e-15
2.08531420e-1 1.83221563e-15
2.09749107e-1 2.37707381e-15
2.10357429e-1 3.03713429e-15
2.19799369e-1 3.48517579e-15
2.31010405e-1 4.52049010e-15
2.42084793e-1 5.60012935e-15
2.57434465e-1 6.42564388e-15
2.78609283e-1 7.48591547e-15
2.99766227e-1 8.45831151e-15
3.26331887e-1 9.12723118e-15
3.52145307e-1 9.69982065e-15
3.75578517e-1 9.69637355e-15
4.11267691e-1 9.84109885e-15
4.51668922e-1 9.98782291e-15
4.91700362e-1 1.01372259e-14
5.40000783e-1 1.06084004e-14
5.87859894e-1 1.09332673e-14
6.10670276e-1 1.09309712e-14
6.23294582e-1 1.43993047e-14
6.43672907e-1 1.95568889e-14
6.66661484e-1 2.82395704e-14
6.68604409e-1 3.24128346e-14
6.53103419e-1 4.07896256e-14
6.39830132e-1 5.29272040e-14
6.26827870e-1 6.76326514e-14
6.17695675e-1 8.77549480e-14
5.91133811e-1 1.08768131e-13
5.70710477e-1 1.26795424e-13
5.46170152e-1 1.54768245e-13
5.25757364e-1 1.83207211e-13
5.07589673e-1 2.23614413e-13
4.87191038e-1 2.60684819e-13
4.66242958e-1 3.13359055e-13
4.44889094e-1 3.88400085e-13
4.27010224e-1 4.52788372e-13
4.07455683e-1 5.36015092e-13
3.87658975e-1 6.44343660e-13
3.70989792e-1 7.86494770e-13
3.47835857e-1 9.16997012e-13
3.30936516e-1 1.08556714e-12
3.13018945e-1 1.30500226e-12
2.95206927e-1 1.52149074e-12
2.81688766e-1 1.77377813e-12
2.69577894e-1 2.06786537e-12
2.58741686e-1 2.60253792e-12
2.49798778e-1 3.37723578e-12
2.39755693e-1 4.51900971e-12
2.31469934e-1 5.68727263e-12
2.24786341e-1 6.42966560e-12
2.14492890e-1 7.49580652e-12
2.02288212e-1 8.47564724e-12
1.89108184e-1 1.00346850e-11
1.80449242e-1 1.13456709e-11
1.69187180e-1 1.32282460e-11
1.60028014e-1 1.51880327e-11
1.49164293e-1 1.77087390e-11
1.40265474e-1 2.00239227e-11
1.29979612e-1 2.37083363e-11
1.21512056e-1 2.59999846e-11
1.12271701e-1 3.17420938e-11
1.03431119e-1 3.75838722e-11
9.81188457e-2 4.24954072e-11
9.25353079e-2 5.03097101e-11
8.67604147e-2 5.68879590e-11
8.08700754e-2 6.94483261e-11
7.58224140e-2 8.47791735e-11
7.19277015e-2 1.00365618e-10
6.80336653e-2 1.17013507e-10
6.34147226e-2 1.42849073e-10
5.98060530e-2 1.69116992e-10
5.67341554e-2 1.97165653e-10
5.24199260e-2 2.37051096e-10
4.82922371e-2 2.80677708e-10
4.54112268e-2 3.17372610e-10
4.23282526e-2 3.81556715e-10
3.94548209e-2 4.38120368e-10
3.68843028e-2 5.03061140e-10
3.42799696e-2 5.68866500e-10
3.20463389e-2 6.94456060e-10
2.99583088e-2 8.34886451e-10
2.81710040e-2 9.58607244e-10
2.59527942e-2 1.11777628e-9
2.44758292e-2 1.36448338e-9
2.28142541e-2 1.59094207e-9
2.13903017e-2 1.91262571e-9
2.08947666e-2 2.09699190e-9
2.12023535e-2 2.59828311e-9
2.15774755e-2 3.31950033e-9
2.13880123e-2 4.30699018e-9
2.11381792e-2 5.67458148e-9
2.07693102e-2 7.36302123e-9
2.05268700e-2 9.12449675e-9
2.03467962e-2 1.11353277e-8
1.95862280e-2 1.38012689e-8
1.89094586e-2 1.65891631e-8
1.83096864e-2 1.93383482e-8
1.76770615e-2 2.28914373e-8
1.70163917e-2 2.70977833e-8
1.61894998e-2 3.46323046e-8
1.54933577e-2 4.22726694e-8
1.46973143e-2 5.57080376e-8
1.41480108e-2 6.59444975e-8
1.36192373e-2 7.80619268e-8
1.29955568e-2 9.24104361e-8
1.25098555e-2 1.09391033e-7
1.18325467e-2 1.31503193e-7
1.14572870e-2 1.48671476e-7
1.17973995e-2 1.87039813e-7
1.22189867e-2 2.31725945e-7
1.28045707e-2 3.19557929e-7
1.33018219e-2 2.53911171e-7
1.37376065e-2 2.11243506e-7
1.41048180e-2 1.75751467e-7
1.44810847e-2 2.17751227e-7
1.49983933e-2 2.95741208e-7
1.54899162e-2 2.27905362e-7
1.58111589e-2 1.83899532e-7
1.64723387e-2 2.31344386e-7
1.70111003e-2 2.86620061e-7
1.74139334e-2 3.39171957e-7
1.82498073e-2 2.69482829e-7
1.87925064e-2 2.31176251e-7
2.01608089e-2 2.27574211e-7
2.11277655e-2 2.38213349e-7
2.22062107e-2 2.34528183e-7
2.32715983e-2 2.20534067e-7
2.46754469e-2 2.07361568e-7
2.61637179e-2 2.10493993e-7
2.75798635e-2 2.07234299e-7
2.90725424e-2 2.10371599e-7
2.95006316e-2 2.52797796e-7
2.98468897e-2 3.54065973e-7
3.01973339e-2 4.80940727e-7
3.05518310e-2 6.63362156e-7
3.13655792e-2 1.11647184e-6
3.18303899e-2 6.63212127e-7
3.22069850e-2 4.59178849e-7
3.23028064e-2 3.32879964e-7
3.27810426e-2 2.20117586e-7
3.30684910e-2 3.32836942e-7
3.34566262e-2 4.66167970e-7
3.38492486e-2 6.62987148e-7
3.39472822e-2 8.73433773e-7
3.44458991e-2 1.38276394e-6
3.50590135e-2 7.96603423e-7
3.55778393e-2 5.51524193e-7
3.57881202e-2 4.18618721e-7
3.59994985e-2 3.27624423e-7
3.63188359e-2 2.30337407e-7
3.71782873e-2 3.08100214e-7
3.80578462e-2 4.31494079e-7
3.88449248e-2 5.34626554e-7
4.03535870e-2 4.11982903e-7
4.10699467e-2 3.37570171e-7
4.21675918e-2 2.89589758e-7
4.25379497e-2 3.93366688e-7
4.29116472e-2 5.26211323e-7
4.30356664e-2 7.25839125e-7
4.31606542e-2 8.99410927e-7
4.44456594e-2 5.94689350e-7
4.52351186e-2 4.51352834e-7
4.64448334e-2 3.42547763e-7
4.75473638e-2 2.63988426e-7
4.78234640e-2 4.37602016e-7
4.81019446e-2 6.41740680e-7
4.83821445e-2 9.26804329e-7
4.83802881e-2 1.23985733e-6
4.98208966e-2 7.95060490e-7
5.10044967e-2 5.33823857e-7
5.20631115e-2 3.81074500e-7
5.29879816e-2 2.84828950e-7
5.39292814e-2 2.12891523e-7
5.44063483e-2 1.79873768e-7
5.68483894e-2 2.06408951e-7
5.95740003e-2 2.44222542e-7
6.13437091e-2 2.63617623e-7
6.20640953e-2 3.52638749e-7
6.27933217e-2 4.50536842e-7
6.33441958e-2 6.60698847e-7
6.42757621e-2 9.11288036e-7
6.61892855e-2 6.11842220e-7
6.67757503e-2 4.64393897e-7
6.83610441e-2 3.52450786e-7
6.87645328e-2 2.84419683e-7
7.05986428e-2 3.63349731e-7
7.26939418e-2 4.78615286e-7
7.50707878e-2 6.40166644e-7
7.66281325e-2 4.93359856e-7
7.79897005e-2 3.57630464e-7
8.00760122e-2 2.55289165e-7
8.22108294e-2 3.57526475e-7
8.44020493e-2 5.24251094e-7
8.66516731e-2 7.68724078e-7
8.79348881e-2 4.92985365e-7
8.87149239e-2 3.46594950e-7
9.00279660e-2 2.36315854e-7
9.51758901e-2 3.01847712e-7
9.82894079e-2 3.57174291e-7
1.00317280e-1 6.39143526e-7
1.11814623e-1 1.96404923e-7
1.15807111e-1 3.01521145e-7
1.27940142e-1 1.73626268e-7
1.33674664e-1 3.15449085e-7
1.45096447e-1 3.25114508e-7
1.50298857e-1 1.68238727e-7
1.58417982e-1 3.56234913e-7
1.71466381e-1 1.87142586e-7
1.93887652e-1 3.96109021e-7
1.99684791e-1 1.02893673e-7
2.17353452e-1 2.91410807e-7
2.29827971e-1 8.17100165e-8
2.47985225e-1 1.72993455e-7
2.60667066e-1 8.54926734e-8
2.66022490e-1 2.91086125e-7
2.99119760e-1 1.09150935e-7
3.15262254e-1 3.38947360e-7
3.51383751e-1 1.31057779e-7
3.78037243e-1 2.69104308e-7
4.18872970e-1 1.43533222e-7
4.45398822e-1 2.90259590e-7
4.62725290e-1 1.41273953e-7
5.08123006e-1 3.43273530e-7
5.46773836e-1 1.57117497e-7
6.25544287e-1 3.81684510e-7
6.93149415e-1 1.40959322e-7
7.34880225e-1 3.12496811e-7
8.07032689e-1 4.58052593e-7
8.13948238e-1 3.10717519e-6
8.48216571e-1 4.94373202e-7
9.48180125e-1 1.82567361e-7
1.06286547e+0 2.22649908e-7
1.08457507e+0 1.84296835e-6
1.14664352e+0 1.68063704e-6
1.19854649e+0 1.22437865e-7
1.48848804e+0 1.73935112e-7
2.68930047e+0 1.81520306e-7
2.99718771e+0 1.29516955e-7
3.35942872e+0 2.95970646e-7
3.74418749e+0 1.55458553e-7
3.87762022e+0 3.95629334e-7
4.32137015e+0 3.89383100e-7
4.70439242e+0 3.83285018e-7
5.28901787e+0 3.77215393e-7
5.79161603e+0 3.77026513e-7
6.49230048e+0 3.76789023e-7
7.10925703e+0 3.70876192e-7
7.69412522e+0 3.88145737e-7
8.49963254e+0 3.82036171e-7
9.19892206e+0 3.87763392e-7
9.95574416e+0 3.93576472e-7
9.95574416e+0 1.00000000e+0