0.001	5.546759036526556e-9
0.021	5.545760445014183e-9
0.041	5.5429475031618104e-9
0.061	5.538323835132075e-9
0.081	5.5318953843658986e-9
0.101	5.523670388143472e-9
0.121	5.513659345270429e-9
0.141	5.501874978161524e-9
0.161	5.488332185992545e-9
0.181	5.473048012892531e-9
0.201	5.4560415719329506e-9
0.221	5.43733400430436e-9
0.241	5.416948262467892e-9
0.261	5.394909629771202e-9
0.28099999999999997	5.371244811089624e-9
0.301	5.34598233500778e-9
0.321	5.31915258591657e-9
0.34099999999999997	5.290787392533263e-9
0.361	5.260920160743737e-9
0.381	5.229585740018043e-9
0.40099999999999997	5.19682033858197e-9
0.421	5.162661326827255e-9
0.441	5.127147570490821e-9
0.46099999999999997	5.090318729730536e-9
0.481	5.052215558835528e-9
0.501	5.012879717558909e-9
0.521	4.972353675670423e-9
0.5409999999999999	4.930680616245892e-9
0.5609999999999999	4.887904337832819e-9
0.581	4.8440691556311825e-9
0.601	4.799219801828069e-9
0.621	4.753401325225261e-9
0.641	4.706658990299722e-9
0.661	4.659038175838199e-9
0.6809999999999999	4.610584273288986e-9
0.701	4.561342584976033e-9
0.721	4.511358222323359e-9
0.741	4.460676004240867e-9
0.761	4.409340355826284e-9
0.7809999999999999	4.357395207542132e-9
0.8009999999999999	4.304883895031258e-9
0.821	4.251849059739681e-9
0.841	4.19833255052116e-9
0.861	4.144375326404413e-9
0.881	4.090017360710565e-9
0.901	4.03529754671635e-9
0.9209999999999999	3.98025360506649e-9
0.941	3.924921993148055e-9
0.961	3.869337816649153e-9
0.981	3.813534743534976e-9
1.001	3.757544920685867e-9
1.021	3.7013988934544e-9
1.041	3.6451255284121184e-9
1.061	3.5887519395710593e-9
1.081	3.5323034183811515e-9
1.101	3.4758033678216015e-9
1.121	3.4192732409229204e-9
1.141	3.3627324840762757e-9
1.161	3.306198485508541e-9
1.181	3.2496865293248087e-9
1.2009999999999998	3.1932097555456044e-9
1.2209999999999999	3.1367791265935214e-9
1.2409999999999999	3.0804034007137023e-9
1.261	3.0240891128450637e-9
1.281	2.9678405634940618e-9
1.301	2.911659816200885e-9
1.321	2.8555467042292793e-9
1.341	2.7994988471560126e-9
1.361	2.743511678084936e-9
1.381	2.6875784822635576e-9
1.401	2.6316904479380374e-9
1.421	2.575836730345484e-9
1.4409999999999998	2.5200045298113045e-9
1.4609999999999999	2.4641791849944244e-9
1.4809999999999999	2.408344283093961e-9
1.501	2.3524817840691564e-9
1.521	2.296572170672091e-9
1.541	2.240594611624812e-9
1.561	2.184527150128573e-9
1.581	2.1283469150813644e-9
1.601	2.072030357536374e-9
1.621	2.0155535143700604e-9
1.641	1.958892301301544e-9
1.661	1.902022837595781e-9
1.6809999999999998	1.8449218032404007e-9
1.7009999999999998	1.7875668419853284e-9
1.7209999999999999	1.7299369865158461e-9
1.7409999999999999	1.6720131450754773e-9
1.761	1.6137786259424482e-9
1.781	1.555219714737954e-9
1.801	1.4963263071002049e-9
1.821	1.4370926015423178e-9
1.841	1.3775178577992196e-9
1.861	1.31760722651275e-9
1.881	1.2573726567126432e-9
1.901	1.1968338882327008e-9
1.9209999999999998	1.136019536966032e-9
1.9409999999999998	1.074968281722148e-9
1.9609999999999999	1.0137301624149435e-9
1.9809999999999999	9.523680003992318e-10
2.001	8.909589530018704e-10
2.021	8.295962156815609e-10
2.041	7.683908868222458e-10
2.061	7.074740116098437e-10
2.081	6.469988256003137e-10
2.101	5.871432151511793e-10
2.121	5.28112423673013e-10
2.141	4.701420228604125e-10
2.161	4.135011917857395e-10
2.181	3.5849632209236856e-10
2.201	3.0547499913890893e-10
2.221	2.548303981668409e-10
2.241	2.0700614551889485e-10
2.261	1.6250170088483113e-10
2.281	1.2187832417404328e-10
2.301	8.576569933108846e-11
2.321	5.4869297360019674e-11
2.341	2.997857214801968e-11
2.361	1.1976095510822098e-11
2.3810000000000002	1.8477523258858072e-12
2.401	0
2.421	0
2.441	0
2.461	0
2.481	0
2.501	0
2.521	0
2.541	0
2.561	0
2.581	0
2.601	0
2.621	0
2.641	0
2.661	0
2.681	0
2.701	0
2.721	0
2.741	0
2.761	0
2.781	0
2.801	0
2.821	0
2.841	0
2.861	0
2.881	0
2.901	0
2.921	0
2.941	0
2.961	0
2.981	0
3.001	0
3.021	0
3.041	0
3.061	0
3.081	0
3.101	0
3.121	0
3.141	0
3.161	0
3.181	0
3.201	0
3.221	0
3.241	0
3.261	0
3.281	0
3.301	0
3.321	0
3.341	0
3.361	0
3.381	0
3.401	0
3.421	0
3.441	0
3.461	0
3.481	0
3.501	0
3.521	0
3.541	0
3.561	0
3.581	0
3.601	0
3.621	0
3.641	0
3.661	0
3.681	0
3.701	0
3.721	0
3.741	0
3.761	0
3.781	0
3.801	0
3.821	0
3.841	0
3.861	0
3.881	0
3.901	0
3.921	0
3.941	0
3.961	0
3.981	0
4.0009999999999994	0
4.021	0
4.0409999999999995	0
4.061	0
4.081	0
4.101	0
4.121	0
4.141	0
4.1610000000000005	0
4.181	0
4.201	0
4.221	0
4.241	0
4.261	0
4.281000000000001	0
4.301	0
4.321000000000001	0
4.341	0
4.361000000000001	0
4.381	0
4.401	0
4.421	0
4.441	0
4.461	0
4.481000000000001	0
4.501	0
4.521000000000001	0
4.541	0
4.561000000000001	0
4.581	0
4.601	0
4.621	0
4.641	0
4.6610000000000005	0
4.681	0
4.701	0
4.721	0
4.741	0
4.761	0
4.781000000000001	0
4.801	0
4.821000000000001	0
4.841	0
4.861000000000001	0
4.881	0
4.901	0
4.921	0
4.941	0
4.961	0
4.981000000000001	0
5.001	0
5.021000000000001	0
5.041	0
5.061000000000001	0
5.081	0
5.101	0
5.121	0
5.141	0
5.1610000000000005	0
5.181	0
5.201	0
5.221	0
5.241	0
5.261	0