1.500000e+00 5.433593e+06 2.645929e+07 2.362458e+06
2.000000e+00 1.847420e+07 7.436512e+07 1.181850e+06
2.500000e+00 6.608730e+07 2.125050e+08 9.008228e+06
3.000000e+00 5.389500e+07 1.504495e+08 1.149338e+07
3.500000e+00 4.408810e+07 1.108452e+08 1.185926e+07
4.500000e+00 3.036830e+07 6.643612e+07 1.050804e+07
5.000000e+00 2.557430e+07 5.307782e+07 9.656344e+06
5.500000e+00 2.174310e+07 4.322389e+07 8.809956e+06
6.000000e+00 1.867750e+07 3.584646e+07 7.998453e+06
7.000000e+00 1.408360e+07 2.535716e+07 6.622278e+06
7.500000e+00 1.237150e+07 2.172590e+07 6.032776e+06
8.500000e+00 9.713470e+06 1.631332e+07 5.035657e+06
9.000000e+00 8.663160e+06 1.427730e+07 4.608286e+06
1.000000e+01 6.995050e+06 1.114551e+07 3.889122e+06