1.500000e+00 8.389649e+06 1.433031e+07 2.241165e+06
2.000000e+00 2.688680e+06 2.897238e+06 6.908891e+05
2.500000e+00 1.612320e+06 1.691324e+06 9.598560e+05
3.000000e+00 8.455460e+05 8.863013e+05 7.424194e+05
3.500000e+00 4.631420e+05 5.438433e+05 3.948228e+05
4.000000e+00 2.620230e+05 3.193600e+05 2.177225e+05
4.500000e+00 1.518240e+05 1.907881e+05 1.235379e+05
5.500000e+00 5.336730e+04 7.049063e+04 4.190147e+04
6.000000e+00 3.204780e+04 4.338875e+04 2.462799e+04
6.500000e+00 1.938050e+04 2.697207e+04 1.449398e+04
7.000000e+00 1.171130e+04 1.683125e+04 8.477304e+03
7.500000e+00 7.073560e+03 1.062940e+04 4.878167e+03
8.000000e+00 4.194950e+03 6.715276e+03 2.681580e+03
8.500000e+00 2.440560e+03 4.254562e+03 1.387378e+03
9.000000e+00 1.401600e+03 2.724453e+03 6.661917e+02
9.500000e+00 7.629360e+02 1.775009e+03 2.399815e+02
1.000000e+01 3.725230e+02 1.183878e+03 0.000000e+00