0.02	0.04333331769529416
0.025	0.05416665866239616
0.03	0.06499999536865461
0.035	0.07583333041708776
0.04	0.08666666471313463
0.045	0.09749999862803202
0.05	0.10833333233319997
0.05500000000000001	0.11916666591526907
0.06	0.12999999942124268
0.065	0.1408333328781313
0.07	0.15166666630221037
0.075	0.16249999970368612
0.08	0.17333333308917998
0.085	0.18416666646311566
0.09000000000000001	0.1949999998285252
0.095	0.2058333331875341
0.1	0.21666666654166253
0.10500000000000001	0.22749999989201702
0.11	0.23833333323941638
0.115	0.2491666665844751
0.12000000000000001	0.2599999999276604
0.125	0.27083333326933196
0.13	0.2816666666097698
0.135	0.2924999999491938
0.13999999999999999	0.3033333332877786
0.145	0.3141666669143506
0.15	0.32500000217193337
0.155	0.3358333404493037
0.16	0.34666668292801833
0.16499999999999998	0.35750003063200464
0.16999999999999998	0.36833338446556346
0.175	0.37916674524277444
0.18	0.39000011371047616
0.185	0.400833490566406
0.19	0.4116668764736755
0.195	0.42250027207245455
0.19999999999999998	0.433333677989522
0.205	0.4441670948461804
0.21	0.4550005232649162
0.215	0.6700949907507077
0.22	0.7630134156880255
0.225	0.8353825307917888
0.22999999999999998	0.8970640377888588
0.235	0.9519341566966105
0.24	1.0020062533992475
0.245	1.0484890482238418
0.25	1.092176605967614
0.255	1.1336237321526919
0.26	1.1732358021678275
0.265	1.2113192260603343
0.27	1.2481118409003418
0.275	1.2838022359579515
0.28	1.3185425882746866
0.28500000000000003	1.3524574982665365
0.29000000000000004	1.3856502560780841
0.29500000000000004	1.418207399419821
0.30000000000000004	1.4502021011662078
0.30500000000000005	1.4816967347040912
0.31	1.5127448485723036
0.315	1.54339270838212
0.32	1.5736805162437957
0.325	1.603643386133799
0.33	1.6333121320093829
0.335	1.662713910470802
0.34	1.6918727491731258
0.34500000000000003	1.7208099845830733
0.35000000000000003	1.7495446271365909
0.35500000000000004	1.7780936677640558
0.36000000000000004	1.806472336694887
0.36500000000000005	1.83469432314466
0.37000000000000005	1.8627719627250192
0.375	1.8907163980576216
0.38	1.91853771701622
0.385	1.9462450721918034
0.39	1.9738467845203487
0.395	2.0013504334909475
0.4	2.028762935933833
0.405	2.056090615050502
0.41000000000000003	2.083339261074393
0.41500000000000004	2.1105141847272146
0.42000000000000004	2.137620264452848
0.42500000000000004	2.1646620512718755
0.43000000000000005	2.1916437114423353
0.43500000000000005	2.2185690737332004
0.44	2.2454416780451334
0.445	2.272264802129665
0.45	2.2990414852562573
0.455	2.3257745501626292
0.46	2.352466622080236
0.465	2.379120146666953
0.47000000000000003	2.4057374060493757
0.47500000000000003	2.4323205323531307
0.48000000000000004	2.458871523368391
0.48500000000000004	2.485392252141097
0.49000000000000005	2.511884480385634
0.49500000000000005	2.538349868396854
0.5	2.564789984103609
0.505	2.5912063127654736
0.51	2.617600267431244
0.515	2.6439731941693627
0.52	2.6703263829186215
0.525	2.696661074614359
0.53	2.722978469314374
0.535	2.7492797328341263
0.54	2.775567987025786
0.545	2.8018406937878746
0.55	2.8281007017106603
0.555	2.854349087419063
0.56	2.8805870141599415
0.5650000000000001	2.906815811325616
0.5700000000000001	2.933036443099906
0.5750000000000001	2.959250230895428
0.5800000000000001	2.985458480481828
0.5850000000000001	3.0116624132906447
0.5900000000000001	3.0378646441463837
0.5950000000000001	3.064065984085819
0.6	3.0902674417615295
0.605	3.1164722268090497
0.61	3.1426828740494472
0.615	3.1689012627568767
0.62	3.195130698568699
0.625	3.2213750506962207
0.63	3.2476388121976063
0.635	3.273925327734127
0.64	3.300241829217698
0.645	3.326593865282459
0.65	3.352991617677194
0.655	3.3794430355338414
0.66	3.4059628125895554
0.665	3.432564613969266
0.67	3.4592670610672513
0.675	3.4860957455533077
0.68	3.5130807871514325
0.685	3.540259692700668
0.6900000000000001	3.5676828696007563
0.6950000000000001	3.595419439967576
0.7000000000000001	3.6235549748726603
0.7050000000000001	3.6522122472803016
0.7100000000000001	3.6815525596530896
0.7150000000000001	3.711812617136694
0.7200000000000001	3.743321567951465
0.725	3.776574756049961
0.73	3.8123163959961044
0.735	3.851723017638907
0.74	3.896725619530108
0.745	3.9506557101064415
0.75	4.01965013389724
0.755	4.115947443933693
0.76	4.266696033062411
0.761	4.308085362717459
0.762	4.354963745456972
0.763	4.40845631408336
0.764	4.469982274368191
0.765	4.5413321259366075
0.766	4.624828579312204
0.767	4.723513248761149
0.768	4.841345972292724
0.769	4.9836636130261125
0.77	5.15762652868923
0.771	5.373066319758173
0.772	5.643514665521854
0.773	5.988029092676645
0.774	6.433062009463372
0.775	7.01511752232047
0.776	7.783229330603184
0.777	8.795962450822223
0.778	10.107368333023075
0.779	11.727534080238469
0.78	13.552237934768652
0.781	15.275628348296898
0.782	16.36631863567015
0.783	16.342927762901997
0.784	15.23496466277798
0.785	13.563528981145298
0.786	11.853474608215556
0.787	10.3726993888943
0.788	9.183527485321786
0.789	8.256813280654512
0.79	7.540021852909664
0.791	6.983779569450482
0.792	6.548174887857476
0.793	6.203399715223902
1.001	5.347190667424956
1.0019999999999998	5.36321163739369
1.003	5.382708311945857
1.0039999999999998	5.406443550679828
1.005	5.435562813116542
1.0059999999999998	5.471710731774806
1.007	5.517220984672379
1.0079999999999998	5.575494223893294
1.009	5.651549670391555
1.0099999999999998	5.753021183614978
1.011	5.891891578728759
1.0119999999999998	6.087648279734756
1.013	6.373371958389445
1.0139999999999998	6.807902108389761
1.015	7.501391169212282
1.0159999999999998	8.66936007972736
1.017	10.733390639738538
1.0179999999999998	14.366563830396135
1.019	19.570448705796704
1.0199999999999998	22.860476047855673
1.021	20.311870300517313
1.0219999999999998	15.680932109334924
1.023	12.327062713173396
1.0239999999999998	10.275649559594704
1.025	9.013542783245425
1.0259999999999998	8.201575955958965
1.027	7.653719630756937
1.0279999999999998	7.2681103481366645
1.029	6.986860693238884
1.0299999999999998	6.775519720752036
1.033	6.382249994616111
1.043	5.9556035605918565
1.053	5.861383620773701
1.063	5.8462910127391154
1.073	5.8608839675254
1.083	5.8895441593442435
1.093	5.925818351128408
1.103	5.966631996324973
1.113	6.010314860270369
1.123	6.0559413606569805
1.133	6.102915560966425
1.143	6.150907125636058
1.153	6.19970045824083
1.1629999999999998	6.249160901654982
1.173	6.2992254211192735
1.1829999999999998	6.34988427979898
1.1929999999999998	6.401140707003681
1.2029999999999998	6.453034227890731
1.2129999999999999	6.5055708268192465
1.2229999999999999	6.558618671031754
1.2329999999999999	6.6120358103394175
1.2429999999999999	6.665717018445726
1.253	6.719484717450568
1.263	6.773188013127546
1.273	6.8266639506418345
1.283	6.879737780713219
1.293	6.932247209379993
1.303	6.9839749321210025
1.313	7.034855597728239
1.323	7.084933061737184
1.333	7.134310169881234
1.343	7.183106838359048
1.353	7.231414652708887
1.363	7.279369162477801
1.373	7.327118541962341
1.383	7.374772658711009
1.3929999999999998	7.422472501932997
1.403	7.472210049476918
1.4129999999999998	7.524864110777572
1.423	7.57844796729449
1.4329999999999998	7.632700871989034
1.443	7.687325562474929
1.4529999999999998	7.742010845987194
1.4629999999999999	7.796922478001282
1.4729999999999999	7.853172944090366
1.4829999999999999	7.908980080548655
1.4929999999999999	7.972009130235761
1.503	8.039747800834334
1.513	8.111114737682247
1.523	8.187763114219909
1.533	8.268441468807614
1.543	8.351768522044395
1.553	8.436161316453239
1.563	8.519847065298087
1.573	8.601083909162973
1.583	8.69380291008617
1.6	8.787750731104847
1.62	8.898249923926524
1.6400000000000001	9.008721299012167
1.6600000000000001	9.119166853798053
1.6800000000000002	9.22958840755869
1.7000000000000002	9.339987620640718
1.7200000000000002	9.450366011236088
1.7400000000000002	9.560724970060646
1.76	9.671065773241892
1.78	9.781389593669498
1.8	9.891697511021068
1.82	10.00199052064227
1.84	10.11226954143271
1.86	10.222535422866262
1.8800000000000001	10.332788951255484
1.9000000000000001	10.443030855354081
1.9200000000000002	10.553261811377961
1.9400000000000002	10.663482447514378
1.96	10.77369334797924
1.98	10.883895056674557
2.	10.994088080491355
2.02	11.104272892297445
2.04	11.214449933644572
2.06	11.324619617225087
2.08	11.43478232910477
2.1	11.544938430755028
2.12	11.655088260905195
2.14	11.765232137233046
2.16	11.875370357909725
2.18	11.98550320301335
2.2	12.095630935824069
2.22	12.205753804011874
2.24	12.31587204072731
2.2600000000000002	12.425985865604105
2.2800000000000002	12.536095485681837
2.3000000000000003	12.64620109625588
2.3200000000000003	12.756302881661156
2.34	12.866401015995528
2.3600000000000003	12.976495663788194
2.38	13.086586980617694
2.4000000000000004	13.19667511368401
2.42	13.30676020233848
2.44	13.416842378575161
2.46	13.526921767486769
2.48	13.636998487688087
2.5	13.747072651709523
2.52	13.857144366363142
2.54	13.967213733083401
2.56	14.07728084824452
2.58	14.187345803456353
2.6	14.29740868584038
2.62	14.407469578287325
2.64	14.517528559697793
2.66	14.627585705207206
2.68	14.737641086396184
2.7	14.847694771487408
2.72	14.957746825530014
2.74	15.067797310572338
2.76	15.177846285823893
2.7800000000000002	15.287893807807318
2.8	15.39793993050099
2.8200000000000003	15.50798470547297
2.84	15.618028182006864
2.8600000000000003	15.728070407220148
2.88	15.838111426175477
2.9000000000000004	15.948151281985432
2.92	16.058190015911144
2.9400000000000004	16.168227667455238
2.96	16.27826427444938
2.9800000000000004	16.3882998731369
3.	16.498334498250657
3.02	16.608368183086608
3.04	16.71840095957323
3.06	16.82843285833712
3.08	16.938463908764984
3.1	17.048494139062257
3.12	17.158523576308546
3.14	17.26855224651012
3.16	17.378580174649514
3.18	17.488607384732664
3.2	17.598633899833395
3.22	17.70865974213569
3.24	17.818684932973767
3.2600000000000002	17.92870949287002
3.2800000000000002	18.03873344157111
3.3	18.14875679808216
3.3200000000000003	18.25877958069926
3.34	18.368801807040306
3.3600000000000003	18.47882349407437
3.38	18.588844658149526
3.4000000000000004	18.69886531501941
3.42	18.808885479868408
3.4400000000000004	18.918905167335645
3.46	19.028924391537842
3.4800000000000004	19.13894316609105
3.5	19.248961504131334
3.52	19.358979418334563
3.54	19.46899692093517
3.56	19.766724770735088
3.58	19.95388753831191
3.6	20.122702503260356
3.62	20.28196719309567
3.64	20.435100046198006
3.66	20.583859818603322
3.68	20.729294669274257
3.7	20.872089772621813
3.72	21.012722630082486
3.74	21.15154206575816
3.7600000000000002	21.35313372224207
3.7800000000000002	21.515506532238128
3.8000000000000003	21.67041771077589
3.8200000000000003	21.821014113769913
3.8400000000000003	21.968576850973783
3.8600000000000003	22.113800709015464
3.8800000000000003	22.25712307484917
3.9000000000000004	22.398845826618995
3.92	22.539190658923324
3.94	22.678327771560653
3.96	22.81639223224127
3.98	22.953494003265508
4.	23.089724439609384
4.1	23.760161542735595
4.199999999999999	24.41694168318739
4.3	25.063778337335343
4.3999999999999995	25.70300582856049
4.5	26.336214372142763
4.6	26.964546683560734
4.699999999999999	27.58885598959945
4.8	28.20979808698889
4.8999999999999995	28.827888606484407
5.	29.443540469206024
5.1	30.057089383796182
5.199999999999999	30.668811775543542
5.3	31.278937738225416
5.3999999999999995	31.887660605510664
5.5	32.49514416294597
5.6	33.1015281741097
5.699999999999999	33.706932677463854
5.8	34.31146137069031
5.8999999999999995	34.915204306926434
6.	35.51824006482019
6.1	36.120637511160936
6.199999999999999	36.72245724447235
6.3	37.32375278622665
6.4	37.92457157056062
6.5	38.524955771755415
6.6	39.12494300008093
6.699999999999999	39.72456689007376
6.8	40.32385760034008
6.9	40.92284224014502
7.	41.521545235075735
7.1	42.11998864173796
7.199999999999999	42.71819241960847
7.3	43.31617466670711
7.4	43.91395182458375
7.5	44.51153885717646
7.6	45.10894940733535
7.699999999999999	45.70619593418736
7.8	46.30328983400989
7.9	46.900241546863846
8.	47.49706065089227
8.1	48.09375594590411
8.2	48.69033552762457
8.3	49.286806853794005
8.399999999999999	49.883176803129174
8.5	50.47945172802048
8.6	51.075637501717935
8.7	51.67173956065868
8.8	52.26776294250158
8.9	52.8637123203612
9.	53.45959203367051
9.1	54.05540611604722
9.2	54.651158320492414
9.3	55.24685214220963
9.4	55.84249083929825
9.5	56.43807745154432
9.6	57.033614817506304
9.7	57.62910559007011
9.8	58.22455225062804
9.9	58.81995712201885
10.	59.415322380350915