0.001	0.000039810262106289845
0.002	4.975204248143395e-6
0.003	1.4732659710137413e-6
0.004	6.211524657726471e-7
0.005	3.1785429900742655e-7
0.006	1.8385406702216937e-7
0.007	1.1573022140012572e-7
0.008	7.750067975831057e-8
0.009000000000000001	5.44126015952696e-8
0.010000000000000002	3.9654513137130856e-8
0.01017419366180605	3.765047597067902e-8
0.010351421666793436	3.5747715004257454e-8
0.01053173687129716	3.3941112473462256e-8
0.010715193052376065	3.222580904918531e-8
0.01090184492385128	3.0597190987528575e-8
0.01109174815262401	2.9050877683236185e-8
0.011284959375277617	2.7582709889711377e-8
0.01148153621496883	2.6188738530481683e-8
0.011681537298613242	2.486521409415367e-8
0.011885022274370183	2.3608576528226144e-8
0.012092051829432085	2.2415445703957908e-8
0.012302687708123818	2.1282612224976598e-8
0.012516992730317249	2.0207028980551355e-8
0.012735030810166616	1.9185802772152525e-8
0.012956866975170196	1.8216186620923076e-8
0.013182567385564075	1.7295572362222007e-8
0.01341219935405371	1.6421483631380513e-8
0.013645831365889245	1.5591569206394953e-8
0.013883533099290456	1.4803596678675208e-8
0.01412537544622754	1.4055446454929995e-8
0.014371430533563906	1.33451060550703e-8
0.014621771744567183	1.2670664697614828e-8
0.014876473740795015	1.203030816142968e-8
0.01513561248436208	1.1422313908770337e-8
0.01539926526059492	1.084504644866752e-8
0.015667510701081494	1.0296952946520723e-8
0.01594042880712217	9.776559024747183e-9
0.0162181009735893	9.282464835496765e-9
0.01650061001320228	8.813341257708277e-9
0.016788040181225608	8.367926343017346e-9
0.017080477200597077	7.945021921785532e-9
0.017378008287493755	7.543490377617412e-9
0.0176807221773432	7.162251545202036e-9
0.017988709151287873	6.800279913461037e-9
0.01830206106311056	6.456601751586123e-9
0.018620871366628676	6.130292551783564e-9
0.018945235143565914	5.8204745201394e-9
0.019275249131909356	5.5263142308617896e-9
0.019611011754760474	5.247020372465617e-9
0.0199526231496888	4.981841630046717e-9
0.020300185198596846	4.730064651449567e-9
0.02065380155810529	4.491012133673751e-9
0.021013577690467477	4.2640410180176845e-9
0.021379620895022326	4.048540730479578e-9
0.021752040340195223	3.843931532764902e-9
0.022130947096056376	3.6496630348642993e-9
0.02251645416744618	3.4652126267914133e-9
0.022908676527677724	3.2900841190516987e-9
0.023307731152826375	3.123806397199968e-9
0.023713737056616554	2.9659321570347804e-9
0.02412681532591634	2.816036699676485e-9
0.02454708915685031	2.673716789504765e-9
0.024974683891541432	2.5385895703283183e-9
0.02540972705549305	2.4102915068083475e-9
0.025852348395621914	2.2884775417875995e-9
0.026302679918953815	2.172819897857691e-9
0.02676085593199332	2.0630074729082984e-9
0.027227013080779128	1.9587448548741734e-9
0.027701290391637327	1.8597515646193937e-9
0.028183829312644536	1.7657612965200856e-9
0.02867477375581316	1.6765212045699192e-9
0.02917427014001166	1.5917912204523632e-9
0.029682467434632414	1.5113434093021383e-9
0.03019951720402016	1.434961355371529e-9
0.03072557365267447	1.3624395768338139e-9
0.03126079367123956	1.2935829839532674e-9
0.031805336883295204	1.228206339704562e-9
0.03235936569296283	1.1661337728528498e-9
0.03292304533334065	1.107198297884248e-9
0.03349654391578276	1.051241371291803e-9
0.0340800324800365	9.981124584135772e-10
0.034673685045253165	9.476686367659606e-10
0.035277678661887385	8.997742009745967e-10
0.03589219346450052	8.543003077616481e-10
0.03651741272548377	8.111246287072312e-10
0.03715352290971724	7.701310124202029e-10
0.037800713730181124	7.31209180172722e-10
0.03845917820453535	6.942544243821826e-10
0.0391291127126853	6.591673335239236e-10
0.039810717055349734	6.258535152413688e-10
0.04050419451364931	5.942233489450806e-10
0.04120975190973302	5.641917499240034e-10
0.04192759966846055	5.356779223167786e-10
0.04265795188015926	5.086051611163115e-10
0.04340102636447438	4.829006365140892e-10
0.044157044735331254	4.584951984387202e-10
0.04492623246702932	4.353231924254686e-10
0.04570881896148749	4.133222817691886e-10
0.04650503761666063	3.9243328037975566e-10
0.04731512589614803	3.7259999437597904e-10
0.048139325400014484	3.53769065318279e-10
0.04897788193684462	3.3588983839463467e-10
0.04983104559705295	3.189142141873513e-10
0.050699070827470445	3.0279652533910616e-10
0.051582216507230556	2.8749341243740027e-10
0.05248074602497726	2.7296370749424203e-10
0.05339492735741767	2.591683230973707e-10
0.05432503314924331	2.460701472197988e-10
0.055271340794443485	2.3363394344908494e-10
0.05623413251903491	2.2182625633857113e-10
0.05721369546523262	2.1061532102877805e-10
0.05821032177708716	1.999709782023405e-10
0.05922430868761306	1.8986459265627922e-10
0.06025595860743578	1.8026897645548795e-10
0.06130557921498209	1.711583157041042e-10
0.06237348354824192	1.6250810111012056e-10
0.06345999009812868	1.5429506206951906e-10
0.06456542290346556	1.4649710404224514e-10
0.06569011164762661	1.3909324914541457e-10
0.06683439175686146	1.3206357981658633e-10
0.06799860450033224	1.2538918475042537e-10
0.06918309709189363	1.190521086753444e-10
0.07038822279364568	1.130353039225917e-10
0.0716143410212902	1.0732258411767649e-10
0.07286181745132274	1.0189858148576641e-10
0.07413102413009177	9.674870310336136e-11
0.07542233958475707	9.185909627792084e-11
0.0767361489361819	8.721660659774328e-11
0.0780728440137907	8.280874503325869e-11
0.07943282347242814	7.862365355749907e-11
0.08081649291125372	7.465007355513604e-11
0.08222426499470713	7.087731539048352e-11
0.08365655957558099	6.729522967370357e-11
0.08511380382023763	6.389417995593338e-11
0.08659643233600653	6.066501678806574e-11
0.08810488730080138	5.7599053192000346e-11
0.08963961859499502	5.4688041136213066e-11
0.09120108393559097	5.192414949072945e-11
0.09278974901273307	4.929994289985326e-11
0.09440608762859236	4.680836177672023e-11
0.09605058183867304	4.444270333155469e-11
0.09772372209558107	4.2196603514425695e-11
0.09942600739529568	4.006401992093573e-11
0.10115794542598983	3.803921552264512e-11
0.10292005271944281	3.611674323480244e-11
0.10471285480508996	3.4291431267038863e-11
0.10653688636675629	3.255836920457641e-11
0.10839269140212034	3.091289480510053e-11
0.11028082338495519	2.935058144989408e-11
0.11220184543019636	2.786722623745453e-11
0.11415633046188453	2.6458838683128546e-11
0.11614486138403426	2.5121629971432038e-11
0.11816803125447838	2.385200278996858e-11
0.12022644346174131	2.264654160184852e-11
0.12232071190499313	2.1502003507932494e-11
0.1244514611771385	2.0415309499813402e-11
0.12661932675109444	1.938353617886469e-11
0.12882495516931336	1.8403907891530223e-11
0.13106900423660767	1.7473789272595537e-11
0.1333521432163324	1.6590678131401455e-11
0.1356750530299862	1.5752198852246918e-11
0.13803842646028847	1.4956095468194832e-11
0.14044296835779474	1.4200226629736739e-11
0.1428893958511103	1.3482558818317834e-11
0.14537843856076613	1.2801161380188157e-11
0.1479108388168207	1.2154201231445775e-11
0.15048735188025136	1.15399379545535e-11
0.15310874616820302	1.0956719056641142e-11
0.1557758034831602	1.0402975584179162e-11
0.15848931924611134	9.877217870377601e-12
0.16125010273377416	9.378031534794755e-12
0.16405897731995386	8.904073684894067e-12
0.16691678072110572	8.454069286221511e-12
0.16982436524617442	8.026807750803445e-12
0.17278259805078636	7.62113967425695e-12
0.1757923613958692	7.235973736622878e-12
0.17885455291077712	6.870273764686281e-12
0.18197008586099836	6.523055986697366e-12
0.18513988942052712	6.193386314996089e-12
0.18836490894898	5.880377921239354e-12
0.19164610627353862	5.5831886401925135e-12
0.19498445997580455	5.301019100939748e-12
0.19838096568365052	5.0331101797271504e-12
0.20183663636815607	4.778741156625815e-12
0.2053525026457146	4.537227735108827e-12
0.20892961308540386	4.307920202115576e-12
0.21256903452171066	4.090201682409743e-12
0.21627185237270202	3.883486474996151e-12
0.22003917096373987	3.687218411435159e-12
0.2238721138568339	3.500869607027096e-12
0.2277718241857322	3.3239386843233245e-12
0.23173946499684786	3.155949554628404e-12
0.23577621959612546	2.9964503072547714e-12
0.239883291901949	2.845011838151318e-12
0.244061906804198	2.7012267079399103e-12
0.24831331052955705	2.5647080831006157e-12
0.25263877101318954	2.43508868797204e-12
0.25703957827688634	2.3120198041227832e-12
0.2615170448137997	2.1951703474545367e-12
0.26607250597988097	2.0842259696722597e-12
0.27070732039213563	1.9788882158724574e-12
0.2754228703338166	1.878873720860718e-12
0.2802205621666747	1.78391344534915e-12
0.2851018267503908	1.6937519526065017e-12
0.2900681198693153	1.6081467199840677e-12
0.29512092266663853	1.5268674864294775e-12
0.30026174208612677	1.4496956319130863e-12
0.30549211132155124	1.3764235887218043e-12
0.3108135902739475	1.3068542820953443e-12
0.31622776601683794	1.2408006003280937e-12
0.3217362532695598	1.1780848897193023e-12
0.3273406948788381	1.1185384767954393e-12
0.3330427623087463	1.0620012129186027e-12
0.33884415613920255	1.0083210465312459e-12
0.34474660657314926	9.57353608624461e-13
0.35075187395256796	9.089618273794589e-13
0.35686174928348113	8.63015558474591e-13
0.3630780547701014	8.193912344270888e-13
0.36940264435828335	7.779715320850236e-13
0.37583740428844414	7.38645057079793e-13
0.3823842536581126	7.013060443487562e-13
0.3890451449942805	6.658540721768494e-13
0.3958220648357224	6.321937935860416e-13
0.4027170343254591	6.002346789637631e-13
0.4097321098135415	5.698907719961575e-13
0.4168693834703353	5.410804614144193e-13
0.42413098391048815	5.137262571152898e-13
0.43151907682776525	4.877545848009125e-13
0.4390358656409445	4.630955784176749e-13
0.44668359215096304	4.3968292761223357e-13
0.4544645372095087	4.174536535606832e-13
0.46238102139926035	3.963479451431439e-13
0.470435405725976	3.763090358963829e-13
0.47863009232263826	3.5728301908747267e-13
0.4869675251658631	3.392187116122562e-13
0.49545019080479	3.2206751557946865e-13
0.5040806191026693	3.057832894583985e-13
0.5128613839913648	2.903222215319505e-13
0.5217951042390023	2.75642713844468e-13
0.5308844442309882	2.6170526986158847e-13
0.5401321147646347	2.484723887861318e-13
0.5495408738576245	2.3590846387494924e-13
0.5591135275705599	2.239796875502282e-13
0.5688529308438414	2.1265396030890147e-13
0.5787619883491206	2.0190080398336406e-13
0.588843655355589	1.9169128019069071e-13
0.5991009386113537	1.8199791456028447e-13
0.609536897240169	1.7279461838362927e-13
0.6201546436537854	1.6405662196913302e-13
0.630957344480193	1.5576040719533965e-13
0.6419482215080357	1.4788364421206542e-13
0.6531305526474723	1.4040513142665357e-13
0.6645076729077796	1.333047358627501e-13
0.6760829753919816	1.265633501197976e-13
0.6878599123088075	1.20162823944443e-13
0.6998419960022735	1.1408592908849274e-13
0.7120327999992025	1.0831630164161389e-13
0.7244359600749899	1.0283841099742413e-13
0.7370551753379343	9.763750924328886e-14
0.7498942093324559	9.269959374384038e-14
0.7629568911615328	8.80113696888585e-14
0.7762471166286916	8.356021367900332e-14
0.7897688493998856	7.933414077218724e-14
0.8035261221856173	7.532177157298396e-14
0.8175230379436498	7.15123017510618e-14
0.8317637711026709	6.78954732667062e-14
0.8462525688072693	6.446154632789372e-14
0.8609937521846003	6.120127352392497e-14
0.875991717633117	5.810587483847589e-14
0.8912509381337455	5.516701410437433e-14
0.906775964583905	5.237677632856659e-14
0.9225714271547628	4.9727646855896084e-14
0.9386420366721351	4.7212490863145515e-14
0.9549925860214359	4.482453400945394e-14
0.9716279515771058	4.255734374626962e-14
0.9885530946569385	4.040481499965182e-14
1.005773063001738	3.836115005903072e-14
1.0232929922807537	3.642084229048408e-14
1.0411181076233396	3.45786660708645e-14
1.0592537251772887	3.282965905471954e-14
1.0777052536943212	3.116910982476363e-14
1.096478196143185	2.959254511903596e-14
1.115578151350852	2.8095717984399843e-14
1.1350108156723142	2.6674596016406455e-14
1.1547819846894583	2.5325350766975542e-14
1.174897554939529	2.404434734665563e-14
1.195363525673719	2.282813464977623e-14
1.2161860006463678	2.167343607418523e-14
1.237371189935352	2.0577140654436025e-14
1.2589254117941675	1.9536294826278666e-14
1.2808550945362784	1.854809426293974e-14
1.3031667784522987	1.7609876515873248e-14
1.3258671177605594	1.6719113680214916e-14
1.3489628825916533	1.5873405720596093e-14
1.372460961007561	1.507047402484852e-14
1.3963683610559376	1.4308155104663072e-14
1.4206922128601815	1.3584394899365541e-14
1.4454397707459279	1.2897241313088533e-14
1.4706184154045603	1.224484696774836e-14
1.4962356560944328	1.1625451747070816e-14
1.5222991328804203	1.1037388282664909e-14
1.5488166189124812	1.047906856030806e-14
1.5757960227439234	9.948989868176333e-15
1.6032453906900417	9.445723817106203e-15
1.631172909227838	8.967914252557055e-15
1.6595869074375598	8.514273607889368e-15
1.6884958594867534	8.083579432773647e-15
1.7179083871575875	7.674671100594988e-15
1.7478332624182173	7.286446660916376e-15
1.7782794100389228	6.917859973011364e-15
1.8092559102538202	6.567917694036788e-15
1.8407720014689564	6.2356768065096796e-15
1.8728370830175485	5.920241945518563e-15
1.9054607179632463	5.620763040623146e-15
1.9386526359522076	5.336433010827997e-15
1.9724227361148534	5.066485615590193e-15
2.006781090018188	4.810193343836945e-15
2.0417379446695296	4.566865491799782e-15
2.077303725572563	4.335845468805676e-15
2.1134890398366455	4.116512364618595e-15
2.1503046793402567	3.908274186112811e-15
2.1877616239495516	3.710570402136548e-15
2.2258710447930032	3.5228667961104694e-15
2.2646443075930596	3.3446582151227796e-15
2.304092976055845	3.175464341414866e-15
2.344228815319923	3.014829206416623e-15
2.385063795465105	2.8623198694732645e-15
2.4266100950824145	2.7175252950045492e-15
2.468880104906209	2.580055240763758e-15
2.5118864315095797	2.4495392022643074e-15
2.555641901064137	2.3256254168153897e-15
2.6001595631652723	2.2079783982004646e-15
2.6454526947240486	2.0962856064734987e-15
2.691534803926914	1.9902414673612203e-15
2.7384196342643614	1.8895616811700535e-15
2.7861211686297693	1.7939748919137033e-15
2.834653633489668	1.7032233166214463e-15
2.8840315031266055	1.6170626751679654e-15
2.934269503955967	1.5352602385471913e-15
2.9853826189179604	1.4575962316174362e-15
3.037386091946104	1.3838609644758952e-15
3.0902954325135887	1.313855699847286e-15
3.1441264202587957	1.2473920128890332e-15
3.198895109691397	1.1842902291795568e-15
3.254617834980457	1.124380547181376e-15
3.311311214825911	1.067501492368105e-15
3.368992157414906	1.0134997036644165e-15
3.427677865464501	9.6222974132437e-16
3.4873858413521837	9.13553396858972e-16
3.5481338923357533	8.673393586662142e-16
3.609940135864167	8.234631727944341e-16
3.672823004980846	7.818065433037939e-16
3.736801253821156	7.422571914229024e-16
3.801893963205613	7.047085176129225e-16
3.868120546330521	6.690593152144202e-16
3.9355007545577725	6.352134970208498e-16
4.004054683305464	6.030798355037116e-16
4.073802778041126	5.72571658861615e-16
4.144765840379389	5.436068607544735e-16
4.216965034285822	5.161071782666601e-16
4.290421892388853	4.899987529111264e-16
4.365158322401657	4.652110763848672e-16
4.4411966136558885	4.4167742754630266e-16
4.518559443749222	4.193341855057851e-16
4.597269885308723	3.9812122507794555e-16
4.677351412871981	3.779813526759313e-16
4.758827909888166	3.5886028967931525e-16
4.841723675840994	3.40706530404976e-16
4.926063433495771	3.2347113521421064e-16
5.01187233627272	3.0710761356183213e-16
5.099175975748701	2.915718638265035e-16
5.188000389289609	2.768220377562394e-16
5.278372067815764	2.6281836450045625e-16
5.370317963702527	2.4952309862589507e-16
5.46386549881854	2.3690040335100065e-16
5.559042572704037	2.249162558827223e-16
5.655877570891539	2.1353835360100384e-16
5.754399373371567	2.027360040974539e-16
5.854637363205773	1.924801409433069e-16
5.956621435290104	1.8274309397884436e-16
6.06038200527066	1.7349861667446888e-16
6.165950018614822	1.6472179376268798e-16
6.273356959840379	1.5638896664415302e-16
6.3826348619054825	1.4847767031989757e-16
6.493816315762113	1.409665847686527e-16
6.6069344800759575	1.338354693530181e-16
6.722023091115663	1.270650895498286e-16
6.839116472814292	1.2063720909435485e-16
6.95824954700605	1.1453449687975416e-16
7.07945784384138	1.0874052153541564e-16
7.202777512383407	1.032396369970906e-16
7.328245331389037	9.801702771355875e-17
7.4558987202778155	9.305861582420617e-17
7.585775750291836	8.835103688321246e-17
7.717915155850119	8.388160179023033e-17
7.852356346100718	7.963826343725127e-17
7.989139416674041	7.560958422212192e-17
8.128305161640986	7.178469551930812e-17
8.269895085679318	6.815330761683673e-17
8.413951416451948	6.470561924358257e-17
8.560517117200948	6.143234245353642e-17
8.709635899560805	5.832465212667094e-17
8.861352236594994	5.537417146794374e-17
9.01571137605957	5.257294544670825e-17
9.172759353897794	4.991342822654693e-17
9.332543007969905	4.738844234136053e-17
9.495109992021984	4.4991195149206784e-17
9.660508789898131	4.2715218181788364e-17
9.828788730000316	4.055437425749721e-17
10.	3.850284403645108e-17