0.01	0.000024329984775964798
0.011	0.000026763302864160256
0.012	0.000029196551050590568
0.013000000000000001	0.00003162975419686816
0.014	0.000034062927263029415
0.015	0.00003649607962011458
0.016	0.00003892921734256379
0.017	0.000041362344485844576
0.018000000000000002	0.000043795463828030925
0.019000000000000003	0.0000462285773156831
0.02	0.00004866168634034666
0.020999999999999998	0.00005109479191476151
0.022	0.000053527894787921516
0.023	0.000055960995521861215
0.024	0.00005839409454391774
0.025	0.000060827192182940323
0.026000000000000002	0.00006326028869478824
0.027000000000000003	0.0000656933842805548
0.028000000000000004	0.00006812647909977074
0.028999999999999998	0.00007055957328009126
0.03	0.00007299266692448628
0.031	0.00007542576011663502
0.032	0.00007785885292501428
0.033	0.0000802919454060256
0.034	0.00008272503760640844
0.035	0.00008515812956511744
0.036000000000000004	0.00008759122131479415
0.037	0.00009002431288292922
0.038	0.00009245740429278638
0.039	0.00009489049556414153
0.04	0.00009732358671387803
0.041	0.00009975667775646849
0.042	0.00010218976870436696
0.043000000000000003	0.00010462285956832998
0.044000000000000004	0.00010705595035768046
0.045000000000000005	0.00010948904108052574
0.046000000000000006	0.00011192213174393862
0.047	0.00011435522235410802
0.048	0.00011678831291646544
0.049	0.0001192214034357907
0.05	0.00012165449391630152
0.051000000000000004	0.00012408758436172903
0.052000000000000005	0.00012652067477538225
0.053000000000000005	0.00012895376516020243
0.054	0.00013138685551881022
0.055	0.00013381994585354544
0.056	0.00013625303616650184
0.057	0.00013868612645955638
0.058	0.0001411192167343954
0.059000000000000004	0.00014355230699253653
0.060000000000000005	0.00014598539723534822
0.061000000000000006	0.00014841848746406647
0.062000000000000006	0.00015085157767980964
0.063	0.00015328466788359118
0.064	0.00015571775807633113
0.065	0.00015815084825886579
0.066	0.00016058393843195669
0.067	0.0001630170285962981
0.068	0.00016545011875252386
0.069	0.0001678832089012137
0.06999999999999999	0.00017031629904289816
0.071	0.00017274938917806375
0.072	0.0001751824793071568
0.073	0.00017761556943058772
0.074	0.0001800486595487337
0.075	0.00018248174966194267
0.076	0.00018491483977053496
0.077	0.00018734792987480658
0.078	0.00018978101997503094
0.079	0.00019221411007146097
0.08	0.00019464720016433082
0.081	0.00019708029025385763
0.082	0.00019951338034024274
0.08299999999999999	0.00020194647042367305
0.08399999999999999	0.0002043795605043225
0.08499999999999999	0.00020681265058235265
0.086	0.00020924574065791406
0.087	0.00021167883073114704
0.088	0.0002141119208021823
0.089	0.00021654501087114197
0.09	0.00021897810093813997
0.091	0.00022141119100328312
0.092	0.00022384428106667095
0.093	0.0002262773711283969
0.094	0.00022871046118854848
0.095	0.00023114355124720758
0.096	0.00023357664130445115
0.097	0.00023600973136035145
0.09799999999999999	0.00023844282141497627
0.09899999999999999	0.0002408759114683894
0.09999999999999999	0.00024330900152065083
0.10099999999999999	0.000245742091571817
0.102	0.0002481751816219411
0.103	0.00025060827167107326
0.104	0.0002530413617192605
0.105	0.0002554744517665477
0.106	0.00025790754181297674
0.107	0.0002603406318585873
0.108	0.0002627737219034171
0.109	0.0002652068119475014
0.11	0.000267639901990874
0.111	0.0002700729920335665
0.112	0.00027250608207560905
0.113	0.0002749391721170302
0.114	0.0002773722621578569
0.11499999999999999	0.00027980535219811485
0.11599999999999999	0.00028223844223782826
0.11699999999999999	0.0002846715322770202
0.118	0.0002871046223157128
0.119	0.0002895377123539266
0.12	0.0002919708023916815
0.121	0.0002944038924289963
0.122	0.0002968369824658888
0.123	0.00029927007250237625
0.124	0.00030170316253847444
0.125	0.00030413625257419934
0.126	0.0003065693426095653
0.127	0.0003090024326445864
0.128	0.000311435522679276
0.129	0.0003138686127136469
0.13	0.00031630170274771127
0.131	0.00031873479278148075
0.132	0.0003211678828149663
0.133	0.00032360097284817865
0.134	0.00032603406288112777
0.135	0.0003284671529138234
0.136	0.0003309002429462749
0.137	0.00033333333297849103
0.138	0.0003357664230104802
0.139	0.0003381995130422506
0.14	0.00034063260307380997
0.14100000000000001	0.0003430656931060949
0.14200000000000002	0.00034549878314374003
0.14300000000000002	0.0003479318731922593
0.14400000000000002	0.0003503649632571175
0.14500000000000002	0.00035279805334372747
0.14600000000000002	0.00035523114345746543
0.14700000000000002	0.0003576642336036646
0.14800000000000002	0.0003600973237876076
0.14900000000000002	0.0003625304140146115
0.15000000000000002	0.00036496350428983525
0.15100000000000002	0.00036739659461857094
0.15200000000000002	0.0003698296850059306
0.15300000000000002	0.00037226277545709697
0.15400000000000003	0.00037469586597724714
0.155	0.00037712895657151114
0.156	0.0003795620472449676
0.157	0.0003819951380027148
0.158	0.0003844282288500222
0.159	0.00038686131979155896
0.16	0.0003892944108332022
0.161	0.00039172750197897697
0.162	0.00039416059323493747
0.163	0.0003965936846056589
0.164	0.0003990267760961829
0.165	0.0004014598677120306
0.166	0.0004038929594580029
0.167	0.00040632605133937496
0.168	0.000408759143361091
0.169	0.00041119223552816316
0.17	0.0004136253278464989
0.171	0.000416058420320429
0.17200000000000001	0.0004184915129555885
0.17300000000000001	0.0004209246057568479
0.17400000000000002	0.000423357698729983
0.17500000000000002	0.0004257907918799962
0.17600000000000002	0.00042822388521194745
0.17700000000000002	0.0004306569787322474
0.17800000000000002	0.00043309007244133094
0.17900000000000002	0.00043552316635439234
0.18000000000000002	0.0004379562604698271
0.18100000000000002	0.00044038935479033775
0.18200000000000002	0.00044282244932748315
0.18300000000000002	0.0004452555440841114
0.18400000000000002	0.0004476886390675476
0.18500000000000003	0.00045012173428071283
0.186	0.00045255482973105375
0.187	0.0004549879254261144
0.188	0.00045742102136438754
0.189	0.00045985411755806424
0.19	0.0004622872140102843
0.191	0.00046472031072883465
0.192	0.00046715340772159996
0.193	0.00046958650498717016
0.194	0.00047201960253819806
0.195	0.0004744527003732982
0.196	0.0004768857985100626
0.197	0.0004793188969424096
0.198	0.00048175199568333276
0.199	0.00048418509473633676
0.2	0.0004866181941097924
0.201	0.0004890512938121674
0.202	0.0004914843938421977
0.203	0.000493917494213339
0.20400000000000001	0.0004963505949293146
0.20500000000000002	0.000498783695998836
0.20600000000000002	0.0005012167974206872
0.20700000000000002	0.000503649899213701
0.20800000000000002	0.0005060830013767592
0.20900000000000002	0.0005085161039137305
0.21000000000000002	0.000510949206838704
0.21100000000000002	0.0005880305198203314
0.21200000000000002	0.0006211797386881567
0.21300000000000002	0.0006470473986707052
0.21400000000000002	0.0006691273845449699
0.21500000000000002	0.0006887765497704481
0.21600000000000003	0.0007066925886801307
0.21700000000000003	0.0007232910653739356
0.21800000000000003	0.0007388434753926087
0.219	0.0007535389177695715
0.22	0.0007675154562008388
0.221	0.0007808776084481816
0.222	0.000793706801508277
0.223	0.0008060679708128081
0.224	0.0008180139120668261
0.225	0.0008295882563985184
0.226	0.0008408275668742978
0.227	0.0008517628544063848
0.228	0.0008624206983505341
0.229	0.0008728240913572559
0.23	0.0008829930868261965
0.231	0.0008929453029478672
0.232	0.0009026963204960384
0.233	0.0009122600001502631
0.234	0.0009216487388416705
0.23500000000000001	0.0009308736787019109
0.23600000000000002	0.0009399448789633359
0.23700000000000002	0.000948871458497966
0.23800000000000002	0.0009576617152981474
0.23900000000000002	0.0009663232262313126
0.24000000000000002	0.0009748629326221328
0.24100000000000002	0.0009832872124790795
0.24200000000000002	0.000991601942542626
0.24300000000000002	0.000999812551799511
0.24400000000000002	0.001007924067938873
0.24500000000000002	0.0010159411576621266
0.24600000000000002	0.0010238681617791396
0.24700000000000003	0.0010317091261564306
0.24800000000000003	0.001039467828855713
0.24900000000000003	0.0010471478044108463
0.25	0.0010547523647188252
0.251	0.0010622846184834204
0.252	0.0010697474877091077
0.253	0.0010771437230840154
0.254	0.0010844759175061382
0.255	0.0010917465183701211
0.256	0.0010989578384084527
0.257	0.0011061120659092663
0.258	0.0011132112735657278
0.259	0.0011202574266807907
0.26	0.0011272523908241318
0.261	0.001134197938454749
0.262	0.0011410957552063076
0.263	0.001147947445583301
0.264	0.001154754538184344
0.265	0.0011615184905644535
0.266	0.0011682406934562797
0.267	0.0011749224750301536
0.268	0.0011815651046491885
0.269	0.0011881697961435658
0.27	0.0011947377112818832
0.271	0.0012012699625516452
0.272	0.001207767615919596
0.273	0.0012142316936620931
0.274	0.0012206631763557719
0.275	0.0012270630053647506
0.276	0.0012334320848477096
0.277	0.001239771283760386
0.278	0.0012460814374621449
0.279	0.0012523633496087142
0.28	0.0012586177937372817
0.281	0.0012649789930339911
0.28200000000000003	0.0012714258438621887
0.28300000000000003	0.0012779211462672889
0.28400000000000003	0.0012844520959601462
0.28500000000000003	0.0012910118291471918
0.28600000000000003	0.0012975957185060042
0.28700000000000003	0.001304200640377287
0.28800000000000003	0.001310824233117312
0.28900000000000003	0.0013174647719776443
0.29000000000000004	0.0013241207586348284
0.29100000000000004	0.0013307911393493728
0.29200000000000004	0.0013374750300669002
0.29300000000000004	0.0013441715068568327
0.29400000000000004	0.0013508803222160894
0.29500000000000004	0.001357600051353429
0.29600000000000004	0.0013643313142185063
0.29700000000000004	0.0013710726206327588
0.29800000000000004	0.0013778246127082706
0.299	0.0013845871924751591
0.3	0.00139135878000532
0.301	0.001398139951433841
0.302	0.0014049305367391676
0.303	0.001411729608012324
0.304	0.0014185384264169488
0.305	0.001425355284285843
0.306	0.001432181413113044
0.307	0.0014390158037894092
0.308	0.0014458589176310846
0.309	0.001452710455415146
0.31	0.0014595700996337037
0.311	0.0014664375150171456
0.312	0.001473313867069097
0.313	0.0014801972771763205
0.314	0.0014870888861292428
0.315	0.0014939890712225676
0.316	0.0015008966650153866
0.317	0.00150781201669292
0.318	0.0015147354691734647
0.319	0.0015216665829320764
0.32	0.0015286049030131938
0.321	0.0015355515207255874
0.322	0.0015425051814282932
0.323	0.0015494669633096066
0.324	0.0015564363722918673
0.325	0.0015634128996881347
0.326	0.0015703976085001418
0.327	0.0015773891798780105
0.328	0.0015843886650918897
0.329	0.001591396320223085
0.33	0.0015984107912951225
0.331	0.001605433116677838
0.332	0.001612462724859848
0.333	0.0016195006510339015
0.334	0.0016265454986082095
0.335	0.0016335982926853115
0.336	0.0016406584305412625
0.337	0.0016477261140714948
0.338	0.0016548015447400183
0.339	0.0016618840926345506
0.34	0.001668974771889034
0.341	0.0016760737727719813
0.342	0.0016831796183118424
0.343	0.001690293312800133
0.34400000000000003	0.001697415868257618
0.34500000000000003	0.0017045449435035733
0.34600000000000003	0.0017116823772272537
0.34700000000000003	0.0017188283364169077
0.34800000000000003	0.001725981289560067
0.34900000000000003	0.0017331430831796853
0.35000000000000003	0.0017403121719981843
0.35100000000000003	0.0017474946759095458
0.35200000000000004	0.0017546728001220657
0.35300000000000004	0.0017618714881458151
0.35400000000000004	0.001769073756617583
0.35500000000000004	0.0017762797038003582
0.35600000000000004	0.0017835067477987871
0.35700000000000004	0.0017907290669772853
0.35800000000000004	0.0017979641015638378
0.35900000000000004	0.0018052120132278728
0.36000000000000004	0.0018124642017952807
0.36100000000000004	0.0018197295357502748
0.362	0.0018269993644584427
0.363	0.0018342826007314971
0.364	0.0018415705419065
0.365	0.0018488721461646911
0.366	0.0018561786589804646
0.367	0.0018634990840654987
0.368	0.001870824616083029
0.369	0.001878164303536194
0.37	0.00188550928773316
0.371	0.00189286866569039
0.372	0.0019002335272976824
0.373	0.001907613014640392
0.374	0.0019150072660701128
0.375	0.001922398169581026
0.376	0.0019298131621075148
0.377	0.0019372341039474586
0.378	0.0019446610564693807
0.379	0.0019521033003857193
0.38	0.00195956096686232
0.381	0.0019670249168169634
0.382	0.001974495204392367
0.383	0.00198199052292485
0.384	0.0019894830440510005
0.385	0.001997000848947533
0.386	0.0020045253520717178
0.387	0.002012056604390265
0.388	0.002019613537653845
0.389	0.002027177416578581
0.39	0.002034748289377351
0.391	0.0020423357177187865
0.392	0.0020499398201261304
0.393	0.0020575607161858202
0.394	0.0020651889363808807
0.395	0.0020728341363910005
0.396	0.002080496432443244
0.397	0.002088166279662316
0.398	0.002095853404420399
0.399	0.002103557919715763
0.4	0.002111279940735891
0.401	0.002119009821388567
0.402	0.0021267671635479273
0.403	0.0021345325406772536
0.404	0.002142315819981826
0.405	0.0021501171123132477
0.406	0.0021579365249347446
0.40700000000000003	0.0021657642647630215
0.40800000000000003	0.0021736202218141706
0.40900000000000003	0.00218149462416022
0.41000000000000003	0.0021893776029535137
0.41100000000000003	0.002197289191450778
0.41200000000000003	0.0022052095206743895
0.41300000000000003	0.0022131587190976866
0.41400000000000003	0.0022211268923300093
0.41500000000000004	0.002229104046120217
0.41600000000000004	0.0022371104553550766
0.41700000000000004	0.0022451361501012006
0.41800000000000004	0.002253181231904653
0.41900000000000004	0.00226125599850151
0.42000000000000004	0.0022693401865281895
0.42100000000000004	0.002277454321225561
0.42200000000000004	0.002285588304368923
0.42300000000000004	0.0022937422363633417
0.42400000000000004	0.002301926533481458
0.42500000000000004	0.0023101310276289404
0.42600000000000005	0.0023183558179165255
0.427	0.0023266113934074253
0.428	0.002334887510737043
0.429	0.0023431947057757385
0.43	0.0023515226877989692
0.431	0.0023598715529162062
0.432	0.0023682519109747054
0.433	0.002376663928206931
0.434	0.0023850972172207024
0.435	0.002393562455567341
0.436	0.002402059813703639
0.437	0.002410578824927894
0.438	0.0024191302419471782
0.439	0.002427714233284872
0.44	0.0024363309647198405
0.441	0.0024449698732799366
0.442	0.002453652561882771
0.443	0.0024623577113990144
0.444	0.002471096218660455
0.445	0.002479879075479922
0.446	0.0024886848179062364
0.447	0.0024975244140422515
0.448	0.002506408928711055
0.449	0.0025153167502820354
0.45	0.0025242698677176646
0.451	0.002533257544770141
0.452	0.002542279946163616
0.453	0.002551348256293824
0.454	0.002560451664936236
0.455	0.002569590336186772
0.456	0.002578775527803113
0.457	0.0025879963558531993
0.458	0.0025972641252861124
0.459	0.002606567905389319
0.46	0.002615907856880026
0.461	0.002625295358051836
0.462	0.002634730643162805
0.463	0.0026442139476547267
0.464	0.002653734214953796
0.465	0.002663291607985657
0.466	0.0026729089616858446
0.467	0.002682563858527102
0.468	0.002692279232741946
0.46900000000000003	0.0027020325678307933
0.47000000000000003	0.0027118354599424757
0.47100000000000003	0.0027216766814949097
0.47200000000000003	0.0027315793611356596
0.47300000000000003	0.0027415322952438932
0.47400000000000003	0.002751535717896219
0.47500000000000003	0.002761589859534977
0.47600000000000003	0.0027716949515439637
0.47700000000000004	0.0027818628345048974
0.47800000000000004	0.002792070550999535
0.47900000000000004	0.0028023415691245195
0.48000000000000004	0.002812664514975821
0.48100000000000004	0.0028230513211857265
0.48200000000000004	0.0028334905672125236
0.48300000000000004	0.0028439824833775174
0.48400000000000004	0.002854539076030264
0.48500000000000004	0.002865160649353565
0.48600000000000004	0.0028758356837822866
0.48700000000000004	0.0028865762558368995
0.48800000000000004	0.0028973707982259816
0.48900000000000005	0.002908231438216336
0.49	0.0029191584793599075
0.491	0.002930152226254459
0.492	0.002941212979793242
0.493	0.0029523410431401735
0.494	0.0029635367217202844
0.495	0.0029748003148874352
0.496	0.0029861200609057705
0.497	0.002997532463242449
0.498	0.0030090016213242697
0.499	0.003020552048067761
0.5	0.0030321719533964696
0.501	0.003043861638354868
0.502	0.0030556336192318167
0.503	0.0030674882710462928
0.504	0.003079401445683327
0.505	0.0030914102308488424
0.506	0.003103502764115968
0.507	0.003115667085612033
0.508	0.003127915855767152
0.509	0.003140249446603652
0.51	0.0031526682473939434
0.511	0.0031651726126008133
0.512	0.0031777629288579456
0.513	0.003190452040859382
0.514	0.003203215407182107
0.515	0.0032160783659215225
0.516	0.0032290413752178444
0.517	0.0032420923179042552
0.518	0.0032552315287649124
0.519	0.0032684846746704474
0.52	0.003281826973693737
0.521	0.0032952587728218817
0.522	0.003308805859608451
0.523	0.0033224560309036443
0.524	0.0033361969823826774
0.525	0.0033500546488391754
0.526	0.0033640295250334552
0.527	0.0033780965110306272
0.528	0.003392281674804375
0.529	0.0034065855094127092
0.53	0.003420995666822668
0.531	0.003435512591821839
0.532	0.0034501625975294032
0.533	0.003464933322825139
0.534	0.0034798123184163897
0.535	0.0034948260369692314
0.536	0.0035099489990785583
0.537	0.003525234183452752
0.538	0.0035406166016224267
0.539	0.003556136034689043
0.54	0.003571793115134848
0.541	0.003587587751724021
0.542	0.003603508688982877
0.543	0.00361958222669468
0.544	0.003635795093506329
0.545	0.00365214925656304
0.546	0.0036686439563079617
0.547	0.003685280462014631
0.548	0.003702086045490699
0.549	0.0037190347170721616
0.55	0.003736140463591298
0.551	0.0037534032956959306
0.552	0.0037708252038898436
0.553	0.0037884189927566503
0.554	0.003806172568144221
0.555	0.0038241001520534865
0.556	0.003842188900105816
0.557	0.00386046596224251
0.558	0.003878906335993601
0.559	0.0038975365465036085
0.56	0.003916358072562617
0.561	0.003935358100820553
0.562	0.003954551060614124
0.5630000000000001	0.003973937750396879
0.5640000000000001	0.003993518295816008
0.5650000000000001	0.004013294923934366
0.5660000000000001	0.0040332808157400825
0.5670000000000001	0.004053476882983903
0.5680000000000001	0.004073885402603863
0.5690000000000001	0.004094505852890839
0.5700000000000001	0.004115354428715393
0.5710000000000001	0.004136416782053885
0.5720000000000001	0.00415770774220168
0.5730000000000001	0.004179256132823577
0.5740000000000001	0.004201023310360906
0.5750000000000001	0.004222980748761996
0.5760000000000001	0.0042452693763513055
0.5770000000000001	0.004267750276229447
0.5780000000000001	0.004290424204648886
0.5790000000000001	0.00431342573317209
0.5800000000000001	0.004336629305844783
0.5810000000000001	0.004360170011167465
0.5820000000000001	0.0043840493500859196
0.5830000000000001	0.004408119852067593
0.5840000000000001	0.004432396435122495
0.5850000000000001	0.00445700799361023
0.5860000000000001	0.004481970265575959
0.587	0.00450727760920656
0.588	0.004532781289873661
0.589	0.004558639686700475
0.59	0.004584696432073167
0.591	0.004611246986285819
0.592	0.004638012708069532
0.593	0.004665124277518634
0.594	0.004692590373894229
0.595	0.004720419713219496
0.596	0.00474859933637763
0.597	0.004777137933349218
0.598	0.004805891569099223
0.599	0.004835152434430159
0.6	0.004864776809003143
0.601	0.004894766158474492
0.602	0.0049252684890221336
0.603	0.004955992623039855
0.604	0.004987233194767342
0.605	0.00501883791316278
0.606	0.005050970431604651
0.607	0.005083477964323924
0.608	0.005116354606698081
0.609	0.005149764836363336
0.61	0.005183547658738082
0.611	0.005217860676765041
0.612	0.005252564658922043
0.613	0.005287795384584856
0.614	0.00532356256335206
0.615	0.0053598684232728355
0.616	0.005396565357369152
0.617	0.005433805008002729
0.618	0.005471589587460952
0.619	0.0055100720681639705
0.62	0.005548946160538458
0.621	0.0055883795367716385
0.622	0.00562836688119016
0.623	0.0056690546139919855
0.624	0.0057103013970468824
0.625	0.00575210947963271
0.626	0.005794641175234443
0.627	0.005837723879578973
0.628	0.005881382874140955
0.629	0.005925765947307763
0.63	0.005970875922804314
0.631	0.006016708411187704
0.632	0.0060631278044260255
0.633	0.006110275155836319
0.634	0.006158161114530049
0.635	0.006206788826003352
0.636	0.006256161270695177
0.637	0.006306281464318872
0.638	0.006357299986090632
0.639	0.006409080573190059
0.64	0.0064616110650474665
0.641	0.006515057988233378
0.642	0.006569268884267745
0.643	0.006624403630283397
0.644	0.006680301198753745
0.645	0.006737286511008779
0.646	0.0067950497588338075
0.647	0.006853751495262853
0.648	0.006913395648116518
0.649	0.0069741437069024415
0.65	0.007035834590333728
0.651	0.007098479797139329
0.652	0.007162083383443802
0.653	0.007226800255439019
0.654	0.007292642632975572
0.655	0.007359456197129855
0.656	0.007427563787853873
0.657	0.007496651385741845
0.658	0.007566874945499926
0.659	0.007638078585423285
0.66	0.007710764395997211
0.661	0.007784439856196576
0.662	0.007859439360884984
0.663	0.007935598525411064
0.664	0.008013092467630493
0.665	0.00809176433554606
0.666	0.00817177297998423
0.667	0.00825313238698942
0.668	0.008335677223936105
0.669	0.00841974607599851
0.67	0.008505174307355144
0.671	0.008591975522300883
0.672	0.008680155574869949
0.673	0.008769703640621946
0.674	0.008860814212598218
0.675	0.008953304778073757
0.676	0.009047362384155936
0.677	0.009142993193057088
0.678	0.009240022386987628
0.679	0.009338638029182906
0.68	0.009438846507723302
0.681	0.009540637939003926
0.682	0.009644035918873427
0.683	0.00974920521579958
0.684	0.009855811957158914
0.685	0.009964054300733211
0.686	0.010074081151310555
0.687	0.010185574207804714
0.6880000000000001	0.010298874723240627
0.6890000000000001	0.010413990777238674
0.6900000000000001	0.010530754079579345
0.6910000000000001	0.010649188758748268
0.6920000000000001	0.010769285804116438
0.6930000000000001	0.010891229258003527
0.6940000000000001	0.01101469045526442
0.6950000000000001	0.011140175097644481
0.6960000000000001	0.01126718448591597
0.6970000000000001	0.011395904442488832
0.6980000000000001	0.011526511485320749
0.6990000000000001	0.01165882966559368
0.7000000000000001	0.011792703990597102
0.7010000000000001	0.011928323474102907
0.7020000000000001	0.012065678098199929
0.7030000000000001	0.012204614604895112
0.7040000000000001	0.012345314009568516
0.7050000000000001	0.012487612551837207
0.7060000000000001	0.012631333102239023
0.7070000000000001	0.012776843248293483
0.7080000000000001	0.012923626963146667
0.7090000000000001	0.013072041990938692
0.7100000000000001	0.013221912675270925
0.7110000000000001	0.013373088598454297
0.7120000000000001	0.013525575458879172
0.7130000000000001	0.01367954329825633
0.714	0.013834488563310429
0.715	0.013990769949733977
0.716	0.014148040889377086
0.717	0.014306314466021267
0.718	0.014465416997245767
0.719	0.014625543241167268
0.72	0.014786341056537257
0.721	0.014947656770759186
0.722	0.015109666273423798
0.723	0.015272028375888274
0.724	0.015434757680840818
0.725	0.0155976894411936
0.726	0.015760651940844486
0.727	0.015923651583222016
0.728	0.01608636276921743
0.729	0.016248797433605612
0.73	0.01641095231522769
0.731	0.01657232970230975
0.732	0.01673310703148979
0.733	0.016892965686114498
0.734	0.017051733922195614
0.735	0.017209432220234768
0.736	0.01736592165391455
0.737	0.017520863709329718
0.738	0.01767429245521112
0.739	0.017826056268312577
0.74	0.017976035512875705
0.741	0.018124075702430447
0.742	0.018270060008169817
0.743	0.018413878801923213
0.744	0.018555581573217305
0.745	0.01869509106666048
0.746	0.01883248395068019
0.747	0.01896732335931128
0.748	0.019100311250777574
0.749	0.01923084511224617
0.75	0.01935944005656718
0.751	0.019486153356191038
0.752	0.01961120657371358
0.753	0.019734905674158303
0.754	0.01985752838739497
0.755	0.019979535994015505
0.756	0.02010175185246548
0.757	0.02022453034249183
0.758	0.02034896819664414
0.759	0.020476266725921854
0.76	0.020607469151879
0.761	0.020744161467059728
0.762	0.020888484670047017
0.763	0.02104314633946763
0.764	0.021210797647043193
0.765	0.021395464058904155
0.766	0.021602277458383
0.767	0.02183722757502891
0.768	0.02210839507197277
0.769	0.022426402979576786
0.77	0.022804868912563607
0.771	0.023262181506634255
0.772	0.02382289817084779
0.773	0.02452027324624664
0.774	0.02539890005747465
0.775	0.026518503800976638
0.776	0.027956362687295313
0.777	0.029802047400309607
0.778	0.03213347424008887
0.779	0.03494322803596852
0.78	0.0379803967624861
0.781	0.04055568828901759
0.782	0.04162065473748894
0.783	0.04047061712395863
0.784	0.03747558269085579
0.785	0.033747930815739305
0.786	0.03022203844472854
0.787	0.027299048352333384
0.788	0.025014414291453544
0.789	0.023263197177101992
0.79	0.02191966363324158
0.791	0.02087677524723772
0.792	0.020053307853945997
0.793	0.01939020914050538
0.794	0.018845594633223932
0.795	0.018389143768260088
0.796	0.017999435359189596
0.797	0.017660473314231824
0.798	0.017360511678001643
0.799	0.01709158021046319
0.8	0.016846855425737748
0.801	0.01662908121418593
0.802	0.016425859556930895
0.803	0.016234449226067593
0.804	0.01605295274606914
0.805	0.01587963703502525
0.806	0.015713366160949396
0.807	0.015552889869075597
0.808	0.015397594789831723
0.809	0.015246773254688675
0.81	0.01509997201822851
0.811	0.014956700543173725
0.812	0.014816594822657287
0.8130000000000001	0.014679383696427073
0.8140000000000001	0.014544983132451783
0.8150000000000001	0.01441309404918366
0.8160000000000001	0.01428340924789431
0.8170000000000001	0.01415603580700566
0.8180000000000001	0.014030761904644695
0.8190000000000001	0.013907565635504817
0.8200000000000001	0.013786298631405472
0.8210000000000001	0.013667002904236223
0.8220000000000001	0.013549334650068669
0.8230000000000001	0.013433777117915659
0.8240000000000001	0.013319833546470886
0.8250000000000001	0.013207584387709971
0.8260000000000001	0.013096994709031543
0.8270000000000001	0.012988173404060216
0.8280000000000001	0.012881068972646618
0.8290000000000001	0.012775589793105821
0.8300000000000001	0.012671507937180911
0.8310000000000001	0.012569184273765611
0.8320000000000001	0.01246836414065613
0.8330000000000001	0.012369229518419816
0.8340000000000001	0.012271333814190785
0.8350000000000001	0.012175236435392575
0.8360000000000001	0.012080561292511888
0.8370000000000001	0.01198722679158037
0.8380000000000001	0.011895444790646638
0.8390000000000001	0.011804997689897984
0.8400000000000001	0.01171604706937325
0.8410000000000001	0.011628394665069946
0.8420000000000001	0.011542229707581711
0.843	0.011457310852487657
0.844	0.011373871280717304
0.845	0.011291681613514152
0.846	0.01121071944053789
0.847	0.011131208097942227
0.848	0.011052908894725337
0.849	0.010975832843824715
0.85	0.01089975085603451
0.851	0.010825103974166108
0.852	0.010751647537281736
0.853	0.01067919458840737
0.854	0.010608126666479228
0.855	0.010538073741501942
0.856	0.010468993180169014
0.857	0.010401093245692505
0.858	0.01033439921661086
0.859	0.010268688882652659
0.86	0.010204155605320567
0.861	0.01014039763015415
0.862	0.010077837743615517
0.863	0.010016241628004187
0.864	0.009955844205539825
0.865	0.009896211394977834
0.866	0.009837338306585047
0.867	0.009779669595020503
0.868	0.009722982044858608
0.869	0.009667053522771592
0.87	0.00961211488896752
0.871	0.009557943884440895
0.872	0.009504764922885083
0.873	0.009452574413758026
0.874	0.009400941535323625
0.875	0.009350297426987512
0.876	0.009300423324698522
0.877	0.009251338584963324
0.878	0.009203248385552008
0.879	0.009155725944524889
0.88	0.009108984748942962
0.881	0.009063037579977415
0.882	0.009017875008822052
0.883	0.008973494596449999
0.884	0.008929698731959207
0.885	0.0088866897087282
0.886	0.008844265858236021
0.887	0.008802641909210682
0.888	0.008761596353784883
0.889	0.008721341135914523
0.89	0.008681688166220553
0.891	0.008641548369458588
0.892	0.008603810517779253
0.893	0.008566429101409465
0.894	0.008529843605027128
0.895	0.008493839117615191
0.896	0.0084584049403205
0.897	0.008423338607086446
0.898	0.008389079278716226
0.899	0.008355179389490857
0.9	0.008322093967363841
0.901	0.00828938585172273
0.902	0.008257265323802766
0.903	0.008225528122501973
0.904	0.008194380380877522
0.905	0.008163839989892703
0.906	0.008133684852674844
0.907	0.008104128168456922
0.908	0.008074962545716265
0.909	0.008046400330641718
0.91	0.008018233008593497
0.911	0.007990448854224876
0.912	0.007963285496932294
0.913	0.00793652043667047
0.914	0.007910134337383058
0.915	0.007884162315323835
0.916	0.007858795643436263
0.917	0.007833849805854727
0.918	0.007809064870653931
0.919	0.0077849118358343065
0.92	0.007761162441974096
0.921	0.007737825408239092
0.922	0.007714891314134475
0.923	0.007692364390502386
0.924	0.0076702553995706
0.925	0.007648331402592439
0.926	0.007627044948411257
0.927	0.007605946768594265
0.928	0.007585484519281703
0.929	0.007565229188242789
0.93	0.00754515041726018
0.931	0.007525733274879352
0.932	0.00750651204813611
0.933	0.007487698675160011
0.934	0.0074693148814274045
0.935	0.0074511379230704465
0.936	0.007433382946244508
0.937	0.007415828746252266
0.9380000000000001	0.007398697747592373
0.9390000000000001	0.00738200312999354
0.9400000000000001	0.007365511801650538
0.9410000000000001	0.007349225036693805
0.9420000000000001	0.007333364140396263
0.9430000000000001	0.007317947381776729
0.9440000000000001	0.00730273562547341
0.9450000000000001	0.007287960756318111
0.9460000000000001	0.007273175714129441
0.9470000000000001	0.0072590476654889645
0.9480000000000001	0.007244903940480876
0.9490000000000001	0.0072312068978988234
0.9500000000000001	0.007217957170987999
0.9510000000000001	0.0072046828971288526
0.9520000000000001	0.007191853188883322
0.9530000000000001	0.007179482570734509
0.9540000000000001	0.007167125566191301
0.9550000000000001	0.007155141810927063
0.9560000000000001	0.007143436776137319
0.9570000000000001	0.007131982359050697
0.9580000000000001	0.007120788328914348
0.9590000000000001	0.007109860758624118
0.9600000000000001	0.007099187289931364
0.9610000000000001	0.007088763225170462
0.9620000000000001	0.007078604909010629
0.9630000000000001	0.007068684138382958
0.9640000000000001	0.007059029983502295
0.9650000000000001	0.007049611595044877
0.9660000000000001	0.007040412376143474
0.9670000000000001	0.007031448855696392
0.9680000000000001	0.007022754420508601
0.9690000000000001	0.007014263239914609
0.97	0.007006038847773611
0.971	0.006998030147068026
0.972	0.0069902542685166495
0.973	0.0069826930412802465
0.974	0.006975383006927511
0.975	0.006968296589386386
0.976	0.006961450906403949
0.977	0.006954821138816474
0.978	0.00694843849631587
0.979	0.006942313780369384
0.98	0.006936416677893588
0.981	0.006930769426534179
0.982	0.006925375499897132
0.983	0.006920252469568171
0.984	0.006915398845818368
0.985	0.006910851474684444
0.986	0.0069065926743678025
0.987	0.006902667773604357
0.988	0.0068990959102776875
0.989	0.006896796886942147
0.99	0.006896175374959127
0.991	0.00689749506695449
0.992	0.006901289552876952
0.993	0.0069080695924798605
0.994	0.006918594489506096
0.995	0.006933735895824341
0.996	0.006954593639944895
0.997	0.006982470511034289
0.998	0.007019135940156143
0.999	0.007066691928154416
1.	0.007127952047356542
1.001	0.007206549563592917
1.002	0.007307190146537541
1.003	0.007436230738491456
1.004	0.007602212704820734
1.005	0.007817026992715583
1.006	0.008097146958027353
1.007	0.008466287238504535
1.008	0.008959147796079885
1.009	0.009627887540909336
1.01	0.010553558712150628
1.0110000000000001	0.011865991587720311
1.012	0.013781158070837046
1.0130000000000001	0.016676098305281356
1.014	0.021235984148307886
1.0150000000000001	0.028757224449246003
1.016	0.041709561999310585
1.0170000000000001	0.064203718925916
1.018	0.09839485954057783
1.0190000000000001	0.12644914678006117
1.02	0.11631967820532904
1.0210000000000001	0.08538229625871964
1.022	0.0603163339246809
1.0230000000000001	0.04434490845321564
1.024	0.034373228920154736
1.0250000000000001	0.02793195544874915
1.026	0.02358431135151067
1.0270000000000001	0.020526262314419657
1.028	0.018296684121856942
1.0290000000000001	0.0166210207731127
1.03	0.015328549087869438
1.0310000000000001	0.014309164645587399
1.032	0.013490153931616466
1.0330000000000001	0.012821337407095035
1.034	0.012267247769853308
1.035	0.011802588415238187
1.036	0.011408716653438416
1.037	0.01107190749700215
1.038	0.010781276468501376
1.039	0.010528502925373696
1.04	0.010307389481698553
1.041	0.010112613699827341
1.042	0.009940622292573253
1.043	0.009787487554087152
1.044	0.009650864338324747
1.045	0.009528461815980892
1.046	0.009418417895170866
1.047	0.0093192326854693
1.048	0.009229515121559818
1.049	0.009148259160072017
1.05	0.009074472801235987
1.051	0.009007374872629245
1.052	0.008946265715210833
1.053	0.00889051203366194
1.054	0.008839629364682728
1.055	0.008793151959352466
1.056	0.008750668697460398
1.057	0.008711738563320855
1.058	0.008676176300663759
1.059	0.008643685092269668
1.06	0.008613933434787287
1.061	0.008586789872042488
1.062	0.008561913174624685
1.063	0.008539258206577815
1.064	0.008518575095595017
1.065	0.008499771123286254
1.066	0.008482662397003148
1.067	0.008467173298208796
1.068	0.008453090313767331
1.069	0.008440407035116653
1.07	0.008428968776516622
1.071	0.008418690460158546
1.072	0.00840948159090971
1.073	0.008401300848551813
1.074	0.008393976116515784
1.075	0.00838758313163845
1.076	0.008381933406328012
1.077	0.008376947905546998
1.078	0.008372691498199141
1.079	0.008368958827932291
1.08	0.008365764578101932
1.081	0.00836307876792689
1.082	0.008360781712440684
1.083	0.00835890961550855
1.084	0.008357309176469796
1.085	0.008355980113982066
1.086	0.008354894662420388
1.087	0.008354009664188596
1.088	0.008353199445777741
1.089	0.008352523900320827
1.09	0.008351918386741243
1.091	0.008351405252137178
1.092	0.008350915154166066
1.093	0.008350478487613925
1.094	0.00835006805028344
1.095	0.008349741502239704
1.096	0.008349372713766427
1.097	0.008349083293419466
1.098	0.008348782425715394
1.099	0.008348549000888187
1.1	0.008348254480947632
1.101	0.008348012883328941
1.102	0.008347799965126374
1.103	0.00834760406182797
1.104	0.008347398128386176
1.105	0.00834722462839055
1.106	0.00834708317696317
1.107	0.008346932932048147
1.108	0.008346818955530876
1.109	0.008346752419418072
1.11	0.008346730005594459
1.111	0.008346732650980935
1.112	0.00834681944208445
1.113	0.008346925406117218
1.114	0.008347088306300866
1.115	0.008347299867657192
1.116	0.008347624935791614
1.117	0.008347990471491717
1.118	0.008348505126591004
1.119	0.008349040827496868
1.12	0.008349684593560443
1.121	0.008350491597441544
1.122	0.00835140686386782
1.123	0.00835239819905079
1.124	0.008353558273435256
1.125	0.008354871172185908
1.1260000000000001	0.008356326072729917
1.127	0.008357939560839654
1.1280000000000001	0.008359772466569434
1.129	0.008361707309243354
1.1300000000000001	0.00836391424356235
1.131	0.008366311518047015
1.1320000000000001	0.00836889963455099
1.133	0.00837167609003713
1.1340000000000001	0.008374721144485023
1.135	0.008378041357022406
1.1360000000000001	0.008381551459915414
1.137	0.008385362132631854
1.1380000000000001	0.008389444227291324
1.139	0.008393803796937722
1.1400000000000001	0.008398488130819054
1.141	0.0084034206983777
1.1420000000000001	0.008408624365698104
1.143	0.008414082892027462
1.1440000000000001	0.008419813629216113
1.145	0.008425819862958407
1.1460000000000001	0.008432044018851111
1.147	0.008438491697016277
1.1480000000000001	0.008445189156748455
1.149	0.008452158637220264
1.1500000000000001	0.008459297827433768
1.151	0.008466623750843325
1.1520000000000001	0.00847423774428503
1.153	0.008482056173159207
1.1540000000000001	0.00849007417736715
1.155	0.00849824115586099
1.1560000000000001	0.008506673373967315
1.157	0.00851524990479835
1.1580000000000001	0.008524004928035428
1.159	0.008532987121899774
1.1600000000000001	0.008542070032738899
1.161	0.008551357923664057
1.1620000000000001	0.008560794997932265
1.163	0.00857040967439639
1.164	0.008580149158283777
1.165	0.008590035587424934
1.166	0.008600106749625807
1.167	0.00861026915288676
1.168	0.008620582727203062
1.169	0.008631022164808193
1.17	0.008641553700709126
1.171	0.008652182942613353
1.172	0.008662935762850998
1.173	0.00867378452285172
1.174	0.008684728567889245
1.175	0.00869579991722735
1.176	0.008706876072951963
1.177	0.008718082492209636
1.178	0.008729328317986115
1.179	0.008740610249300994
1.18	0.008751988883178522
1.181	0.008763386577567308
1.182	0.008774809748420615
1.183	0.008786303575827756
1.184	0.008797816972821861
1.185	0.00880929775666945
1.186	0.008820797797872827
1.187	0.008832349185595901
1.188	0.008843867629440332
1.189	0.008855388293776436
1.19	0.008866872976940261
1.191	0.008878342406270095
1.192	0.008889842379177008
1.193	0.008901297776307895
1.194	0.008912786586971248
1.195	0.008924233602081208
1.196	0.008935746339850984
1.197	0.008947222752070244
1.198	0.008958721319141593
1.199	0.008970259262611009
1.2	0.008981790270106997
1.201	0.008993351973832086
1.202	0.009004900594309783
1.203	0.009016477060116945
1.204	0.009028128265669646
1.205	0.009039784337889874
1.206	0.009051477226375823
1.207	0.009063186184131837
1.208	0.009074958819101243
1.209	0.009086745000151778
1.21	0.009098603329824949
1.211	0.009110499171708327
1.212	0.009122423164523122
1.213	0.009134434711540244
1.214	0.009146474935981771
1.215	0.009158611853648684
1.216	0.009170780299125238
1.217	0.009182971803686527
1.218	0.009195287075687753
1.219	0.009207669811148195
1.22	0.009220129358836343
1.221	0.009232612086960919
1.222	0.00924523728927792
1.223	0.009257930874336363
1.224	0.009270695669906513
1.225	0.009283558684658714
1.226	0.0092965144707668
1.227	0.009309568876584486
1.228	0.009322740048859494
1.229	0.009335965784436705
1.23	0.009349335646194903
1.231	0.009362832322024887
1.232	0.00937638382682459
1.233	0.00939007730084459
1.234	0.009403973084724602
1.235	0.009417903373873049
1.236	0.009432024937810113
1.237	0.009446217525788194
1.238	0.009460559570806491
1.239	0.009475051107932182
1.24	0.009489711480261492
1.241	0.00950445564891969
1.242	0.009519347551236285
1.243	0.009534372364613623
1.244	0.009549554898570692
1.245	0.009564840403867216
1.246	0.009580238770484176
1.247	0.00959577390648028
1.248	0.009611361423271745
1.249	0.009627138350741806
1.25	0.009643019590403725
1.2510000000000001	0.009659020732797386
1.252	0.00967508418627275
1.2530000000000001	0.00969129226037186
1.254	0.009707593492422496
1.2550000000000001	0.009723933109460348
1.256	0.009740415012194907
1.2570000000000001	0.009756993662479115
1.258	0.009773660075596404
1.2590000000000001	0.009790365384615984
1.26	0.009807152568251678
1.2610000000000001	0.009824046363392378
1.262	0.009841046928289358
1.2630000000000001	0.009858056208152409
1.264	0.009875181767461256
1.2650000000000001	0.009892313075488691
1.266	0.009909557921166733
1.2670000000000001	0.009926783950677889
1.268	0.009944111436287253
1.2690000000000001	0.009961503531889975
1.27	0.009978861412305638
1.2710000000000001	0.009996336522548367
1.272	0.010013799118629698
1.2730000000000001	0.010031338988750861
1.274	0.010048891122621442
1.2750000000000001	0.01006642759369789
1.276	0.01008404460380634
1.2770000000000001	0.010101649095089128
1.278	0.010119296942097206
1.2790000000000001	0.010136860653298701
1.28	0.010154483224850165
1.2810000000000001	0.010172142910718272
1.282	0.01018973377124425
1.2830000000000001	0.010207324255066067
1.284	0.010224979963230314
1.2850000000000001	0.010242572731917306
1.286	0.010260099343876564
1.2870000000000001	0.010277669145774788
1.288	0.010295147449436697
1.2890000000000001	0.010312687683475234
1.29	0.0103300765898852
1.291	0.010347555585697815
1.292	0.010364942551885758
1.293	0.01038224979321724
1.294	0.010399612473097817
1.295	0.010416914073789387
1.296	0.010434239622176614
1.297	0.010451491281810717
1.298	0.010468782510549368
1.299	0.010486015452211212
1.3	0.010503265788522325
1.301	0.010520505101354665
1.302	0.010537758580803924
1.303	0.01055496288419196
1.304	0.010572168629911106
1.305	0.010589432942436288
1.306	0.010606673242787367
1.307	0.010623908587507197
1.308	0.010641173940486467
1.309	0.010658434272696058
1.31	0.010675727788829376
1.311	0.010693051343214754
1.312	0.01071031239845295
1.313	0.010727689711864793
1.314	0.010745077949822126
1.315	0.010762441942613957
1.316	0.010779861683643557
1.317	0.010797353225997796
1.318	0.01081483656305542
1.319	0.010832383852063678
1.32	0.01084995663421135
1.321	0.01086764174844866
1.322	0.010885291456645452
1.323	0.010903010230574151
1.324	0.010920828862396384
1.325	0.010938636226585115
1.326	0.010956546862284752
1.327	0.010974549670050796
1.328	0.01099257690674037
1.329	0.011010667494344317
1.33	0.011028868400157526
1.331	0.01104708268646263
1.332	0.01106544808707502
1.333	0.011083862744569118
1.334	0.011102415993733378
1.335	0.011121004203054449
1.336	0.011139687520386292
1.337	0.011158396184410035
1.338	0.011177325545728865
1.339	0.011196290363704986
1.34	0.011215365670206617
1.341	0.011234584304887774
1.342	0.011253781659713823
1.343	0.011273233733876311
1.344	0.011292664804620248
1.345	0.011312204019579842
1.346	0.011331769644394085
1.347	0.01135158633214714
1.348	0.011371278936215062
1.349	0.011391190202382578
1.35	0.011411116963003681
1.351	0.011431138006636653
1.352	0.011451222352983258
1.353	0.011471396341550526
1.354	0.011491627287806479
1.355	0.011511893784275017
1.356	0.011532255291119866
1.357	0.01155267727921027
1.358	0.011573166451872813
1.359	0.011593711378833025
1.36	0.011614285672249456
1.361	0.011634933996056727
1.362	0.011655578664797654
1.363	0.011676330727370215
1.364	0.01169712065447279
1.365	0.011717918599553082
1.366	0.011738787689294719
1.367	0.011759698139602676
1.368	0.01178062497173464
1.369	0.011801589899600305
1.37	0.011822591300564268
1.371	0.011843659170190568
1.372	0.011864660153191592
1.373	0.011885759391578923
1.374	0.011906826681135359
1.375	0.011927955586500078
1.3760000000000001	0.011949080884574963
1.377	0.011970231073113385
1.3780000000000001	0.011991416191815148
1.379	0.012012572527946875
1.3800000000000001	0.012033723483130358
1.381	0.012054914367746434
1.3820000000000001	0.012076014090716031
1.383	0.01209726469234685
1.3840000000000001	0.012118356626961146
1.385	0.012139517076034365
1.3860000000000001	0.012160631323815627
1.387	0.012181782080344723
1.3880000000000001	0.012202908496439981
1.389	0.012223956441751761
1.3900000000000001	0.012245022095273448
1.391	0.012266085150596868
1.3920000000000001	0.012287135369634975
1.393	0.012308150724154655
1.3940000000000001	0.012329156437455595
1.395	0.012350145730720598
1.3960000000000001	0.012371130453161634
1.397	0.012392096893479629
1.3980000000000001	0.012413087527382776
1.399	0.012434056383036584
1.4000000000000001	0.012459823702621144
1.401	0.012483600586515955
1.4020000000000001	0.01250746702760657
1.403	0.012531348004082584
1.4040000000000001	0.012555322070775903
1.405	0.012579302619744605
1.4060000000000001	0.012603349382657454
1.407	0.012627378651353435
1.4080000000000001	0.012651497912610672
1.409	0.012675611630847104
1.4100000000000001	0.012699778447025654
1.411	0.01272397817322837
1.4120000000000001	0.01274821660538156
1.413	0.012772430246564718
1.4140000000000001	0.012796631005356105
1.415	0.012820873962864295
1.4160000000000001	0.012845164227643098
1.417	0.012869410559657415
1.418	0.012893640421353884
1.419	0.012917896855008744
1.42	0.01294206067457701
1.421	0.012966349456787374
1.422	0.01299049704654364
1.423	0.0130146571727155
1.424	0.013038808959598379
1.425	0.013062902140782056
1.426	0.01308696257044018
1.427	0.013111016106298674
1.428	0.013135007168224513
1.429	0.013158921638882676
1.43	0.013182773266047571
1.431	0.01320660010433055
1.432	0.013230360353160404
1.433	0.013254024054569304
1.434	0.01327762424951878
1.435	0.01330117815064917
1.436	0.013324568573131149
1.437	0.013347962958656027
1.438	0.013371200365411423
1.439	0.013394366134723577
1.44	0.013417458360035467
1.441	0.01344042958600657
1.442	0.013463237664303608
1.443	0.013485975642456995
1.444	0.013508556555345034
1.445	0.013530944211933557
1.446	0.01355328305442437
1.447	0.013575423737671285
1.448	0.013597436240712982
1.449	0.013619271644145274
1.45	0.01364092908656878
1.451	0.013662396972861455
1.452	0.013683713737487568
1.453	0.013704834772186283
1.454	0.013725857315266064
1.455	0.01374662858542462
1.456	0.01376730776661507
1.457	0.013787796759238195
1.458	0.01380815725571418
1.459	0.013828357047100644
1.46	0.01384841346275198
1.461	0.013868326248956855
1.462	0.013888130617259353
1.463	0.013907808482269217
1.464	0.013927329349545034
1.465	0.013946755211579669
1.466	0.013966037621206556
1.467	0.013985244217487803
1.468	0.014004322920264062
1.469	0.01402332891295258
1.47	0.014042168956294163
1.471	0.014060982340859252
1.472	0.014079702656974936
1.473	0.014098317145527874
1.474	0.014116924298548227
1.475	0.014135349875389716
1.476	0.014153767800661495
1.477	0.01416486300327924
1.478	0.014167813223448122
1.479	0.014186057353222424
1.48	0.014204233964850977
1.481	0.014390247290996385
1.482	0.014457134748749158
1.483	0.014523486020990692
1.484	0.014589169773278721
1.485	0.014654043661754844
1.486	0.014718160204069162
1.487	0.014781351112494585
1.488	0.014843502319741946
1.489	0.014904365121247107
1.49	0.014964097417020088
1.491	0.015022518272326335
1.492	0.015079593041287727
1.493	0.015135043099583252
1.494	0.015188973779923504
1.495	0.015241141108911985
1.496	0.01529154179441735
1.497	0.015340004269369054
1.498	0.015386531066015237
1.499	0.015430903020618609
1.5	0.015473090285743531
1.5010000000000001	0.015513056920207394
1.502	0.015550792224627987
1.5030000000000001	0.015586335473467404
1.504	0.015619703845421221
1.5050000000000001	0.01565108265334561
1.506	0.01568045647462221
1.5070000000000001	0.015707967889698346
1.508	0.015733532127196467
1.5090000000000001	0.0157573350498266
1.51	0.01577935878759797
1.5110000000000001	0.01579978645806238
1.512	0.015818460130207095
1.5130000000000001	0.015835629495111813
1.514	0.015851295195340377
1.5150000000000001	0.01586554904112083
1.516	0.015878395895333235
1.5170000000000001	0.015889931919470777
1.518	0.01590019403478328
1.5190000000000001	0.015909279878822243
1.52	0.015917223372350804
1.5210000000000001	0.015924091801071252
1.522	0.015930060877011855
1.5230000000000001	0.015935057244706938
1.524	0.015939145818471813
1.5250000000000001	0.01594235777437359
1.526	0.015944909425608285
1.5270000000000001	0.01594679195065169
1.528	0.015948007512797083
1.5290000000000001	0.01594873224069051
1.53	0.015948846405946338
1.5310000000000001	0.015948612235361398
1.532	0.01594805479252081
1.5330000000000001	0.015947210770936644
1.534	0.015946071016091766
1.5350000000000001	0.015944750794296247
1.536	0.015943346576434342
1.5370000000000001	0.01594197718684525
1.538	0.0159405902593572
1.5390000000000001	0.01593927827937989
1.54	0.015938143040352182
1.5410000000000001	0.015937337778851594
1.542	0.0159367506866381
1.5430000000000001	0.015936493755349973
1.544	0.015936718260226447
1.5450000000000002	0.015937424712297456
1.546	0.015938688664490733
1.547	0.015940548825062434
1.548	0.01594323194402052
1.549	0.015946589260059034
1.55	0.015950771855910945
1.551	0.015955894595671687
1.552	0.01596188405428828
1.553	0.015968779063544672
1.554	0.015976467499069075
1.555	0.015985103033740268
1.556	0.01599457241021804
1.557	0.016004840455663343
1.558	0.01601602167543664
1.559	0.01602796617630953
1.56	0.016040709509530487
1.561	0.016054222860776166
1.562	0.01606860685854559
1.563	0.016083622898612676
1.564	0.01609950876283407
1.565	0.01611606779858945
1.566	0.016133339346689174
1.567	0.016151436162469092
1.568	0.016170126249342887
1.569	0.016189598583449274
1.57	0.01620973618336004
1.571	0.016230574737671272
1.572	0.01625200502383546
1.573	0.01627410465232212
1.574	0.016296836958904867
1.575	0.01632027980162006
1.576	0.016344243159866562
1.577	0.01636884344766608
1.578	0.01639404310414979
1.579	0.016419805584385567
1.58	0.016446055382370713
1.581	0.01647298533752828
1.582	0.016500482036288608
1.583	0.016528392835665946
1.584	0.01655683402289348
1.585	0.016585845626493935
1.586	0.016615274289296555
1.587	0.016645198715833736
1.588	0.016675697420759493
1.589	0.01670650053945774
1.59	0.016737841450913362
1.591	0.016769488820145242
1.592	0.016801637236941138
1.593	0.01683424965028582
1.594	0.016867171322448735
1.595	0.016900558829470586
1.596	0.01693414151946017
1.597	0.016968152455684418
1.598	0.017002554324232616
1.599	0.017037309287958026
1.6	0.01707230116518832
1.601	0.01710756960899567
1.602	0.017143232092890214
1.603	0.017179134067559637
1.604	0.017215236818046868
1.605	0.017251463066548067
1.606	0.01728789105744917
1.607	0.017324521538372092
1.608	0.017361198253045777
1.609	0.017398039142717394
1.61	0.017434966538853083
1.611	0.017472019582626962
1.612	0.017509002889665705
1.613	0.017545955436861146
1.614	0.017582955646847222
1.615	0.01761984719566413
1.616	0.01765666874689466
1.617	0.017693498718282137
1.618	0.017730062399638022
1.619	0.017766595076102176
1.62	0.017802899630089415
1.621	0.01783893649523105
1.622	0.017874902875961315
1.623	0.017910442748928508
1.624	0.01794583190207047
1.625	0.017980793593008693
1.6260000000000001	0.018015524391822087
1.627	0.01804982628221482
1.6280000000000001	0.01808377732419277
1.629	0.018117377492433303
1.6300000000000001	0.018150466341127172
1.631	0.0181831229997692
1.6320000000000001	0.01821522753946009
1.633	0.018246857487383188
1.6340000000000001	0.018277893568824054
1.635	0.018308492896343124
1.6360000000000001	0.018338369060359745
1.637	0.01836765897990632
1.6380000000000001	0.01839636508579146
1.639	0.018424367191573074
1.6400000000000001	0.01845158292725679
1.641	0.018478043916424824
1.6420000000000001	0.01850382752772024
1.643	0.01852885253835051
1.6440000000000001	0.018552989490875915
1.645	0.018576358808416314
1.6460000000000001	0.018598795263483292
1.647	0.018620371744987402
1.6480000000000001	0.018641046444223652
1.649	0.01866073753382519
1.6500000000000001	0.01867939097372444
1.651	0.018697173574145767
1.6520000000000001	0.01871379437528918
1.653	0.018729653402707484
1.6540000000000001	0.018744507802391404
1.655	0.018758504772764736
1.6560000000000001	0.018771646740767083
1.657	0.018783972467960895
1.6580000000000001	0.018795476438536334
1.659	0.018806270266075273
1.6600000000000001	0.01881616271520581
1.661	0.01882554016933945
1.6620000000000001	0.0188340782382624
1.663	0.018842054560422636
1.6640000000000001	0.018849435779718246
1.665	0.01885625315827113
1.6660000000000001	0.01886241659216912
1.667	0.018868062816283476
1.6680000000000001	0.018873288231276198
1.669	0.01887802318031535
1.6700000000000002	0.018882291052603035
1.671	0.01888615204931216
1.6720000000000002	0.018889703090155724
1.673	0.01889287447618495
1.6740000000000002	0.018895702200178503
1.675	0.01889826305600994
1.676	0.018900674841737714
1.677	0.018902753704213425
1.678	0.018904629709933462
1.679	0.018906441419391736
1.68	0.01890810698181207
1.681	0.018909707960914623
1.682	0.018911256571947532
1.683	0.01891271991326595
1.684	0.018914245385774908
1.685	0.01891575937444996
1.686	0.018917360245799514
1.687	0.018919035947280845
1.688	0.01892092207887678
1.689	0.018922924598635794
1.69	0.018925125889131922
1.691	0.018927530523330897
1.692	0.018930270531668
1.693	0.018933354848055438
1.694	0.01893659854343697
1.695	0.01894031955425516
1.696	0.01894437840307419
1.697	0.01894896149772101
1.698	0.018953904491287765
1.699	0.01895934866178385
1.7	0.018965394135822045
1.701	0.018971938519260878
1.702	0.018979057246917466
1.703	0.018986631169411863
1.704	0.018994777147252163
1.705	0.019003317900104604
1.706	0.01901237030283249
1.707	0.019021906195870873
1.708	0.01903181837628741
1.709	0.019042161572604722
1.71	0.01905282590572497
1.711	0.019063876388362974
1.712	0.019075267091345424
1.713	0.019086976929720445
1.714	0.01909898895073564
1.715	0.019111224024361224
1.716	0.019123806875944525
1.717	0.019136617002195398
1.718	0.01914958795831516
1.719	0.01916276175875329
1.72	0.019176109509628336
1.721	0.019189627356387327
1.722	0.019203252664764366
1.723	0.019216964739960693
1.724	0.019230843342457338
1.725	0.019244712517273044
1.726	0.019258706673144277
1.727	0.019272653700016764
1.728	0.019286658577763197
1.729	0.01930062893547768
1.73	0.019314539363689827
1.731	0.019328381417936524
1.732	0.01934215071796877
1.733	0.019355855561291803
1.734	0.019369356566880422
1.735	0.019382805432247147
1.736	0.019396075300802278
1.737	0.01940913205269576
1.738	0.01942197108697291
1.739	0.019434570868372462
1.74	0.019446952102168406
1.741	0.019459050953311123
1.742	0.019470760933617166
1.743	0.019482246765732757
1.744	0.01949338076354496
1.745	0.019504085893629432
1.746	0.019514408148698016
1.747	0.019524393632769168
1.748	0.01953392272659121
1.749	0.01954295200512416
1.75	0.019551616914169852
1.7510000000000001	0.019559708072357376
1.752	0.01956726287082188
1.7530000000000001	0.01957434014845518
1.754	0.0195811054519934
1.7550000000000001	0.019587101396454844
1.756	0.019592753925889453
1.7570000000000001	0.01959784448879242
1.758	0.019602470430364505
1.7590000000000001	0.019606631008047347
1.76	0.019610291225744834
1.7610000000000001	0.01961353157147524
1.762	0.01961617994601103
1.7630000000000001	0.019618381106655113
1.764	0.019620082899586284
1.7650000000000001	0.019621331653922495
1.766	0.01962196338525857
1.7670000000000001	0.01962235107943751
1.768	0.019622085693406902
1.7690000000000001	0.01962136842970072
1.77	0.01962024590746119
1.7710000000000001	0.019618631286718598
1.772	0.01961657550311393
1.7730000000000001	0.019613900961117835
1.774	0.019610869928938193
1.7750000000000001	0.019607395455247582
1.776	0.019603347186713693
1.7770000000000001	0.019598858213378922
1.778	0.019593958097845247
1.7790000000000001	0.019588533635743827
1.78	0.019582618624603657
1.7810000000000001	0.019576346602155605
1.782	0.019569543564081922
1.7830000000000001	0.019562291074870175
1.784	0.019554510284857066
1.7850000000000001	0.019546365372199247
1.786	0.019537729745145817
1.7870000000000001	0.019528650433948275
1.788	0.01951907889396763
1.7890000000000001	0.01950909701831425
1.79	0.019498669332920875
1.7910000000000001	0.019487699248097373
1.792	0.019476351596372586
1.7930000000000001	0.019464625764725435
1.794	0.01945229856186724
1.7950000000000002	0.019439635426769596
1.796	0.019426487284457655
1.7970000000000002	0.019412914562730258
1.798	0.01939885535598966
1.7990000000000002	0.019384440216068742
1.8	0.01936958537948166
1.8010000000000002	0.019354141172272955
1.802	0.01933839165236552
1.803	0.01932217842852893
1.804	0.019305645629250537
1.805	0.01928874006328286
1.806	0.019271351316059712
1.807	0.019253645701937
1.808	0.01923557876060396
1.809	0.019217193954830146
1.81	0.019198504021852192
1.811	0.019179460039539385
1.812	0.019160246642938576
1.813	0.01914055483115016
1.814	0.01912075018463217
1.815	0.019100691262548233
1.816	0.019080351188996265
1.817	0.01905976050612041
1.818	0.01903898520221566
1.819	0.01901797634541882
1.82	0.018996826599973753
1.821	0.018975540221365217
1.822	0.018953992919632654
1.823	0.01893245488500531
1.824	0.018910695416763518
1.825	0.01888877193340898
1.826	0.01886677752698602
1.827	0.018844716579928183
1.828	0.018822553455194624
1.829	0.018800372604510843
1.83	0.018778093906653477
1.831	0.0187558063591996
1.832	0.018733474346587627
1.833	0.01871114245276931
1.834	0.01868886428805653
1.835	0.018666586412880333
1.836	0.018644326763185178
1.837	0.018622094361282884
1.838	0.01859996086168479
1.839	0.01857790410664189
1.84	0.01855592428759249
1.841	0.018534075338860548
1.842	0.018512308217821134
1.843	0.018490735232326132
1.844	0.018469343294801693
1.845	0.018448025009425748
1.846	0.0184268973344638
1.847	0.018405992092310315
1.848	0.018385296214479
1.849	0.018364837083349662
1.85	0.018344597127521144
1.851	0.0183245902712078
1.852	0.018304916083402623
1.853	0.018285372263135046
1.854	0.018266234245575618
1.855	0.018247358315053044
1.856	0.018228866864012802
1.857	0.018210593397844418
1.858	0.018192651326015226
1.859	0.018175036713878243
1.86	0.018157885913560164
1.861	0.01814097329903929
1.862	0.018124512253053005
1.863	0.018108494470056465
1.864	0.01809273477177489
1.865	0.01807746503236171
1.866	0.018062531718972784
1.867	0.018048253409715293
1.868	0.018034258490326603
1.869	0.018020692989042818
1.87	0.018007616779676695
1.871	0.0179950944194157
1.872	0.01798306306885358
1.873	0.017971514433905277
1.874	0.01796044477430077
1.875	0.017949950686772492
1.8760000000000001	0.017939978358369156
1.877	0.01793047385479401
1.8780000000000001	0.01792160702277211
1.879	0.01791333776742274
1.8800000000000001	0.017905749409923524
1.881	0.017898614230379122
1.8820000000000001	0.017892097836490248
1.883	0.01788625163488467
1.8840000000000001	0.017881067547995455
1.885	0.017876487037832324
1.8860000000000001	0.01787252026742203
1.887	0.017869292200277914
1.8880000000000001	0.017866739722054444
1.889	0.01786488230748394
1.8900000000000001	0.017863790063357098
1.891	0.01786336760742326
1.8920000000000001	0.01786370807891106
1.893	0.017864711380238922
1.8940000000000001	0.017866549078584378
1.895	0.017869134915531278
1.8960000000000001	0.017872470078950573
1.897	0.017876620388545324
1.8980000000000001	0.01788164255965361
1.899	0.017887440949949297
1.9000000000000001	0.017894044525622016
1.901	0.01790145919397579
1.9020000000000001	0.01790978342217348
1.903	0.01791895845596677
1.9040000000000001	0.01792895321020709
1.905	0.0179398477678602
1.9060000000000001	0.017951560079809165
1.907	0.017964151735557432
1.9080000000000001	0.017977600912267855
1.909	0.017991834646003485
1.9100000000000001	0.018006988913333487
1.911	0.01802311630284401
1.9120000000000001	0.018039929913865764
1.913	0.018057770586043274
1.9140000000000001	0.01807634652640796
1.915	0.01809590582477954
1.9160000000000001	0.018116258872894992
1.917	0.01813760279018716
1.9180000000000001	0.018159696447504953
1.919	0.018182774457799426
1.9200000000000002	0.018206712193934087
1.921	0.018231450224862396
1.9220000000000002	0.018257190866705762
1.923	0.01828382803245171
1.9240000000000002	0.018311288203477077
1.925	0.01833960542583753
1.9260000000000002	0.01836898249571038
1.927	0.01839913035659651
1.9280000000000002	0.018430289407889783
1.929	0.018462278150636082
1.93	0.018495144798956732
1.931	0.018528932965999813
1.932	0.01856370044529296
1.933	0.01859926060617159
1.934	0.018635849913533134
1.935	0.01867332396851837
1.936	0.018711651131070935
1.937	0.018751011763883912
1.938	0.018791218813280483
1.939	0.018832429228175115
1.94	0.018874583144976177
1.941	0.01891754974359078
1.942	0.018961523955901755
1.943	0.019006412730962194
1.944	0.019052222161095277
1.945	0.019099038793755574
1.946	0.01889226642239351
1.947	0.018902076251790315
1.948	0.018911885906710627
1.949	0.01892169538765832
1.95	0.018931504695135506
1.951	0.018941313829642467
1.952	0.018951122791677724
1.953	0.018960931581738043
1.954	0.018970740200318376
1.955	0.018980548647911967
1.956	0.018990356925010266
1.957	0.019000165032103004
1.958	0.01900997296967817
1.959	0.01901978073822203
1.96	0.01902958833821911
1.961	0.019039395770152245
1.962	0.019049203034502544
1.963	0.019059010131749425
1.964	0.019068817062370617
1.965	0.019078623826842157
1.966	0.019088430425638403
1.967	0.01909823685923205
1.968	0.019108043128094124
1.969	0.01911784923269399
1.97	0.019127655173499368
1.971	0.019137460950976338
1.972	0.019147266565589335
1.973	0.01915707201780118
1.974	0.019166877308073045
1.975	0.019176682436864524
1.976	0.019186487404633575
1.977	0.019196292211836555
1.978	0.01920609685892824
1.979	0.019215901346361808
1.98	0.019225705674588846
1.981	0.0192355098440594
1.982	0.01924531385522191
1.983	0.01925511770852327
1.984	0.019264921404408827
1.985	0.019274724943322358
1.986	0.019284528325706117
1.987	0.019294331552000818
1.988	0.01930413462264563
1.989	0.01931393753807822
1.99	0.01932374029873473
1.991	0.019333542905049787
1.992	0.01934334535745652
1.993	0.019353147656386557
1.994	0.01936294980227004
1.995	0.01937275179553561
1.996	0.01938255363661045
1.997	0.019392355325920263
1.998	0.019402156863889262
1.999	0.019411958250940234
2.	0.01942175948749449
2.1	0.02040118955347904
2.15	0.02089045403883103
2.2	0.021379466593345588
2.25	0.021868256979521973
2.3000000000000003	0.022356850767354837
2.35	0.022845270019440103
2.4000000000000004	0.023333533848799617
2.45	0.0238216588758932
2.5	0.024309659605202094
2.5500000000000003	0.024797548737214067
2.6	0.02528533742819835
2.6500000000000004	0.0257730355075354
2.7	0.02626065166035009
2.75	0.026748193581635903
2.8000000000000003	0.02723566810683979
2.85	0.027723081322922054
2.9000000000000004	0.028210438663150157
2.95	0.028697744988285624
3.	0.029185004656343945
3.0500000000000003	0.02967222158272205
3.1	0.030159399292177674
3.1500000000000004	0.030646540963892327
3.2	0.03113364947064474
3.25	0.03162072741295348
3.3000000000000003	0.03210777714890933
3.35	0.032594800820304554
3.4000000000000004	0.03308180037557171
3.45	0.03356877758996651
3.5	0.03405573408336417
3.5500000000000003	0.03551263923679582
3.6	0.0373920390822057
3.6500000000000004	0.03869797918340082
3.7	0.039820652993212635
3.75	0.042171470415005984
3.8000000000000003	0.045035632305794424
3.85	0.04706624206328137
3.9000000000000004	0.04880914485731341
3.95	0.050384165095534686
4.	0.05184394966360639
4.050000000000001	0.05321779960009526
4.1	0.05452424063511902
4.15	0.05577596786005355
4.2	0.05698217788244391
4.25	0.05814980942478748
4.300000000000001	0.05928426270704892
4.35	0.06038984463564738
4.4	0.06147005869954638
4.45	0.06252780163901815
4.5	0.06356550144161704
4.550000000000001	0.06458521694105368
4.6	0.06558871144766745
4.65	0.06657750831589634
4.7	0.06755293363887116
4.75	0.06851614957249307
4.800000000000001	0.0694681807099633
4.85	0.07040993521616867
4.9	0.07134222195194459
4.95	0.07226576448840899
5.	0.07318121268031373
5.050000000000001	0.07408915230243583
5.1	0.07499011313358105
5.15	0.07588457578502578
5.2	0.07677297750492917
5.25	0.07765571714108221
5.300000000000001	0.07853315940692948
5.35	0.07940563856701535
5.4	0.08027346163566094
5.45	0.08113691116517728
5.5	0.08199624768610642
5.550000000000001	0.08285171185098805
5.6	0.0837035263243431
5.65	0.08455189745446044
5.7	0.08539701675680494
5.75	0.08623906223415591
5.800000000000001	0.0870781995547165
5.85	0.08791458310624117
5.9	0.0887483569415798
5.95	0.08957965562882653
6.	0.09040860501741282
6.050000000000001	0.09123532292992775
6.1	0.09205991978813402
6.15	0.09288249918053551
6.200000000000001	0.09370315837790286
6.25	0.09452198880235474
6.300000000000001	0.0953390764548992
6.35	0.09615450230574155
6.4	0.09696834265115445
6.450000000000001	0.09778066944025642
6.5	0.09859155057466451
6.550000000000001	0.09940105018364759
6.6	0.10020922887711604
6.65	0.10101614397852854
6.700000000000001	0.10182184973957083
6.75	0.10262639753826655
6.800000000000001	0.10342983606200654
6.85	0.10423221147682903
6.9	0.10503356758415067
6.950000000000001	0.10583394596602648
7.	0.10663338611991177
7.050000000000001	0.10743192558380504
7.1	0.10822960005256607
7.15	0.10902644348612894
7.200000000000001	0.10982248821026325
7.25	0.11061776501047503
7.300000000000001	0.11141230321958817
7.35	0.11220613079949532
7.4	0.11299927441752708
7.450000000000001	0.11379175951784692
7.5	0.11458361038824508
7.550000000000001	0.11537485022267313
7.6	0.11616550117983104
7.65	0.11695558443809387
7.700000000000001	0.11774512024704006
7.75	0.11853412797582401
7.800000000000001	0.11932262615861355
7.85	0.12011063253729751
7.9	0.12089816410165136
7.950000000000001	0.12168523712713389
8.	0.12247186721047579
8.05	0.12325806930320735
8.1	0.12404385774326196
8.15	0.12482924628478226
8.200000000000001	0.12561424812624516
8.25	0.12639887593701465
8.3	0.12718314188242325
8.35	0.12796705764747396
8.4	0.12875063445925095
8.450000000000001	0.1295338831081183
8.5	0.1303168139677818
8.55	0.13109943701428384
8.6	0.13188176184399553
8.65	0.1326637976906667
8.700000000000001	0.13344555344159004
8.75	0.13422703765293212
8.8	0.13500825856427942
8.85	0.1357892241124457
8.9	0.13656994194458405
8.950000000000001	0.1373504194306418
9.	0.13813066367519758
9.05	0.13891068152871447
9.1	0.13969047959824152
9.15	0.14047006425759623
9.200000000000001	0.14124944165705416
9.25	0.14202861773257497
9.3	0.14280759821458877
9.35	0.14358638863636702
9.4	0.14436499434200045
9.450000000000001	0.14514342049400436
9.5	0.14592167208057227
9.55	0.1466997539224949
9.6	0.14747767067976286
9.65	0.1482554268578695
9.700000000000001	0.14903302681382913
9.75	0.14981047476192505
9.8	0.15058777477920168
9.85	0.151364930810713
9.9	0.15214194667454023
9.950000000000001	0.15291882606658988
10.	0.15369557256518301