0.	5.737055803115179e-10
0.02	5.733100340486996e-10
0.04	5.723180234898326e-10
0.06	5.708398711429906e-10
0.08	5.689343790884557e-10
0.1	5.666426924002454e-10
0.12	5.63996612115013e-10
0.14	5.610221186403195e-10
0.16	5.577412057422787e-10
0.18	5.541730102226592e-10
0.19999999999999998	5.503344303097278e-10
0.22	5.462406778026301e-10
0.24	5.419055431730597e-10
0.26	5.373417195494935e-10
0.28	5.325609292815999e-10
0.3	5.275740962816246e-10
0.32	5.223914575715472e-10
0.33999999999999997	5.170226551370568e-10
0.36	5.1147681407815e-10
0.38	5.057626043883094e-10
0.39999999999999997	4.998882941930859e-10
0.42	4.938617938819881e-10
0.44	4.876906974473771e-10
0.45999999999999996	4.813823099340399e-10
0.48	4.749436804693924e-10
0.5	4.683816213446236e-10
0.52	4.617027543004319e-10
0.54	4.549134806862576e-10
0.56	4.480200484572522e-10
0.5800000000000001	4.4102854361363377e-10
0.6000000000000001	4.339449059194178e-10
0.62	4.267749478674811e-10
0.64	4.1952436051412077e-10
0.66	4.121987262397181e-10
0.68	4.048035286315662e-10
0.7000000000000001	3.97344161459499e-10
0.72	3.89825936446214e-10
0.74	3.8225409214202966e-10
0.76	3.7463380043871287e-10
0.78	3.6697017417947827e-10
0.7999999999999999	3.592682738973142e-10
0.82	3.5153311432682495e-10
0.84	3.4376967090679584e-10
0.86	3.3598288609274006e-10
0.88	3.2817767575751896e-10
0.9	3.2035893554980987e-10
0.92	3.125315474172384e-10
0.9400000000000001	3.0470038579909256e-10
0.96	2.968703271223731e-10
0.98	2.8904625200984064e-10
1.	2.8123305804100837e-10
1.02	2.7343566536422563e-10
1.04	2.656590258853273e-10
1.06	2.579081325322483e-10
1.08	2.50188029144331e-10
1.1	2.4250382099499374e-10
1.12	2.348606859381458e-10
1.1400000000000001	2.2726388599793193e-10
1.1600000000000001	2.1971877989508327e-10
1.1800000000000002	2.1223083472691263e-10
1.2000000000000002	2.048055224648438e-10
1.2200000000000002	1.9744891185544245e-10
1.24	1.90166517317762e-10
1.26	1.829644704775048e-10
1.28	1.7584893972579935e-10
1.3	1.6882625172530822e-10
1.32	1.6190288327132757e-10
1.34	1.550854482993479e-10
1.36	1.4838067467795433e-10
1.38	1.417953694736509e-10
1.4	1.3533637092592094e-10
1.42	1.2901048655915516e-10
1.44	1.2282441628732125e-10
1.46	1.1678466238339338e-10
1.48	1.1089742811170171e-10
1.5	1.0516850925740449e-10
1.52	9.960318413426025e-11
1.54	9.420610886027876e-11
1.56	8.898122552044158e-11
1.58	8.393169015271199e-11
1.5999999999999999	7.905982654820214e-11
1.62	7.436710930560909e-11
1.6400000000000001	6.985417666600345e-11
1.6600000000000001	6.552087042547455e-11
1.6800000000000002	6.136629732982284e-11
1.7000000000000002	5.7388904277926555e-11
1.7200000000000002	5.3586558703912176e-11
1.7400000000000002	4.995662575554077e-11
1.7600000000000002	4.649603515864085e-11
1.78	4.3201332631282165e-11
1.8	4.006877963589368e-11
1.82	3.709464737757392e-11
1.84	3.427500985953823e-11
1.86	3.160562820332388e-11
1.8800000000000001	2.9081924098444012e-11
1.9	2.6698946275178457e-11
1.92	2.4451334269683283e-11
1.94	2.2332208084887142e-11
1.96	2.03333701361916e-11
1.98	1.8449540159155687e-11
2.	1.6674913495976563e-11
2.02	1.5003415509760767e-11
2.04	1.3432648036593995e-11
2.06	1.196202963240603e-11
2.08	1.0590571411596196e-11
2.1	9.31675874970011e-12
2.12	8.138420688817909e-12
2.14	7.052559304606151e-12
2.16	6.0551263392009945e-12
2.18	5.140729971974703e-12
2.2	4.3022786711844745e-12
2.22	3.534366074227813e-12
2.24	2.8379461922652097e-12
2.2600000000000002	2.2150312513190574e-12
2.2800000000000002	1.667951949634866e-12
2.3000000000000003	1.1986729458497665e-12
2.3200000000000003	8.064090322847727e-13
2.3400000000000003	4.949683924737593e-13
2.3600000000000003	2.6924578368517244e-13
2.3800000000000003	1.3448858964180818e-13
2.4000000000000004	9.1084007077716e-14
2.42	7.181287639583375e-14
2.44	5.460216955822557e-14
2.46	3.955460126295679e-14
2.48	2.6774226883117148e-14
2.5	1.6364897957885958e-14
2.52	8.4279645062589e-15
2.54	3.0588738346105e-15
2.56	3.421237788565775e-16
2.58	0
2.6	0
2.62	0
2.64	0
2.66	0
2.68	0
2.7	0
2.72	0
2.74	0
2.7600000000000002	0
2.7800000000000002	0
2.8000000000000003	0
2.8200000000000003	0
2.8400000000000003	0
2.8600000000000003	0
2.8800000000000003	0
2.9	0
2.92	0
2.94	0
2.96	0
2.98	0
3.	0
3.02	0
3.04	0
3.06	0
3.08	0
3.1	0
3.12	0
3.14	0
3.16	0
3.18	0
3.2	0
3.22	0
3.24	0
3.2600000000000002	0
3.2800000000000002	0
3.3000000000000003	0
3.3200000000000003	0
3.3400000000000003	0
3.3600000000000003	0
3.38	0
3.4	0
3.42	0
3.44	0
3.46	0
3.48	0
3.5	0
3.52	0
3.54	0
3.56	0
3.58	0
3.6	0
3.62	0
3.64	0
3.66	0
3.68	0
3.7	0
3.72	0
3.74	0
3.7600000000000002	0
3.7800000000000002	0
3.8000000000000003	0
3.8200000000000003	0
3.8400000000000003	0
3.86	0
3.88	0
3.9	0
3.92	0
3.94	0
3.96	0
3.98	0
4.	0
4.0200000000000005	0
4.04	0
4.0600000000000005	0
4.08	0
4.1000000000000005	0
4.12	0
4.140000000000001	0
4.16	0
4.18	0
4.199999999999999	0
4.22	0
4.239999999999999	0
4.26	0
4.279999999999999	0
4.3	0
4.319999999999999	0
4.34	0
4.359999999999999	0
4.38	0
4.3999999999999995	0
4.42	0
4.4399999999999995	0
4.46	0
4.4799999999999995	0
4.5	0
4.52	0
4.54	0
4.56	0
4.58	0
4.6	0
4.62	0
4.64	0
4.66	0
4.68	0
4.7	0
4.72	0
4.74	0
4.76	0
4.78	0
4.8	0
4.82	0
4.84	0
4.86	0
4.88	0
4.9	0
4.92	0
4.94	0
4.96	0
4.98	0
5.	0
5.0200000000000005	0
5.04	0
5.0600000000000005	0
5.08	0
5.1000000000000005	0
5.12	0
5.14	0
5.159999999999999	0
5.18	0
5.199999999999999	0
5.22	0
5.239999999999999	0
5.26	0
5.279999999999999	0