1.2061997908797037 0.9930332329368976
1.2204488722967146 0.9956068734978939
1.2341779142459515 0.9950093513896104
1.2479069561951883 0.9951605422177158
1.2616359981444252 0.9945632879790244
1.275365040093662 0.9943403312682916
1.2890940820428987 0.9937435692863209
1.3028231239921355 0.9942684798395641
1.3165521659413724 0.9932980733267661
1.330281207890609 0.9930754002461458
1.3440102498398458 0.993226297212014
1.3577392917890827 0.9930036402218393
1.3714683337383193 0.9931545262838316
1.3851973756875562 0.9921852069902384
1.398926417636793 0.9923359686919954
1.4126554595860297 0.9917404096456259
1.4263845015352667 0.9907724705305492
1.4401135434845034 0.9831266448880782
1.4538425854337402 0.9788478588363139
1.467571627382977 0.9712940558373656
1.4813006693322137 0.964627522624098
1.4950297112814506 0.9542049692230393
1.5095908163791258 0.9374285418188856
1.52196775571215 0.9263976329193992
1.5366968735609525 0.9158688231234986
1.5499458790783978 0.8953069443397967
1.5636749210276344 0.8787598394830411
1.5774039629768715 0.8602505626594106
1.591133004926108 0.8427648996407902
1.604862046875345 0.8234636445340905
1.6185910888245818 0.8024887216906689
1.6323201307738184 0.7823422768450691
1.6460491727230553 0.7604100073370148
1.6597782146722921 0.7388146407856245
1.6735072566215288 0.7156757871990194
1.6872362985707658 0.6935224280394957
1.7009653405200025 0.66978359112191
1.7146943824692393 0.6468573196750518
1.7284234244184762 0.6228387896128751
1.742152466367713 0.5992611145855997
1.75588150831695 0.575276210336539
1.7696105502661865 0.5522512809929654
1.7833395922154234 0.5279589381306413
1.7970686341646602 0.5060658654543777
1.8107976761138969 0.48217009005785577
1.824526718063134 0.4607871153974418
1.8382557600123706 0.4378749144095756
1.8519848019616074 0.4162585421290258
1.8657138439108443 0.3949657878984756
1.879442885860081 0.374480397062807
1.8931719278093178 0.355057506450064
1.9069009697585546 0.33588312125561487
1.9206300117077912 0.31786376020700985
1.9343590536570279 0.3011507279014773
1.948088095606265 0.2852091557493771
1.9618171375555016 0.2700098789619474
1.9755461795047382 0.2551403056489254
1.9892752214539753 0.2440089976938805
2.003004263403212 0.23433087428028104
2.016733305352449 0.22853395195082893
2.0304623473016856 0.22229436992189394
2.0441913892509223 0.21712163432153955
2.0579204312001593 0.21135257455979506
2.071649473149396 0.2058916315639534
2.0853785150986326 0.20019492970681727
2.0991075570478697 0.19502227873976619
2.1128365989971063 0.18984041289559533
2.1265656409463434 0.18500487699855966
2.14029468289558 0.1802247077039763
2.1540237248448166 0.17563409904303423
2.1677527667940537 0.17128922885175973
2.1814818087432903 0.1667379652207685
2.195210850692527 0.16273554538614973
2.208939892641764 0.15870976210111767
2.2226689345910007 0.15478356941886134
2.2363979765402373 0.15101129408740838
2.2501270184894744 0.14733095397381923
2.263856060438711 0.14363221671053425
2.277585102387948 0.14023717168645797
2.2913141443371847 0.13687088353027502
2.3050431862864214 0.13348494523501034
2.3187722282356584 0.13042783288732848
2.332501270184895 0.12734490083220606
2.3462303121341317 0.12428808197122554
2.3599593540833688 0.12148728637086113
2.3736883960326054 0.11848191046693547
2.3874174379818425 0.11589911063029337
2.401146479931079 0.11320216668242211
2.4148755218803157 0.11056797996036921
2.428604563829553 0.10799509011884406
2.4423336057787894 0.10568063665304733
2.456062647728026 0.10322147409452005
2.469791689677263 0.10097133814230083
2.4835207316264998 0.09869597854911524
2.497249773575737 0.09647189351932108
2.5109788155249735 0.09440439482042601
2.52470785747421 0.0923464633221951
2.538436899423447 0.09036737712619365
2.552165941372684 0.08833097469518575
2.5658949833219205 0.08650299452903001
2.5796240252711575 0.08458548468196958
2.593353067220394 0.0828350161868933
2.607082109169631 0.08112077305558682
2.620811151118868 0.07935241264874876
2.6345401930681045 0.07782724800947904
2.6482692350173416 0.07610205323165307
2.661998276966578 0.07452714653112992
2.675727318915815 0.07301228955044513
2.689456360865052 0.07155513348271846
2.7031854028142885 0.0699952954758723
2.716914444763525 0.06857255400646109
2.7306434867127622 0.0671787315276051
2.744372528661999 0.06591233425480195
2.758101570611236 0.06454830040214067
2.7718306125604726 0.06323627588481016
2.785559654509709 0.06204419848915638
2.7992886964589463 0.060737364478840594
2.813017738408183 0.059614813665280826
2.8267467803574196 0.058403068404171754
2.8404758223066566 0.057280553136120946
2.8542048642558933 0.05613736606338341
2.8679339062051303 0.0550583979160556
2.881662948154367 0.05397985998177436
2.8953919901036036 0.052982201682664376
2.9091210320528402 0.05202254613971302
2.9228500740020773 0.050965123162438196
2.936579115951314 0.05004200254104597
2.9503081579005506 0.04915408746518167
2.9640371998497876 0.04819120895867286
2.9777662417990243 0.04742524165968004
2.9883750469416164 0.0470492022745827
