0.	0.4267230488169561
0.02	0.4267257473445105
0.04	0.42673384302247147
0.06	0.42674733613667687
0.08	0.4267662271633358
0.1	0.42679051676875024
0.12	0.42682020580892216
0.14	0.42685529532904665
0.16	0.4268957865628937
0.18	0.426941680932073
0.2	0.42699298004518305
0.22	0.4270496856968416
0.24	0.4271117998665994
0.26	0.4271793247177309
0.28	0.42725226259590177
0.3	0.4273306160277131
0.32	0.4274143877191177
0.34	0.42750358055370447
0.36	0.42759819759085205
0.38	0.4276982420637469
0.4	0.42780371737726053
0.42	0.42791462710568456
0.44	0.4280309749903231
0.46	0.42815276493692855
0.48	0.42828000101299
0.5	0.4284126874448575
0.52	0.42855082861470706
0.54	0.42869442905733485
0.56	0.42884349345677897
0.58	0.42899802664276093
0.6	0.42915803358694493
0.62	0.42932351939900293
0.64	0.42949448932248563
0.66	0.42967094873048567
0.68	0.42985290312109337
0.7000000000000001	0.4300403581126309
0.72	0.43023331943866205
0.74	0.43043179294276507
0.76	0.43063578457306523
0.78	0.4308453003765119
0.8	0.43106034649289665
0.8200000000000001	0.4312809291485983
0.84	0.43150705465004546
0.86	0.43173872937688934
0.88	0.4319759597748703
0.9	0.4322187523483668
0.92	0.43246711365262086
0.9400000000000001	0.4327210502856199
0.96	0.432980568879622
0.98	0.4332456760923159
1.	0.43351637859759606
1.02	0.43379268307593827
1.04	0.4340745962043604
1.06	0.4343621246459511
1.08	0.4346552750389489
1.1	0.4349540539853544
1.12	0.43525846803905244
1.1400000000000001	0.4355685236934276
1.16	0.43588422736845345
1.18	0.436205585397228
1.2	0.4365326040119358
1.22	0.4368652893292148
1.24	0.4372036473348974
1.26	0.43754768386810206
1.28	0.4378974046046514
1.3	0.4382528150397804
1.32	0.4386139204701111
1.34	0.4389807259748606
1.36	0.4393532363962458
1.3800000000000001	0.4397314563190577
1.4000000000000001	0.4401153900493591
1.42	0.4405050415922796
1.44	0.4409004146288577
1.46	0.4413015124918964
1.48	0.44170833814078375
1.5	0.4421208941352353
1.52	0.44253918260791214
1.54	0.4429632052358619
1.56	0.44339296321073174
1.58	0.44382845720769976
1.6	0.4442696873530659
1.62	0.4447166531904434
1.6400000000000001	0.44516935364548776
1.6600000000000001	0.44562778698909605
1.68	0.4460919507990098
1.7	0.4465618419197469
1.72	0.4470374564207843
1.74	0.4475187895529205
1.76	0.4480058357027209
1.78	0.44849858834497003
1.8	0.4489970399930298
1.82	0.4495011821470123
1.84	0.45001100523966225
1.86	0.45052649857984356
1.8800000000000001	0.45104765029351535
1.9000000000000001	0.45157444726208346
1.92	0.45210687505799857
1.94	0.452644917877473
1.96	0.4531885584701777
1.98	0.4537377780657777
2.	0.45429255629714727
2.02	0.4548528711201137
2.04	0.45541869872955487
2.06	0.45599001347167323
2.08	0.4565667877522645
2.1	0.45714899194077907
2.12	0.45773659426997143
2.14	0.4583295607309176
2.16	0.45892785496317157
2.18	0.4595314381398156
2.2	0.46014026884715076
2.22	0.46075430295875547
2.24	0.46137349350362505
2.2600000000000002	0.46199779052809425
2.2800000000000002	0.4626271409512217
2.3000000000000003	0.4632614884133006
2.32	0.4639007731171395
2.34	0.4645449316617387
2.36	0.46519389686796403
2.38	0.4658475975957968
2.4	0.4665059585527178
2.42	0.4671689000927509
2.44	0.46783633800566826
2.46	0.4685081832958344
2.48	0.4691843419501209
2.5	0.4698647146943061
2.52	0.4705491967373248
2.54	0.471237677502709
2.56	0.47193004034649827
2.58	0.4726261622608855
2.6	0.47332591356278353
2.62	0.4740291575664779
2.64	0.4747357502394524
2.66	0.47544553984044063
2.68	0.4761583665386757
2.7	0.4768740620132566
2.72	0.4775924490314776
2.74	0.478313341004886
2.7600000000000002	0.47903654152176134
2.7800000000000002	0.47976184385461745
2.8000000000000003	0.48048903044123376
2.82	0.48121787233762725
2.84	0.4819481286412668
2.86	0.48267954588271134
2.88	0.4834118573837364
2.9	0.48414478257987187
2.92	0.48487802630513266
2.94	0.48561127803656406
2.96	0.48634421109606063
2.98	0.48707648180672647
3.	0.48780772860085236
3.02	0.48853757107637125
3.04	0.48926560899842014
3.06	0.489991421242385
3.08	0.4907145646745362
3.1	0.49143457296606324
3.12	0.492150955335996
3.14	0.4928631952181563
3.16	0.4935707488468943
3.18	0.49427304375595893
3.2	0.49496947718439405
3.22	0.4956594143828647
3.24	0.49634218681327535
3.2600000000000002	0.49701709023395474
3.2800000000000002	0.4976833826620411
3.3000000000000003	0.49834028220399273
3.3200000000000003	0.4989869647443703
3.34	0.4996225614822029
3.36	0.5002461563032936
3.38	0.5008567829758086
3.4	0.5014534221553544
3.42	0.5020349981844883
3.44	0.5026003756702432
3.46	0.5031483558216976
3.48	0.5036776725279374
3.5	0.5041869881548776
3.52	0.5046748890373114
3.54	0.5051398806402408
3.56	0.5055803823609336
3.58	0.5059947219402757
3.6	0.5063811294487277
3.62	0.5067377308085862
3.64	0.5070625408101616
3.66	0.5073534555749051
3.68	0.5076082444133697
3.7	0.5078245410200356
3.72	0.5079998339404562
3.74	0.50813145623869
3.7600000000000002	0.5082165742844748
3.7800000000000002	0.5082521755699257
3.8000000000000003	0.5082350554544566
3.8200000000000003	0.5081618027239558
3.84	0.5080287838356978
3.86	0.5078321257036968
3.88	0.5075676968598708
3.9	0.5072310868039429
3.92	0.5068175833289558
3.94	0.5063221475788809
3.96	0.5057393865592389
3.98	0.505063522779882
4.	0.5042883606598498
4.0200000000000005	0.5034072492658979
4.04	0.502413040887012
4.0600000000000005	0.5012980448644501
4.08	0.5000539759975768
4.1	0.4986718967260375
4.12	0.4971421521437512
4.14	0.4954542967233729
4.16	0.4935970114131963
4.18	0.49155800950114886
4.2	0.4893239293087625
4.22	0.48688021136324916
4.24	0.4842109571735402
4.26	0.4812987660732736
4.28	0.4781245457453722
4.3	0.4746672909472182
4.32	0.47090382352686017
4.34	0.46680848493855787
4.36	0.4623527699583434
4.38	0.45750488691875446
4.4	0.45222922516155223
4.42	0.4464857040033038
4.44	0.4402289684926371
4.46	0.4334073843240478
4.48	0.4259617654213868
4.5	0.41782373959767627
4.5200000000000005	0.4089136147934996
4.54	0.3991375411420787
4.5600000000000005	0.38838365546468806
4.58	0.3765167131394106
4.6000000000000005	0.36337039618063055
4.62	0.3487359099957156
4.64	0.33234437023987434
4.66	0.3138381899666026
4.68	0.29272153898147263
4.7	0.26826711548469806
4.72	0.23931944937171631
4.74	0.20380352043165798
4.76	0.15709335506610841
4.78	0.08136372379275819
4.8	0
4.82	0
4.84	0
4.86	0
4.88	0
4.9	0
4.92	0
4.94	0
4.96	0
4.98	0
5.	0
5.0200000000000005	0
5.04	0
5.0600000000000005	0
5.08	0
5.1000000000000005	0
5.12	0
5.14	0
5.16	0
5.18	0
5.2	0
5.22	0
5.24	0
5.26	0
5.28	0
5.3	0
5.32	0
5.34	0
5.36	0
5.38	0
5.4	0
5.42	0
5.44	0
5.46	0
5.48	0
5.5	0