0.	0.47367949294779865
0.02	0.47367958108494174
0.04	0.4736798450156201
0.06	0.4736802832971891
0.08	0.4736808935239766
0.1	0.4736816723253518
0.12	0.4736826153630555
0.14	0.47368371732773246
0.16	0.47368497193471293
0.18	0.47368637191899254
0.2	0.47368790902944125
0.22	0.4736895740222169
0.24	0.47369135665337364
0.26	0.473693245670676
0.28	0.47369522880458825
0.3	0.4736972927584408
0.32	0.4736994231977637
0.34	0.4737016047387686
0.36	0.47370382093597446
0.38	0.4737060542689601
0.4	0.47370828612822463
0.42	0.47371049680014965
0.44	0.47371266545104274
0.46	0.47371477011023627
0.48	0.4737167876522379
0.5	0.4737186937779045
0.52	0.47372046299461745
0.54	0.4737220685954403
0.56	0.4737234826372366
0.58	0.47372467591772155
0.6	0.4737256179514204
0.62	0.4737262769445058
0.64	0.4737266197684974
0.66	0.473726611932771
0.68	0.4737262175558753
0.7000000000000001	0.47372539933558744
0.72	0.4737241185177154
0.74	0.473722334863571
0.76	0.47372000661610447
0.78	0.47371709046464405
0.8	0.4737135415082119
0.8200000000000001	0.47370931321736137
0.84	0.4737043573945016
0.86	0.47369862413265806
0.88	0.47369206177260853
0.9	0.47368461685837027
0.92	0.4736762340909572
0.9400000000000001	0.47366685628036775
0.96	0.4736564242957339
0.98	0.4736448770135885
1.	0.47363215126416286
1.02	0.473618181775664
1.04	0.47360290111646774
1.06	0.47358623963513374
1.08	0.4735681253981901
1.1	0.4735484841255984
1.12	0.4735272391238111
1.1400000000000001	0.47350431121634806
1.16	0.47347961867179944
1.18	0.4734530771291531
1.2	0.47342459952036414
1.22	0.47339409599004906
1.24	0.4733614738122112
1.26	0.47332663730388563
1.28	0.47328948773557594
1.3	0.4732499232383812
1.32	0.4732078387076724
1.34	0.47316312570319613
1.36	0.47311567234546414
1.3800000000000001	0.4730653632082844
1.4000000000000001	0.4730120792072946
1.42	0.472955697484328
1.44	0.4728960912874577
1.46	0.47283312984655246
1.48	0.47276667824415236
1.5	0.4726965972814946
1.52	0.47262274333948645
1.54	0.47254496823442976
1.56	0.4724631190682734
1.58	0.4723770380731821
1.6	0.47228656245019357
1.62	0.4721915242017111
1.6400000000000001	0.4720917499575801
1.6600000000000001	0.47198706079450264
1.68	0.47187727204848
1.7	0.47176219312002704
1.72	0.47164162727183295
1.74	0.47151537141856753
1.76	0.4713832159084819
1.78	0.4712449442964803
1.8	0.47110033310827976
1.82	0.47094915159528916
1.84	0.4707911614798052
1.86	0.4706261166901049
1.8800000000000001	0.470453763085006
1.9000000000000001	0.47027383816742885
1.92	0.47008607078648845
1.94	0.46989018082760986
1.96	0.46968587889013175
1.98	0.46947286595187004
2.	0.4692508330200402
2.02	0.4690194607679373
2.04	0.46877841915674595
2.06	0.4685273670418062
2.08	0.46826595176263913
2.1	0.46799380871599255
2.12	0.4677105609111452
2.14	0.46741581850666014
2.16	0.4671091783277334
2.18	0.466790223363257
2.2	0.46645852224165885
2.22	0.46611362868454276
2.24	0.4657550809370946
2.2600000000000002	0.46538240117418517
2.2800000000000002	0.4649950948810249
2.3000000000000003	0.464592650207187
2.32	0.4641745372927547
2.34	0.46374020756526796
2.36	0.4632890930061014
2.38	0.46282060538482594
2.4	0.46233413546002894
2.42	0.46182905214500436
2.44	0.4613047016366343
2.46	0.46076040650569733
2.48	0.4601954647467656
2.5	0.4596091487857438
2.52	0.4590007044430086
2.54	0.45836934985002414
2.56	0.45771427431717043
2.58	0.457034637150444
2.6	0.4563295664145494
2.62	0.45559815763978506
2.64	0.454839472470016
2.66	0.45405253724886646
2.68	0.4532363415411478
2.7	0.45238983658639764
2.72	0.451511933681229
2.74	0.45060150248708286
2.7600000000000002	0.4496573692597719
2.7800000000000002	0.4486783149970619
2.8000000000000003	0.44766307350038764
2.82	0.4466103293465887
2.84	0.445518715765403
2.86	0.44438681241829614
2.88	0.4432131430739652
2.9	0.44199617317575385
2.92	0.44073430729598656
2.94	0.4394258864720675
2.96	0.4380691854190455
2.98	0.4366624096131493
3.	0.43520369224068783
3.02	0.43369109100655673
3.04	0.4321225847964897
3.06	0.43049607018710706
3.08	0.42880935779778745
3.1	0.4270601684783324
3.12	0.42524612932649875
3.14	0.4233647695295368
3.16	0.4214135160240899
3.18	0.4193896889690568
3.2	0.4172904970264576
3.22	0.4151130324458303
3.24	0.41285426594841856
3.2600000000000002	0.41051104140825906
3.2800000000000002	0.4080800703284611
3.3000000000000003	0.4055579261123214
3.3200000000000003	0.40294103813069926
3.34	0.4002256855892094
3.36	0.3974079912014162
3.38	0.3944839146774038
3.4	0.391449246040974
3.42	0.3882995987933981
3.44	0.3850304029473264
3.46	0.3816368979612402
3.48	0.3781141256130382
3.5	0.3744569228612012
3.52	0.37065991475379084
3.54	0.3667175074597394
3.56	0.3626238815139763
3.58	0.35837298538837303
3.6	0.35395852952516493
3.62	0.3493739809991154
3.64	0.3446125590103605
3.66	0.3396672314529001
3.68	0.33453071285567443
3.7	0.32919546405595695
3.72	0.3236536940410639
3.74	0.3178973644868491
3.7600000000000002	0.31191819763427825
3.7800000000000002	0.3057076882829933
3.8000000000000003	0.2992571208495536
3.8200000000000003	0.29255759264540204
3.84	0.2856000447855832
3.86	0.27837530245641934
3.88	0.2708741266651839
3.9	0.26308728008886345
3.92	0.2550056102606738
3.94	0.24662015411990285
3.96	0.237922268953713
3.98	0.22890379604783387
4.	0.21955726503188247
4.0200000000000005	0.2098761490873181
4.04	0.19985518407036565
4.0600000000000005	0.18949076846059684
4.08	0.1787814662779677
4.1	0.16772864231690496
4.12	0.1563372691477798
4.14	0.144616959789418
4.16	0.13258330113019304
4.18	0.12025959506028137
4.2	0.107679163869699
4.22	0.09488845661242526
4.24	0.0819513287483447
4.26	0.0689551100194291
4.28	0.05601954078327104
4.3	0.043310631220019574
4.32	0.03106378865643878
4.34	0.019626892435031094
4.36	0.009556466644217923
4.38	0.0019287789601381443
4.4	0
4.42	0
4.44	0
4.46	0
4.48	0
4.5	0
4.5200000000000005	0
4.54	0
4.5600000000000005	0
4.58	0
4.6000000000000005	0
4.62	0
4.64	0
4.66	0
4.68	0
4.7	0
4.72	0
4.74	0
4.76	0
4.78	0
4.8	0
4.82	0
4.84	0
4.86	0
4.88	0
4.9	0
4.92	0
4.94	0
4.96	0
4.98	0
5.	0
5.0200000000000005	0
5.04	0
5.0600000000000005	0
5.08	0
5.1000000000000005	0
5.12	0
5.14	0
5.16	0
5.18	0
5.2	0
5.22	0
5.24	0
5.26	0
5.28	0
5.3	0
5.32	0
5.34	0
5.36	0
5.38	0
5.4	0
5.42	0
5.44	0
5.46	0
5.48	0
5.5	0