0.	6.629098459885584
0.01	6.629023265692399
0.02	6.6287976856693
0.03	6.62842172748565
0.04	6.627895403923723
0.05	6.6272187328787
0.06	6.626391737358677
0.07	6.625414445484652
0.08	6.624286890490534
0.09	6.623009110723148
0.1	6.621581149642218
0.11	6.620003055820385
0.12	6.618274882943198
0.13	6.616396689809109
0.14	6.614368540329491
0.15	6.612190503528613
0.16	6.609862653543661
0.17	6.607385069624733
0.18	6.604757836134827
0.19	6.601981042549856
0.2	6.5990547834586435
0.21	6.595979158562916
0.22	6.592754272677316
0.23	6.589380235729386
0.24	6.585857162759591
0.25	6.5821851739212915
0.26	6.578364394480763
0.27	6.5743949548171905
0.28	6.570276990422667
0.29	6.566010641902193
0.3	6.561596054973677
0.31	6.55703338046794
0.32	6.552322774328709
0.33	6.547464397612621
0.34	6.542458416489218
0.35000000000000003	6.537305002240955
0.36	6.532004331263192
0.37	6.526556585064201
0.38	6.520961950265159
0.39	6.515220618600152
0.4	6.509332786916177
0.41000000000000003	6.503298657173135
0.42	6.497118436443835
0.43	6.490792336914001
0.44	6.484320575882257
0.45	6.477703375760138
0.46	6.470940964072085
0.47000000000000003	6.464033573455453
0.48	6.4569814416604965
0.49	6.449784811550381
0.5	6.442443931101179
0.51	6.434959053401875
0.52	6.427330436654352
0.53	6.419558344173412
0.54	6.411643044386747
0.55	6.4035848108349755
0.56	6.395383922171608
0.5700000000000001	6.387040662163073
0.58	6.378555319688695
0.59	6.369928188740714
0.6	6.36115956842427
0.61	6.352249762957418
0.62	6.34319908167111
0.63	6.334007839009208
0.64	6.324676354528479
0.65	6.315204952898604
0.66	6.3055939639021545
0.67	6.295843722434623
0.68	6.285954568504398
0.6900000000000001	6.2759268472327765
0.7000000000000001	6.265760908853961
0.71	6.255457108715061
0.72	6.245015807276086
0.73	6.234437370109955
0.74	6.223722167902492
0.75	6.2128705764524215
0.76	6.201882976671377
0.77	6.190759754583891
0.78	6.179501301327408
0.79	6.168108013152269
0.8	6.156580291421724
0.81	6.144918542611922
0.8200000000000001	6.133123178311919
0.8300000000000001	6.121194615223675
0.84	6.109133275162047
0.85	6.096939585054805
0.86	6.084613976942613
0.87	6.0721568879790375
0.88	6.059568760430557
0.89	6.046850041676541
0.9	6.034001184209267
0.91	6.021022645633912
0.92	6.007914888668556
0.93	5.994678381144181
0.9400000000000001	5.981313596004661
0.9500000000000001	5.967821011306786
0.96	5.954201110220235
0.97	5.940454381027595
0.98	5.926581317124343
0.99	5.912582417018865
1.	5.898458184332444
1.01	5.88420912779926
1.02	5.869835761266398
1.03	5.855338603693828
1.04	5.840718179154435
1.05	5.825975016833993
1.06	5.811109651031176
1.07	5.796122621157552
1.08	5.781014471737591
1.09	5.765785752408658
1.1	5.750437017921013
1.11	5.734968828137815
1.12	5.719381748035117
1.1300000000000001	5.703676347701865
1.1400000000000001	5.687853202339906
1.1500000000000001	5.671912892263979
1.16	5.655856002901715
1.17	5.639683124793642
1.18	5.623394853593176
1.19	5.606991790066634
1.2	5.590474540093221
1.21	5.5738437146650375
1.22	5.557099929887069
1.23	5.540243806977201
1.24	5.5232759722662
1.25	5.506197057197734
1.26	5.489007698328353
1.27	5.471708537327503
1.28	5.454300220977509
1.29	5.436783401173594
1.3	5.4191587349238635
1.31	5.401426884349313
1.32	5.3835885166838215
1.33	5.365644304274158
1.34	5.347594924579976
1.35	5.329441060173813
1.36	5.31118339874109
1.37	5.292822633080112
1.3800000000000001	5.274359461102072
1.3900000000000001	5.255794585831037
1.4000000000000001	5.237128715403963
1.41	5.218362563070684
1.42	5.199496847193912
1.43	5.180532291249243
1.44	5.16146962382515
1.45	5.142309578622982
1.46	5.123052894456968
1.47	5.103700315254213
1.48	5.084252590054696
1.49	5.064710473011273
1.5	5.0450747233896704
1.51	5.025346105568492
1.52	5.005525389039211
1.53	4.98561334840617
1.54	4.965610763386585
1.55	4.945518418810541
1.56	4.925337104620988
1.57	4.905067615873746
1.58	4.884710752737498
1.59	4.864267320493797
1.6	4.843738129537052
1.61	4.823123995374541
1.62	4.802425738626401
1.6300000000000001	4.7816441850256295
1.6400000000000001	4.760780165418081
1.6500000000000001	4.73983451576247
1.6600000000000001	4.718808077130364
1.67	4.697701695706191
1.68	4.676516222787223
1.69	4.655252514783595
1.7	4.633911433218283
1.71	4.61249384472712
1.72	4.591000621058776
1.73	4.569432639074776
1.74	4.547790780749486
1.75	4.526075933170113
1.76	4.504288988536706
1.77	4.48243084416215
1.78	4.460502402472169
1.79	4.438504571005325
1.8	4.416438262413007
1.81	4.3943043944594375
1.82	4.372103890021668
1.83	4.349837677089576
1.84	4.327506688765864
1.85	4.305111863266056
1.86	4.282654143918496
1.87	4.2601344791643445
1.8800000000000001	4.237553822557578
1.8900000000000001	4.214913132764986
1.9000000000000001	4.192213373566164
1.9100000000000001	4.169455513853519
1.92	4.146640527632258
1.93	4.123769394020392
1.94	4.100843097248727
1.95	4.077862626660867
1.96	4.054828976713209
1.97	4.031743146974932
1.98	4.0086061421280075
1.99	3.9854189719671855
2.	3.9621826513999934
2.0100000000000002	3.938898200446735
2.02	3.915566644240483
2.0300000000000002	3.8921890130270764
2.04	3.86876634216512
2.05	3.8452996721259716
2.06	3.8217900484937477
2.07	3.7982385219653123
2.08	3.774646148350272
2.09	3.7510139885709792
2.1	3.7273431086625144
2.11	3.703634579772693
2.12	3.6798894781620537
2.13	3.6561088852038552
2.14	3.6322938873840664
2.15	3.6084455763013663
2.16	3.584565048667135
2.17	3.560653406305453
2.18	3.536711756153078
2.19	3.512741210259462
2.2	3.488742885786725
2.21	3.4647179050096586
2.22	3.4406673953157116
2.23	3.416592489204991
2.24	3.3924943242902423
2.25	3.368374043296856
2.2600000000000002	3.344232794062843
2.27	3.3200717295388382
2.2800000000000002	3.2958920077880833
2.29	3.2716947919864268
2.3000000000000003	3.247481250422302
2.31	3.223252556496725
2.32	3.1990098887232836
2.33	3.1747544307281226
2.34	3.150487371249936
2.35	3.126209904139952
2.36	3.1019232283619256
2.37	3.0776285479921186
2.38	3.0533270722192944
2.39	3.0290200153446976
2.4	3.0047085967820437
2.41	2.9803940410575027
2.42	2.956077577809685
2.43	2.931760441789622
2.44	2.9074438728607563
2.45	2.8831291159989143
2.46	2.8588174212923003
2.47	2.834510043941464
2.48	2.8102082442592953
2.49	2.7859132876709922
2.5	2.761626444714048
2.5100000000000002	2.7373489910382225
2.52	2.713082207405525
2.5300000000000002	2.6888273796901885
2.54	2.6645857988786408
2.5500000000000003	2.6403587610694834
2.56	2.616147567473467
2.57	2.5919535244134537
2.58	2.5677779433243937
2.59	2.5436221407533015
2.6	2.519487438359205
2.61	2.495375162913136
2.62	2.471286646298072
2.63	2.447223225508919
2.64	2.4231862426524584
2.65	2.39917704494732
2.66	2.3751969847239303
2.67	2.351247419424475
2.68	2.3273297116028493
2.69	2.3034452289246166
2.7	2.2795953441669483
2.71	2.255781435218583
2.72	2.2320048850797636
2.73	2.2082670818621875
2.74	2.1845694187889344
2.75	2.1609132941944194
2.7600000000000002	2.137300111524312
2.77	2.1137312793354797
2.7800000000000002	2.0902082112959035
2.79	2.066732326184613
2.8000000000000003	2.0433050478915966
2.81	2.0199278054177254
2.82	1.9966020328746579
2.83	1.9733291694847501
2.84	1.950110659580964
2.85	1.9269479526067526
2.86	1.9038425031159614
2.87	1.8807957707727097
2.88	1.8578092203512766
2.89	1.8348843217359638
2.9	1.8120225499209768
2.91	1.7892253850102722
2.92	1.7664943122174184
2.93	1.7438308218654288
2.94	1.7212364093866144
2.95	1.698712575322389
2.96	1.6762608253231015
2.97	1.6538826701478297
2.98	1.631579625664188
2.99	1.6093532128480916
3.	1.5872049577835434
3.0100000000000002	1.5651363916623773
3.02	1.54314905078401
3.0300000000000002	1.5212444765551552
3.04	1.499424215489545
3.0500000000000003	1.4776898192076107
3.06	1.4560428444361633
3.0700000000000003	1.4344848530080365
3.08	1.4130174118617278
3.09	1.3916420930409954
3.1	1.3703604736944435
3.11	1.3491741360750784
3.12	1.328084667539827
3.13	1.3070936605490402
3.14	1.286202712665941
3.15	1.2654134265560624
3.16	1.2447274099866177
3.17	1.2241462758258552
3.18	1.2036716420423463
3.19	1.18330513170424
3.2	1.1630483729784504
3.21	1.1429029991298023
3.22	1.1228706485200983
3.23	1.1029529646071312
3.24	1.0831515959436158
3.25	1.0634681961760464
3.2600000000000002	1.0439044240434598
3.27	1.0244619433761182
3.2800000000000002	1.0051424230940729
3.29	0.9859475372056344
3.3000000000000003	0.9668789648057056
3.31	0.947938390073995
3.3200000000000003	0.9291275022730762
3.33	0.9104479957462955
3.34	0.8919015699155034
3.35	0.873489929278598
3.36	0.8552147834068589
3.37	0.8370778469420529
3.38	0.8190808395932931
3.39	0.8012254861336104
3.4	0.7835135163962353
3.41	0.7659466652705286
3.42	0.7485266726975541
3.43	0.7312552836652269
3.44	0.7141342482030221
3.45	0.6971653213761598
3.46	0.6803502632792501
3.47	0.6636908390292953
3.48	0.6471888187580085
3.49	0.6308459776033541
3.5	0.6146640957002203
3.5100000000000002	0.5986449581701209
3.52	0.5827903551098176
3.5300000000000002	0.5671020815787043
3.54	0.5515819375848402
3.5500000000000003	0.5362317280694127
3.56	0.5210532628894678
3.5700000000000003	0.5060483567986519
3.58	0.491218829425718
3.59	0.47656650525048216
3.6	0.46209321357687655
3.61	0.44780078850270005
3.62	0.4336910688855799
3.63	0.41976589830459793
3.64	0.4060271250169332
3.65	0.3924766019087625
3.66	0.37911618643952877
3.67	0.36594774057852536
3.68	0.3529731307325586
3.69	0.3401942276632116
3.7	0.32761290639195423
3.71	0.31523104609100894
3.72	0.303050529957442
3.73	0.2910732450674717
3.74	0.27930108220730787
3.75	0.2677359356760869
3.7600000000000002	0.2563797030554574
3.77	0.24523428493917893
3.7800000000000002	0.23430158461449638
3.79	0.22358350768515808
3.8000000000000003	0.21308196162338788
3.81	0.20279885523495622
3.8200000000000003	0.19273609801733652
3.83	0.1828955993855446
3.84	0.1732792677332005
3.85	0.16388900928698028
3.86	0.15472672670018817
3.87	0.14579431731435727
3.88	0.1370936709949546
3.89	0.12862666741584364
3.9	0.12039517262346201
3.91	0.11240103465008203
3.92	0.10464607785756824
3.93	0.09713209556551809
3.94	0.08986084032975211
3.95	0.08283401095512401
3.96	0.07605323489510206
3.97	0.06952004401533203
3.98	0.06323584061564434
3.99	0.05720184881945347
4.	0.051419043400835945
4.01	0.04588804275666189
4.0200000000000005	0.040608942858453956
4.03	0.03558104991778188
4.04	0.030802430278422843
4.05	0.026269109436840465
4.0600000000000005	0.021973542524751002
4.07	0.017901407445711066
4.08	0.014023939446359894
4.09	0.010275528260113354
4.1	0.006459257521358256
4.11	0
4.12	0
4.13	0
4.14	0
4.15	0
4.16	0
4.17	0
4.18	0
4.19	0
4.2	0
4.21	0
4.22	0
4.23	0
4.24	0
4.25	0
4.26	0
4.2700000000000005	0
4.28	0
4.29	0
4.3	0
4.3100000000000005	0
4.32	0
4.33	0
4.34	0
4.3500000000000005	0
4.36	0
4.37	0
4.38	0
4.39	0
4.4	0
4.41	0
4.42	0
4.43	0
4.44	0
4.45	0
4.46	0
4.47	0
4.48	0
4.49	0
4.5	0
4.51	0
4.5200000000000005	0
4.53	0
4.54	0
4.55	0
4.5600000000000005	0
4.57	0
4.58	0
4.59	0
4.6000000000000005	0
4.61	0
4.62	0
4.63	0
4.64	0
4.65	0
4.66	0
4.67	0
4.68	0
4.69	0
4.7	0
4.71	0
4.72	0
4.73	0
4.74	0
4.75	0
4.76	0
4.7700000000000005	0
4.78	0
4.79	0
4.8	0
4.8100000000000005	0
4.82	0
4.83	0
4.84	0
4.8500000000000005	0
4.86	0
4.87	0
4.88	0
4.89	0
4.9	0
4.91	0
4.92	0
4.93	0
4.94	0
4.95	0
4.96	0
4.97	0
4.98	0
4.99	0
5.	0
5.01	0
5.0200000000000005	0
5.03	0
5.04	0
5.05	0
5.0600000000000005	0
5.07	0
5.08	0
5.09	0
5.1000000000000005	0
5.11	0
5.12	0
5.13	0
5.14	0
5.15	0
5.16	0
5.17	0
5.18	0
5.19	0
5.2	0
5.21	0
5.22	0
5.23	0
5.24	0
5.25	0
5.26	0
5.2700000000000005	0
5.28	0
5.29	0
5.3	0
5.3100000000000005	0
5.32	0
5.33	0
5.34	0
5.3500000000000005	0
5.36	0
5.37	0
5.38	0
5.39	0
5.4	0
5.41	0
5.42	0
5.43	0
5.44	0
5.45	0
5.46	0
5.47	0
5.48	0
5.49	0
5.5	0