0.10152947540399146 0.9882298133892595
0.10432018830204039 0.9804441265549039
0.10718760876159644 0.9813568966489181
0.11013384522240503 0.9923766464032484
0.11316106407831776 1.0077311326046687
0.11627149127026096 1.0204704350462839
0.11946741392298987 1.0271392729510564
0.12275118202683186 1.0237994240677644
0.12612521016565512 1.0218958171154624
0.12959197929233365 1.0228471777445887
0.13315403855301397 1.021420468678704
0.13681400716152498 1.0152610230428636
0.14057457632530912 1.0086693062504017
0.144438511224291 1.006325508016611
0.14840865304413894 1.006325508016611
0.15248792106541412 1.0082001103011642
0.15667931481014322 1.0157335049981435
0.1609859162473939 1.0209453413565928
0.16541089205947382 1.026661485451044
0.16995749597042045 1.0309695863445587
0.17462907113849332 1.0352957649916192
0.17942905261442774 1.0377070368575387
0.1843609698672583 1.0377070368575387
0.1894284493795689 1.0377070368575376
0.1946352173140774 1.0372243336215308
0.1999851022535163 1.0324096335147421
0.20548203801582382 1.0324096335147421
0.21113006654671482 1.0377070368575376
0.21693334089175967 1.0391564948257455
0.22289612825015548 1.0459474472959855
0.22902281311243555 1.0483835276299136
0.23531790048442444 1.0522930631458451
0.24178601919980847 1.060649300921888
0.24843192532375838 1.0685746023945608
0.2552605056501065 1.0785645574874037
0.2622767812946494 1.091183439789768
0.2694859113872191 1.1054919446017202
0.2768931968652372 1.119988074429311
0.28450408437154107 1.1299328390095202
0.29232417025934865 1.1426209621251804
0.30035920470730704 1.1474156548818855
0.3086150959476496 1.1506232890719512
0.31709791461057213 1.1576039585111542
0.32581389818802053 1.1711475781339185
0.3347694556201745 1.1865046392349043
0.3439711720079981 1.1959266484023714
0.35342581345532287 1.2015039192596502
0.3631403320440245 1.1925927203977333
0.37312187094595006 1.1865046392349032
0.38337776967535564 1.194258521013909
0.39391556948571677 1.1981544432951712
0.4047430189148788 1.211608633281745
0.4158680794826261 1.2355180179224887
0.42729893154485765 1.258727375330034
0.43904398030867586 1.2740467484416418
0.45111186201280984 1.279988336757603
0.46351145027791896 1.279988336757603
0.4762518626314442 1.287154829884844
0.48934246721180774 1.2931575484722362
0.5027928896568878 1.3052470982409288
0.5166130201818369 1.333483725817405
0.5308130208514433 1.3674114813860228
0.5454033330523886 1.4015502059048557
0.5603946851708922 1.436541236059294
0.5757981004813882 1.486862801657045
0.5916249052520383 1.5497251056792654
0.607886737073036 1.6167488872556441
0.6245955534138314 1.718355696665532
0.641763640415564 1.8459972725555323
0.6594036219251713 1.9711614628148444
0.6775284687778163 2.1097144090229962
0.6961515083344577 2.260108392259657
0.7152864342815765 2.450690984296223
0.7349473167002651 2.702229140829836
0.7551486124120841 2.9893051278890876
0.774949435182743 3.3674321239526237
0.7942898643288696 3.7822866986239982
0.8141129729668113 4.243903475146087
0.8323764117474297 4.711556672916929
0.8468640998863273 5.2742016212036384
0.8584239635136641 5.961474207676892
0.8690698030778098 6.678791833436199
0.8809327789762625 7.572311601532865
0.8907591961999577 8.532804400026583
0.9032892720012398 9.813997824267663
0.9141158768392184 11.039982023906648
0.9231738921590336 12.546893220793997
0.9311732534481376 14.126320751788803
0.9380849951976866 16.040815609794933
0.9462135621558837 18.46507457253105
0.9555896348825283 21.093158451926037
0.961158267932491 24.746969732233595
0.9740209827385978 29.230725610748035
0.9897533678924489 29.47484334477388
1.0071871128439625 26.1514382735174
1.014008207981256 23.08642203571835
1.0186609628869665 20.254366905002108
1.0269089569376557 17.53483405868703
1.0352966480658619 15.251650436155025
1.0444105806462596 13.341626031978096
1.0559159050462048 11.920900626692315
1.0666711406553995 10.669652539289732
1.0822684202151442 9.522624183229123
1.1051845185353588 8.390258831008872
1.1285858454295692 7.490935918733448
1.156751985809689 6.710563170686836
1.1885473109977467 6.097244469033745
1.2212165855856896 5.646676492107805
1.2547838315814397 5.335080716044878
1.289273731279276 4.975437393094001
1.3230798990141057 4.528912792925821
1.352761269462548 4.035778646661133
1.379703240442762 3.578438622261774
1.4071817952361623 3.191246559253446
1.4334397680454236 2.852459122043614
1.44942915743132 2.5674088789564085
1.4788170706126311 2.201176515627961
1.506809673287851 1.909217907018293
1.524556716237711 1.7262800991013776
1.5517293383079207 1.4885932952181347
1.5729107528226995 1.3146602016208295
1.5917632773616983 1.1709296377655023
1.6146848140947623 1.0377070368575227
1.6406753228035598 0.9272035085039609
1.6722060500460192 0.8242380463488485
1.694103723442245 0.7444668379428343
1.723589958364077 0.6572934888974524
1.758880695520845 0.580280561022946
1.7872901333378874 0.5164696800700517
1.8161584403432363 0.4585568701689315
1.847769063521856 0.40823088322567463
1.8799298763070342 0.3666307393102384
1.9126504548656644 0.32902913979747395
1.9483404586786086 0.29463698250089143
1.9871441510094447 0.2630932606693664
2.026720668506334 0.23567927022231072
2.067085402970968 0.2111217834740545
2.108254052752457 0.18876053070576107
2.152894510012832 0.1682765585521372
2.1984801903699256 0.15079593623180274
2.242265735407782 0.13491045931522255
2.2869233255805743 0.12046699751799288
2.3324703287825845 0.10770757053035442
2.3789244588119263 0.09679369906058757
2.4263037822596583 0.08676340503356994
2.4715785427470847 0.07736134147517806
2.5145968919371335 0.06912327341980481
2.5615191993733646 0.06169476372529601
2.6222131277167664 0.05554982307078649
2.694289182161392 0.05012176391923023
2.7615306132290596 0.04493280767268224
2.823481530325635 0.04044589475065661
2.88682222601482 0.036118340155420876
2.955224048405512 0.0323401381300652
3.0289776363484964 0.02886673280785572
3.1045718941173095 0.02588533776979443
3.182052759347017 0.02322374806874493
3.249429976062638 0.0207932177475337
3.3068926166961594 0.01851570262675161
3.3801519975706347 0.016647811562716358
3.4602430244817532 0.014970058564766067
3.546600381497682 0.0134376784916021
3.635112960865918 0.011976038785241921
3.7212451614837936 0.010647316857231515
3.80472587663167 0.00952432967043714
3.894876971255148 0.008508165648223782
3.9970049065432787 0.007625527108878217
4.106869486281043 0.006813498645007953
4.2197538836480515 0.006087941610157695
4.335741103544843 0.005439647819676966
4.454916432404933 0.004860389651692126
4.577367500906699 0.004373230465954249
4.7031843484089775 0.003920280329860971
4.8324594891578165 0.003506077871662595
4.965287980313021 0.00319454188190776
