0.02	0.01
0.025	0.0125
0.03	0.015
0.035	0.0175
0.04	0.02
0.045	0.0225
0.05	0.025
0.05500000000000001	0.027500000000000004
0.06	0.03
0.065	0.0325
0.07	0.035
0.075	0.0375
0.08	0.04
0.085	0.0425
0.09000000000000001	0.045000000000000005
0.095	0.0475
0.1	0.05
0.10500000000000001	0.052500000000000005
0.11	0.055
0.115	0.0575
0.12000000000000001	0.060000000000000005
0.125	0.0625
0.13	0.065
0.135	0.0675
0.13999999999999999	0.06999999999999999
0.145	0.07250000028868667
0.15	0.07500000220897096
0.155	0.07750000714953799
0.16	0.08000001629186962
0.16499999999999998	0.08250003065983154
0.16999999999999998	0.08500005115767316
0.175	0.0875000785994317
0.18	0.09000011373190986
0.185	0.092500157252815
0.19	0.09500020982523322
0.195	0.09750027208931272
0.19999999999999998	0.10000034467181379
0.205	0.10250042819402323
0.21	0.10500052327841382
0.215	0.17558763951287845
0.22	0.20544941678637246
0.225	0.2284614331088367
0.22999999999999998	0.24791092284102356
0.235	0.26508995978981426
0.24	0.2806696664026434
0.245	0.29505294996174086
0.25	0.3085044992620726
0.255	0.32120925003175915
0.26	0.33330232798149795
0.265	0.3448858704041022
0.27	0.35603915696488053
0.275	0.3668250514297407
0.28	0.3772942801915034
0.28500000000000003	0.3874883774735459
0.29000000000000004	0.3974417741172955
0.29500000000000004	0.4071833168642904
0.30000000000000004	0.4167373975586865
0.30500000000000005	0.42612480826676646
0.31	0.43536339949375324
0.315	0.4444685941611733
0.32	0.4534537940865436
0.325	0.4623307051102789
0.33	0.4711095998054007
0.335	0.4797995317035185
0.34	0.48840851143777186
0.34500000000000003	0.4969436526679162
0.35000000000000003	0.5054112938061731
0.35500000000000004	0.5138171001995251
0.36000000000000004	0.5221661504057702
0.36500000000000005	0.5304630094310974
0.37000000000000005	0.538711791209356
0.375	0.5469162121501664
0.38	0.5550796372306697
0.385	0.5632051198293124
0.39	0.5712954362816304
0.395	0.5793531159640708
0.4	0.5873804675724984
0.405	0.5953796021496043
0.41000000000000003	0.603352453324203
0.41500000000000004	0.6113007951509851
0.42000000000000004	0.6192262578966524
0.42500000000000004	0.6271303419575931
0.43000000000000005	0.6350144318893554
0.43500000000000005	0.6428798027617417
0.44	0.6507276445987772
0.445	0.6585590399807095
0.45	0.6663750306996196
0.455	0.6741765277817829
0.46	0.6819644646318672
0.465	0.6897395951786194
0.47000000000000003	0.697502800006751
0.47500000000000003	0.7052546646413408
0.48000000000000004	0.7129960446172265
0.48500000000000004	0.7207273657160862
0.49000000000000005	0.7284495164907674
0.49500000000000005	0.7361627352229629
0.5	0.743868040632853
0.505	0.7515654118972553
0.51	0.7592559513165712
0.515	0.7669394474222987
0.52	0.7746173008650319
0.525	0.782288913879032
0.53	0.7899560370819744
0.535	0.7976176519649387
0.54	0.8052762102060466
0.545	0.8129299374424115
0.55	0.8205815239595053
0.555	0.82822891756269
0.56	0.8358764601617922
0.5650000000000001	0.8435204247374488
0.5700000000000001	0.8511671869896493
0.5750000000000001	0.8588109804531083
0.5800000000000001	0.8664575905143308
0.5850000000000001	0.8741018558459859
0.5900000000000001	0.8817557653322543
0.5950000000000001	0.8894079943898037
0.6	0.8970740874824188
0.605	0.9047392380167741
0.61	0.9124262639977173
0.615	0.9201132046976875
0.62	0.9278230722402576
0.625	0.9355338968953902
0.63	0.9432824972044789
0.635	0.9510333799028156
0.64	0.9588429823509679
0.645	0.9666566260310406
0.65	0.9745797209343166
0.655	0.9825092901015334
0.66	0.9905614845095102
0.665	0.9986236593929646
0.67	1.0068706776213756
0.675	1.01513294547589
0.68	1.0237106353018277
0.685	1.0323118575633223
0.6900000000000001	1.0414136200782624
0.6950000000000001	1.0505526101969043
0.7000000000000001	1.0604104220731159
0.7050000000000001	1.070329490602911
0.7100000000000001	1.0820390997103249
0.7150000000000001	1.0938553027324185
0.7200000000000001	1.1082312050179453
0.725	1.1228075461002986
0.73	1.1432435694123948
0.735	1.1640998611113458
0.74	1.1937092316910927
0.745	1.2340810424633046
0.75	1.2967766179336317
0.755	1.3928303046023924
0.76	1.5697672845019055
0.761	1.6172583272236611
0.762	1.6829017018984855
0.763	1.7544976600896085
0.764	1.8291316424747386
0.765	1.9494670491493422
0.766	2.0652643161521542
0.767	2.2127325895989536
0.768	2.378249562171705
0.769	2.596145578024144
0.77	2.901548788304564
0.771	3.2591252444990735
0.772	3.734504121060908
0.773	4.394739373759788
0.774	5.261015905721098
0.775	6.261564646670698
0.776	7.742571785853525
0.777	9.639702754329615
0.778	11.570187169127678
0.779	13.552245528327349
0.78	14.520735363489731
0.781	13.890969578495035
0.782	12.491838416247724
0.783	10.292508504894538
0.784	8.517229309633395
0.785	7.028500646313331
0.786	6.020178341324343
0.787	5.085086773371341
0.788	4.388955763212932
0.789	3.8858530464090726
0.79	3.446350610593027
0.791	3.126368474554321
0.792	2.9092552398665843
0.793	2.696729081263161
1.001	1.5715055736099528
1.0019999999999998	1.5776749724314048
1.003	1.5863719398306444
1.0039999999999998	1.5981259499818152
1.005	1.6137731183154875
1.0059999999999998	1.6345284725940077
1.007	1.6621440167458612
1.0079999999999998	1.6991750327663737
1.009	1.7494227521880126
1.0099999999999998	1.8186868690376292
1.011	1.91608838639327
1.0119999999999998	2.0564899954491644
1.013	2.2651241319300626
1.0139999999999998	2.5868845634474127
1.015	3.1058447433926455
1.0159999999999998	3.9873869845517484
1.017	5.564256194643964
1.0179999999999998	8.439541722736518
1.019	13.018597964175637
1.0199999999999998	16.63153886879463
1.021	14.834776215122655
1.0219999999999998	10.787500393847301
1.023	7.7812721058698076
1.0239999999999998	5.9350254060045735
1.025	4.799438002818286
1.0259999999999998	4.069412630064614
1.027	3.5768817500194316
1.0279999999999998	3.2298999351013364
1.029	2.9762992763728917
1.0299999999999998	2.78513222511143
1.033	2.426311948438224
1.043	2.115357784127367
1.053	1.969220676517167
1.063	1.9102677201028624
1.073	1.8884693202966538
1.083	1.8826221680389141
1.093	1.8852428467261682
1.103	1.8917942821540912
1.113	1.9009664732339902
1.123	1.9110784060413706
1.133	1.923490903259435
1.143	1.9374583308376854
1.153	1.9509621367972254
1.1629999999999998	1.9643510085695586
1.173	1.9783557461147154
1.1829999999999998	1.9936672291932631
1.1929999999999998	2.0097352044204837
1.2029999999999998	2.0254747848380505
1.2129999999999999	2.0434243499804565
1.2229999999999999	2.0618499521646347
1.2329999999999999	2.0812126468870873
1.2429999999999999	2.0998762438393066
1.253	2.1185264999829703
1.263	2.136067842895519
1.273	2.152902291186565
1.283	2.169231084979722
1.293	2.1848536980839226
1.303	2.199018524383508
1.313	2.212003312484423
1.323	2.2247473639367437
1.333	2.2371791282895663
1.343	2.249770736903718
1.353	2.2629944674901847
1.363	2.2784425862257263
1.373	2.292744488586427
1.383	2.3068628296579057
1.3929999999999998	2.319912725466561
1.403	2.3338693432181854
1.4129999999999998	2.348375432000021
1.423	2.362730985581554
1.4329999999999998	2.377648272434531
1.443	2.3938671289689197
1.4529999999999998	2.410301660529396
1.4629999999999999	2.426821545211117
1.4729999999999999	2.444184296713231
1.4829999999999999	2.463604179107912
1.4929999999999999	2.486659178150636
1.503	2.5143313404312835
1.513	2.546862784921029
1.523	2.581647309882888
1.533	2.6164406146847052
1.543	2.65079036795628
1.553	2.686508161543437
1.563	2.7254668484651003
1.573	2.766448313331717
1.583	2.8008726724442816
1.593	2.8354782137987637
1.603	2.926709698109947
1.613	2.9452942830311697
1.6229999999999998	2.963871677009344
1.633	2.9824421482225314
1.6429999999999998	3.0010059522686494
1.653	3.0195633328894886
1.6629999999999998	3.038114522644646
1.673	3.056659743539473
1.6829999999999998	3.075199207610715
1.693	3.0937331174732217
1.7029999999999998	3.112261666830757
1.713	3.1307850409536835
1.7229999999999999	3.149303417126049
1.733	3.1678169650643753
1.7429999999999999	3.186325847310246
1.753	3.204830219598627
1.763	3.2233302312036596
1.773	3.2418260252635562
1.783	3.26031773908607
1.793	3.2788055044358932
1.85	3.384116291325642
1.9500000000000002	3.5686310392335034
2.0500000000000003	3.7529072536203785
2.1500000000000004	3.9370032863290887
2.25	4.120960865423424
2.35	4.304810462285951
2.45	4.488574733888154
2.5500000000000003	4.67227079531098
2.6500000000000004	4.85591175755955
2.75	5.039507790769001
2.85	5.223066873273338
2.95	5.406595328270691
3.0500000000000003	5.590098214132217
3.1500000000000004	5.773579612145253
3.25	5.957042841275241
3.35	6.14049062027423
3.45	6.323925191319065
3.5500000000000003	6.507348415214314
3.6500000000000004	6.690761845351623
3.75	6.91969891107009
3.85	7.206993153534629
3.95	7.445446076680583
4.050000000000001	7.670629399394498
4.15	7.888716906483934
4.25	8.102236785754371
4.35	8.312527461085459
4.45	8.52040115632712
4.550000000000001	8.726394898392597
4.65	8.930885306811042
4.75	9.134148089237149
4.85	9.33639176921114
4.95	9.537778143384875
5.050000000000001	9.738435363212915
5.15	9.938466663138797
5.25	10.137956390522199
5.35	10.336974294268622
5.45	10.535578650888347
5.550000000000001	10.733818591561354
5.65	10.93173586620378
5.75	11.12936620211848
5.85	11.326740365091712
5.950000000000001	11.523884998395648
6.050000000000001	11.720823293521164
6.15	11.917575531704221
6.25	12.11415952504013
6.35	12.310590978710797
6.450000000000001	12.506883790621664
6.550000000000001	12.703050300930459
6.65	12.899101501129675
6.75	13.095047210234481
6.85	13.29089622403136
6.950000000000001	13.486656442122522
7.050000000000001	13.68233497655964
7.15	13.877938245127773
7.25	14.073472051765204
7.35	14.26894165615051
7.450000000000001	14.464351834126017
7.550000000000001	14.659706930336904
7.65	14.855010904231115
7.75	15.050267370375444
7.85	15.245479633888575
7.950000000000001	15.440650721664717
8.05	15.635783409957167
8.15	15.83088024880451
8.25	16.025943583710283
8.35	16.22097557492701
8.450000000000001	16.41597821464511
8.55	16.610953342345013
8.65	16.805902658535057
8.75	17.00082773706758
8.85	17.19573003619992
8.950000000000001	17.390610908545135
9.05	17.585471610038606
9.15	17.78031330803072
9.25	17.975137088601784
9.35	18.169943963183876
9.450000000000001	18.36473487456371
9.55	18.55951070233194
9.65	18.75427226783655
9.75	18.949020338691263
9.85	19.143755632884073
9.95	19.338478822525975