0.1	0.06776785131421426
0.15000000000000002	0.06737355330226309
0.2	0.06686562234525917
0.25	0.06631351719814133
0.30000000000000004	0.0659299391388057
0.35	0.06485316432731413
0.4	0.0639038782050028
0.45000000000000007	0.0627651115653958
0.5	0.06167720156771671
0.55	0.060501483109176746
0.6	0.05932715127792367
0.65	0.0576973171344579
0.7000000000000001	0.05640517567933863
0.75	0.05477065828261134
0.8	0.05299483832282996
0.85	0.05155229931742129
0.9	0.049720887336887655
0.9500000000000001	0.04786025701446657
1.	0.04623034564516731
1.05	0.044434248092643125
1.1	0.0427389846357113
1.1500000000000001	0.04072290962794303
1.2000000000000002	0.03873051743196573
1.2500000000000002	0.03684838457248321
1.3000000000000003	0.03507177564212114
1.35	0.03314771427661656
1.4000000000000001	0.031346853687976545
1.4500000000000002	0.029476911950158585
1.5000000000000002	0.02772128963774076
1.5500000000000003	0.025914989245902263
1.6	0.02422530731785605
1.6500000000000001	0.022540287951221892
1.7000000000000002	0.020847250202609396
1.7500000000000002	0.01925531457499849
1.8000000000000003	0.017758639706401673
1.85	0.016263065143309382
1.9000000000000001	0.014850252001705602
1.9500000000000002	0.01347468978939989
2.	0.01218378378174359
2.0500000000000003	0.010967589688547694
2.1	0.009850556738710945
2.1500000000000004	0.008705209761151973
2.2	0.007748823441805471
2.25	0.006781260231869793
2.3000000000000003	0.005948328093964799
2.35	0.005156020406460005
2.4000000000000004	0.004447650798732295
2.45	0.003776797167773466
2.5000000000000004	0.0031953799410235012
2.5500000000000003	0.0026847149137005115
2.6	0.002221559055634167
2.6500000000000004	0.0018397378333419438
2.7	0.0014872015408202714
2.7500000000000004	0.0012048612997696759
2.8000000000000003	0.0009639498787156898
2.85	0.0007748679236540912
2.9000000000000004	0.0006199736053947719
2.95	0.0005008109150697404
3.0000000000000004	0.0004102855025037076
3.0500000000000003	0.0003463544612141151
3.1	0.00030284044013630974
3.1500000000000004	0.0002756503260479203
3.2	0.0002592619780529279
3.2500000000000004	0.0002449291247656612
3.3000000000000003	0.0002401281621698936
3.35	0.00023695396755475916
3.4000000000000004	0.00023501300909144765
3.45	0.00023276292374946136
3.5000000000000004	0.00023010365844032166
3.5500000000000003	0.0002276333269987584
3.6	0.00022492577510588435
3.6500000000000004	0.00022211827459369784
3.7	0.00021896821553023634
3.7500000000000004	0.00021510760069013492
3.8000000000000003	0.00021142662755866792
3.85	0.0002074342932361804
3.9000000000000004	0.00020363996767862704
3.95	0.00019913461762411093
4.	0.00019468614250371617
4.05	0.00019012357401850915
4.1	0.00018547683060478977
4.1499999999999995	0.00018034857618369504
4.2	0.0001752520303555435
4.25	0.00017002069023708927
4.3	0.00016465145529565955
4.35	0.00015920763609121125
4.3999999999999995	0.00015359320782177768
4.45	0.0001479780639993738
4.5	0.0001422489134702952
4.55	0.00013646641558140134
4.6	0.00013061630744383435
4.6499999999999995	0.00012475677445189268
4.7	0.00011889639775113399
4.75	0.00011304050496273084
4.8	0.00010721732789706302
4.85	0.00010144602816493085
4.9	0.00009574145962644627
4.95	0.00009012857637977109
5.	0.0000846306683972614
5.05	0.00007927319080278243
5.1	0.00007408286199946334
5.15	0.00006908942495820993
5.2	0.00006432737204205098
5.25	0.000059835775241600155
5.3	0.00005562871106043378
5.35	0.00005148857513990745
5.4	0.00004737143346046709
5.45	0.00004329354850635561
5.5	0.00003927200975451568
5.55	0.0000353247524444174
5.6	0.00003147057652087867
5.65	0.000027729165749881185
5.7	0.000024121107007376323
5.75	0.000020667909741091278
5.8	0.000017392025605320712
5.85	0.00001431686826872097
5.9	0.000011466833395091285
5.95	8.867318797150796e-6
6.	6.544744763312201e-6
6.05	4.526574557444392e-6
6.1	2.8413350916311545e-6
6.15	1.5186377719194694e-6
6.2	5.891995170412782e-7
6.25	8.486394962813554e-8