0.1	0.018192411931347477
0.15000000000000002	0.017964683358054213
0.2	0.01767715053765755
0.25	0.017313900923215532
0.30000000000000004	0.016810502409883767
0.35	0.016309907256004577
0.4	0.015548880780006458
0.45000000000000007	0.014915789521638148
0.5	0.014208401854487615
0.55	0.013465701950300737
0.6	0.012609249352038217
0.65	0.011789279644123279
0.7000000000000001	0.01088464917822815
0.75	0.010038360312282467
0.8	0.009069559323299614
0.85	0.008221665759284728
0.9	0.007318194447819138
0.9500000000000001	0.006441234891145921
1.	0.005602404748312388
1.05	0.004784108229445914
1.1	0.0040167168644072646
1.1500000000000001	0.003302903377430066
1.2000000000000002	0.0026534209255004073
1.2500000000000002	0.0020514828370743043
1.3000000000000003	0.0015481314449361928
1.35	0.0011248354071304984
1.4000000000000001	0.0007795411788870663
1.4500000000000002	0.0005346051243773336
1.5000000000000002	0.0003928574751469496
1.5500000000000003	0.00031211189933607876
1.6	0.0002673804173734471
1.6500000000000001	0.00025889510801764055
1.7000000000000002	0.00026200738781586463
1.7500000000000002	0.00026408117528933285
1.8000000000000003	0.00026632955045794717
1.85	0.0002675448472874984
1.9000000000000001	0.0002695157220445832
1.9500000000000002	0.00027139854271745963
2.	0.0002732283767552389
2.0500000000000003	0.0002741123753905889
2.1	0.00027539292834742883
2.1500000000000004	0.00027677858720939855
2.2	0.00027753629253375855
2.25	0.00027783576515651154
2.3000000000000003	0.0002783655363834709
2.35	0.00027905273490913876
2.4000000000000004	0.00027864570384535147
2.45	0.00027829297967967796
2.5000000000000004	0.0002775263429665054
2.5500000000000003	0.0002766436296722394
2.6	0.00027537474723323123
2.6500000000000004	0.0002740518189712309
2.7	0.0002726863150864023
2.7500000000000004	0.00027061081626483146
2.8000000000000003	0.0002683618624016382
2.85	0.00026561772500942164
2.9000000000000004	0.00026249860838691133
2.95	0.0002593501650934667
3.0000000000000004	0.00025563490953295625
3.0500000000000003	0.0002516365764668898
3.1	0.00024709776436255344
3.1500000000000004	0.00024213837614126975
3.2	0.0002367199877144864
3.2500000000000004	0.00023069856782568444
3.3000000000000003	0.00022399804317402682
3.35	0.00021638288844403933
3.4000000000000004	0.0002073304429108015
3.45	0.00019537606082620256
3.5000000000000004	0.00017263680101128583
3.5500000000000003	0.00016402423695579618
3.6	0.00016177435343454663
3.6500000000000004	0.00015922089994440083
3.7	0.00015634950516938388
3.7500000000000004	0.00015314419643390492
3.8000000000000003	0.00014958695340598478
3.85	0.0001456571091714192
3.9000000000000004	0.00014133053223944498
3.95	0.00013657848612009518
4.	0.00013136600034087474
4.05	0.00012564947551577476
4.1	0.00011937303800881904
4.1499999999999995	0.00011246275107590595
4.2	0.00010481692305205883
4.25	0.0000962887442968033
4.3	0.00008665225110255868
4.35	0.00007552663126575059
4.3999999999999995	0.0000621721357809529
4.45	0.00004471280089249626
4.5	0.000010657581252538481
4.55	0.
4.6	0.
4.6499999999999995	0.
4.7	0.
4.75	0.
4.8	0.
4.85	0.
4.9	0.
4.95	0.
5.	0.
5.05	0.
5.1	0.
5.15	0.
5.2	0.
5.25	0.
5.3	0.
5.35	0.
5.4	0.
5.45	0.
5.5	0.
5.55	0.
5.6	0.
5.65	0.
5.7	0.
5.75	0.
5.8	0.
5.85	0.
5.9	0.
5.95	0.
6.	0.
6.05	0.
6.1	0.
6.15	0.
6.2	0.
6.25	0.