0.1	0.0673593745404563
0.15000000000000002	0.06706797702907435
0.2	0.06652320517329449
0.25	0.06589510633784523
0.30000000000000004	0.06551828582436793
0.35	0.06457843298077381
0.4	0.063676997251562
0.45000000000000007	0.06247071644681239
0.5	0.06149283001257302
0.55	0.06029495595015928
0.6	0.05896242478759463
0.65	0.05741358673252938
0.7000000000000001	0.056277251635728526
0.75	0.054488648353707245
0.8	0.05285787485197909
0.85	0.05117321589005533
0.9	0.04952858457266848
0.9500000000000001	0.04756558921340426
1.	0.04596383868035124
1.05	0.0441166480407986
1.1	0.04251109237529911
1.1500000000000001	0.04047610756595825
1.2000000000000002	0.03858471612314526
1.2500000000000002	0.036610011223286346
1.3000000000000003	0.0348246398646241
1.35	0.03295848565242428
1.4000000000000001	0.031057989367298346
1.4500000000000002	0.029312133898768744
1.5000000000000002	0.027491290162687747
1.5500000000000003	0.025772888985113422
1.6	0.024038726156196198
1.6500000000000001	0.022306027315377695
1.7000000000000002	0.020671191703034913
1.7500000000000002	0.019044913793632455
1.8000000000000003	0.01757085659181417
1.85	0.01619825013225333
1.9000000000000001	0.014648393860792867
1.9500000000000002	0.013275450837459651
2.	0.012034772369601269
2.0500000000000003	0.010828300047242698
2.1	0.00968064271380242
2.1500000000000004	0.008559349922325793
2.2	0.007610349192964621
2.25	0.006672690883535784
2.3000000000000003	0.005825647207264199
2.35	0.005055339662737905
2.4000000000000004	0.004333775445384642
2.45	0.0036751316552603476
2.5000000000000004	0.0030973987789909233
2.5500000000000003	0.0025905214071113604
2.6	0.0021458228797543587
2.6500000000000004	0.0017605983087422973
2.7	0.0014323225714744571
2.7500000000000004	0.0011503716988685354
2.8000000000000003	0.0009182300333700999
2.85	0.000733126827449307
2.9000000000000004	0.0005850250772074974
2.95	0.00047239810766399346
3.0000000000000004	0.0003873482025428199
3.0500000000000003	0.00032978750761437805
3.1	0.00029164880981273264
3.1500000000000004	0.000269276962829357
3.2	0.00025658458484421236
3.2500000000000004	0.00024279117408931752
3.3000000000000003	0.00023962234579119065
3.35	0.0002376915800795857
3.4000000000000004	0.00023549307253517993
3.45	0.0002326852833804716
3.5000000000000004	0.00023038156608738773
3.5500000000000003	0.0002278862234149945
3.6	0.0002252276097147929
3.6500000000000004	0.00022212775013554496
3.7	0.00021881124719535586
3.7500000000000004	0.00021525362049610035
3.8000000000000003	0.00021153964068334688
3.85	0.0002075715888514202
3.9000000000000004	0.00020354776845351368
3.95	0.0001992015910995361
4.	0.00019469365137112
4.05	0.0001901745684759737
4.1	0.00018533419898313934
4.1499999999999995	0.00018027629412020626
4.2	0.00017517261355839956
4.25	0.00016995302598197564
4.3	0.0001646076781108573
4.35	0.00015908386876915088
4.3999999999999995	0.00015348546379101666
4.45	0.0001478044623027897
4.5	0.0001420854717132789
4.55	0.00013628240645209555
4.6	0.0001304277542532781
4.6499999999999995	0.0001245581595490788
4.7	0.00011866894091349308
4.75	0.00011280310918784678
4.8	0.0001069603383496584
4.85	0.0001011636128921403
4.9	0.00009543832053132185
4.95	0.00008980309991349448
5.	0.00008428023045455449
5.05	0.0000788923318968202
5.1	0.00007365508205585293
5.15	0.00006856792491149925
5.2	0.00006380560330145387
5.25	0.00005965018991021206
5.3	0.00005548720281503641
5.35	0.0000513312929163418
5.4	0.000047197899548186837
5.45	0.000043103268358515474
5.5	0.00003906446910871078
5.55	0.00003509941324648705
5.6	0.00003122687100368059
5.65	0.000027466487580807026
5.7	0.000023838797613469905
5.75	0.000020365236369760864
5.8	0.000017068144517439817
5.85	0.000013970759565399147
5.9	0.000011097177627866482
5.95	8.472242392205982e-6
6.	6.121230363833942e-6
6.05	4.068846740768677e-6
6.1	2.335052142468837e-6
6.15	9.026553934612325e-7
6.2	0.
6.25	0.