0.1	0.00892450405225927
0.12000000000000001	0.008564049489204223
0.14	0.00806100447290495
0.16	0.007331398776679246
0.18	0.006133232222020872
0.2	0.003820638605346274
0.22	0.0037663858663897305
0.24000000000000002	0.0037081398591938698
0.26	0.0036461409615380874
0.28	0.0035806317504875804
0.30000000000000004	0.003511855712934525
0.32	0.003440056083353
0.33999999999999997	0.003365474792170886
0.36	0.003288351511048231
0.38	0.003208922783457947
0.4	0.0031274212304967406
0.42000000000000004	0.0030440748229438592
0.44000000000000006	0.0029591062113153758
0.45999999999999996	0.0028727321060797975
0.48	0.002785162700326272
0.5	0.0026966011270037928
0.52	0.0026072429423469184
0.54	0.0025172756262079937
0.56	0.0024268780886251436
0.58	0.0023362201699108995
0.6	0.002245462118608118
0.62	0.0021547540274642002
0.64	0.002064235201566753
0.66	0.001974033424104305
0.6799999999999999	0.001884264072509883
0.7	0.0017950290188307437
0.72	0.0017064152194419088
0.74	0.0016184928545697782
0.76	0.0015313128068062112
0.78	0.0014449031504356342
0.8	0.0013592641232172554
0.82	0.0012743606964153362
0.84	0.0011901111947545367
0.86	0.0011063691042319155
0.88	0.0010228924154701824
0.9	0.000939288372648307
0.92	0.0008549046218843064
0.94	0.0007685863099943167
0.96	0.0006780210714931786
0.98	0.0005772659475055445
1.	0.0004301536220733495
1.02	0.00035152351216347847
1.04	0.0003226512726583166
1.06	0.0002953585460959853
1.08	0.00026961572542319706
1.1	0.00024538964726651186
1.12	0.0002226439033661801
1.1400000000000001	0.00020133913250801485
1.1600000000000001	0.0001814332744301464
1.1800000000000002	0.00016288174576049085
1.2000000000000002	0.00014563744022940867
1.2200000000000002	0.00012965027336629518
1.2400000000000002	0.00011486527279085622
1.26	0.0001012140375605389
1.28	0.00008852347314773022
1.3	0.0000771971616198446
1.32	0.00006713018161453158
1.34	0.00005799107490167232
1.36	0.0000497291626311795
1.3800000000000001	0.00004229440146192133
1.4000000000000001	0.00003563757583738976
1.4200000000000002	0.0000297104691805497
1.4400000000000002	0.000024466012653159105
1.4600000000000002	0.000019858410110325103
1.4800000000000002	0.00001584323773804765
1.5000000000000002	0.000012377516299302385
1.52	9.41975200961134e-6
1.54	6.929935661749518e-6
1.56	4.8694666426720085e-6
1.58	3.2008740308178105e-6
1.6	1.8867141008886743e-6
1.62	8.82914331996598e-7
1.6400000000000001	3.24883685195956e-8
1.6600000000000001	1.4634820465833671e-8
1.6800000000000002	5.824026654732969e-9
1.7000000000000002	1.867908744214538e-9
1.7200000000000002	4.2239180762823746e-10
1.7400000000000002	4.949709367386213e-11
1.7600000000000002	1.0274092622044186e-12
1.78	0.
1.8	0.
1.82	0.
1.84	0.
1.86	0.
1.8800000000000001	0.
1.9000000000000001	0.
1.9200000000000002	0.
1.9400000000000002	0.
1.9600000000000002	0.
1.9800000000000002	0
2.	0
2.02	0
2.04	0
2.06	0
2.08	0
2.1	0
2.12	0
2.14	0
2.16	0
2.18	0
2.2	0
2.22	0
2.24	0
2.2600000000000002	0
2.2800000000000002	0
2.3000000000000003	0
2.3200000000000003	0
2.3400000000000003	0
2.3600000000000003	0
2.3800000000000003	0
2.4000000000000004	0
2.42	0
2.44	0
2.46	0
2.48	0
2.5	0
2.52	0
2.54	0
2.56	0
2.58	0
2.6	0
2.62	0
2.64	0
2.66	0
2.68	0
2.7	0
2.72	0
2.74	0
2.7600000000000002	0
2.7800000000000002	0
2.8000000000000003	0
2.8200000000000003	0
2.8400000000000003	0
2.8600000000000003	0
2.8800000000000003	0
2.9000000000000004	0
2.92	0
2.94	0
2.96	0
2.98	0
3.	0
3.02	0
3.04	0
3.06	0
3.08	0
3.1	0
3.12	0
3.14	0
3.16	0
3.18	0
3.2	0
3.22	0
3.24	0
3.2600000000000002	0
3.2800000000000002	0
3.3000000000000003	0
3.3200000000000003	0
3.3400000000000003	0
3.3600000000000003	0
3.3800000000000003	0
3.4000000000000004	0
3.4200000000000004	0
3.44	0
3.46	0
3.48	0
3.5	0
3.52	0
3.54	0
3.56	0
3.58	0
3.6	0
3.62	0
3.64	0
3.66	0
3.68	0
3.7	0
3.72	0
3.74	0
3.7600000000000002	0
3.7800000000000002	0
3.8000000000000003	0
3.8200000000000003	0
3.8400000000000003	0
3.8600000000000003	0
3.8800000000000003	0
3.9000000000000004	0
3.9200000000000004	0
3.94	0
3.96	0
3.98	0
4.	0
4.02	0
4.04	0
4.06	0
4.08	0
4.1	0
4.12	0
4.14	0
4.16	0
4.18	0
4.199999999999999	0
4.22	0
4.239999999999999	0
4.26	0
4.279999999999999	0
4.3	0
4.319999999999999	0
4.34	0
4.359999999999999	0
4.38	0
4.3999999999999995	0
4.42	0
4.4399999999999995	0
4.46	0
4.4799999999999995	0
4.5	0
4.52	0
4.54	0
4.56	0
4.58	0
4.6	0
4.62	0
4.64	0
4.66	0
4.68	0
4.7	0
4.72	0
4.739999999999999	0
4.76	0
4.779999999999999	0
4.8	0
4.819999999999999	0
4.84	0
4.859999999999999	0
4.88	0
4.8999999999999995	0
4.92	0
4.9399999999999995	0
4.96	0
4.9799999999999995	0
5.	0
5.02	0
5.04	0
5.06	0
5.08	0
5.1	0
5.12	0
5.14	0
5.16	0
5.18	0
5.2	0
5.22	0
5.239999999999999	0
5.26	0
5.279999999999999	0
5.3	0
5.319999999999999	0
5.34	0
5.359999999999999	0
5.38	0
5.3999999999999995	0
5.42	0
5.4399999999999995	0
5.46	0
5.4799999999999995	0
5.5	0
5.52	0
5.54	0
5.56	0
5.58	0
5.6	0
5.62	0
5.64	0
5.66	0
5.68	0
5.7	0
5.72	0
5.739999999999999	0
5.76	0
5.779999999999999	0
5.8	0
5.819999999999999	0
5.84	0
5.859999999999999	0
5.88	0
5.8999999999999995	0
5.92	0
5.9399999999999995	0
5.96	0
5.9799999999999995	0
6.	0
6.02	0
6.04	0
6.06	0
6.08	0
6.1	0
6.12	0
6.14	0
6.16	0
6.18	0
6.2	0
6.22	0
6.24	0
6.26	0
6.279999999999999	0