0.05	0.06820613445252965
0.07	0.06789503338520987
0.09	0.06745066559280058
0.11	0.06629161434593529
0.13	0.06515874352019997
0.15000000000000002	0.06462276335537294
0.16999999999999998	0.0638851061689488
0.19	0.06309692230307179
0.21000000000000002	0.062087919017717194
0.22999999999999998	0.06039576337116529
0.25	0.05939363579730642
0.27	0.05766260135578095
0.29	0.0567267996264969
0.31	0.054985511228011964
0.33	0.05340328789983458
0.35	0.052249848677835865
0.37	0.05087534619086271
0.39	0.04926360405568147
0.41	0.048098554474646546
0.43	0.0466554198758283
0.45	0.045156150725979276
0.47	0.0435770637453247
0.49	0.042751594816703896
0.51	0.04136217796838708
0.53	0.04020942572259455
0.55	0.03903299998665886
0.5700000000000001	0.03803924891711785
0.5900000000000001	0.03704985328609101
0.6100000000000001	0.03602665890486971
0.63	0.03534344937493807
0.65	0.03442718295261948
0.67	0.033249847785097306
0.6900000000000001	0.03283859983543676
0.7100000000000001	0.03216537205620834
0.7300000000000001	0.031454869128762136
0.7500000000000001	0.030975359889244356
0.77	0.03046400321179596
0.79	0.03005630380725325
0.81	0.029779863779527467
0.8300000000000001	0.029344472934379667
0.8500000000000001	0.029072466233193338
0.8700000000000001	0.028880166086558766
0.89	0.028568792848585434
0.91	0.02836192623479402
0.93	0.028207561973111
0.9500000000000001	0.02798903720146633
0.9700000000000001	0.027768963473633487
0.9900000000000001	0.027650707855858034
1.01	0.027474802464116356
1.03	0.027282021729834984
1.05	0.027132786608855753
1.07	0.02695919505014658
1.09	0.026739634279773716
1.11	0.026545991451701247
1.1300000000000001	0.02633874203662401
1.1500000000000001	0.02610876361237191
1.1700000000000002	0.02585960061982712
1.1900000000000002	0.02558834003221437
1.21	0.02529542022322395
1.23	0.02497306843705956
1.25	0.024621553334498687
1.27	0.024236325546875985
1.29	0.023811733173181384
1.31	0.023351859457060663
1.33	0.022849960010841608
1.35	0.022306637125732286
1.37	0.021719036271142914
1.3900000000000001	0.021088048458746195
1.4100000000000001	0.020415230915500085
1.4300000000000002	0.019701939640662913
1.4500000000000002	0.01895081272044548
1.47	0.01816342144119019
1.49	0.017342357566615823
1.51	0.01649125547344495
1.53	0.015612675575382385
1.55	0.014709802044106306
1.57	0.013787138267469908
1.59	0.012848494337383137
1.61	0.011898288775583701
1.6300000000000001	0.01094147472656902
1.6500000000000001	0.009983224431122928
1.6700000000000002	0.009029101344232484
1.6900000000000002	0.008085130874554102
1.7100000000000002	0.007157728729707947
1.73	0.006253747152901139
1.75	0.005380507226698305
1.77	0.004545809521958677
1.79	0.003757917707386797
1.81	0.003025564314998745
1.83	0.002357963386095668
1.85	0.0017648233220954393
1.87	0.0012563639293390653
1.8900000000000001	0.0008299370279644979
1.9100000000000001	0.0004817185628905761
1.9300000000000002	0.00022085454792045473
1.9500000000000002	0.00005693038472979967
1.97	0
1.99	0
2.01	0
2.03	0
2.05	0
2.07	0
2.09	0
2.11	0
2.13	0
2.15	0
2.17	0
2.19	0
2.21	0
2.23	0
2.25	0
2.27	0
2.29	0
2.31	0
2.33	0
2.35	0
2.3699999999999997	0
2.3899999999999997	0
2.4099999999999997	0
2.4299999999999997	0
2.4499999999999997	0
2.4699999999999998	0
2.4899999999999998	0
2.51	0
2.53	0
2.55	0
2.57	0
2.59	0
2.61	0
2.63	0
2.65	0
2.67	0
2.69	0
2.71	0
2.73	0
2.75	0
2.77	0
2.79	0
2.81	0
2.83	0
2.85	0
2.8699999999999997	0
2.8899999999999997	0
2.9099999999999997	0
2.9299999999999997	0
2.9499999999999997	0
2.9699999999999998	0
2.9899999999999998	0
3.01	0
3.03	0
3.05	0
3.07	0
3.09	0
3.11	0
3.13	0
3.15	0
3.17	0
3.19	0
3.21	0
3.23	0
3.25	0
3.27	0
3.29	0
3.31	0
3.33	0
3.35	0
3.37	0
3.3899999999999997	0
3.4099999999999997	0
3.4299999999999997	0
3.4499999999999997	0
3.4699999999999998	0
3.4899999999999998	0
3.51	0
3.53	0
3.55	0
3.57	0
3.59	0
3.61	0
3.63	0
3.65	0
3.67	0
3.69	0
3.71	0
3.73	0
3.75	0
3.77	0
3.79	0
3.81	0
3.83	0
3.85	0
3.87	0
3.8899999999999997	0
3.9099999999999997	0
3.9299999999999997	0
3.9499999999999997	0
3.9699999999999998	0
3.9899999999999998	0
4.01	0
4.03	0
4.05	0
4.07	0
4.09	0
4.11	0
4.13	0
4.1499999999999995	0
4.17	0
4.1899999999999995	0
4.21	0
4.2299999999999995	0
4.25	0
4.27	0
4.29	0
4.31	0
4.33	0
4.35	0
4.37	0
4.39	0
4.41	0
4.43	0
4.45	0
4.47	0
4.49	0
4.51	0
4.53	0
4.55	0
4.57	0
4.59	0
4.61	0
4.63	0
4.65	0
4.67	0
4.6899999999999995	0
4.71	0
4.7299999999999995	0
4.75	0
4.77	0
4.79	0
4.81	0
4.83	0
4.85	0
4.87	0
4.89	0
4.91	0
4.93	0
4.95	0
4.97	0
4.99	0
5.01	0
5.03	0
5.05	0
5.07	0
5.09	0
5.11	0
5.13	0
5.15	0
5.17	0
5.1899999999999995	0
5.21	0
5.2299999999999995	0
5.25	0
5.27	0
5.29	0
5.31	0
5.33	0
5.35	0
5.37	0
5.39	0
5.41	0
5.43	0
5.45	0
5.47	0
5.49	0
5.51	0
5.53	0
5.55	0
5.57	0
5.59	0
5.61	0
5.63	0
5.65	0
5.67	0
5.6899999999999995	0
5.71	0
5.7299999999999995	0
5.75	0
5.77	0
5.79	0
5.81	0
5.83	0
5.85	0
5.87	0
5.89	0
5.91	0
5.93	0
5.95	0
5.97	0
5.99	0
6.01	0
6.03	0
6.05	0
6.07	0
6.09	0
6.11	0
6.13	0
6.15	0
6.17	0
6.19	0
6.21	0
6.2299999999999995	0
6.25	0
6.27	0
6.29	0