0.1	0.06933683492734073
0.12000000000000001	0.0689180782165555
0.14	0.06835618721473995
0.16	0.0671901391874933
0.18	0.06626846691760359
0.2	0.06505724836200474
0.22	0.0640769269097661
0.24000000000000002	0.0625542879710452
0.26	0.06123940097965592
0.28	0.06011536978473958
0.30000000000000004	0.05901332298574924
0.32	0.05718514654303305
0.33999999999999997	0.056258526762553794
0.36	0.054401200802296525
0.38	0.05311665148005255
0.4	0.051288008706931384
0.42000000000000004	0.049792795771543566
0.44000000000000006	0.04852014637266808
0.45999999999999996	0.04707114675810658
0.48	0.0456590963318398
0.5	0.04440496691407026
0.52	0.043294702816324
0.54	0.04228774875972295
0.56	0.041240957769798164
0.58	0.040080550032055615
0.6	0.03878976464189532
0.62	0.037825531514743674
0.64	0.03704432111756339
0.66	0.03654419779834497
0.6799999999999999	0.03558125661264457
0.7	0.03487190547160937
0.72	0.034240864210428254
0.74	0.03365090187886999
0.76	0.03330853355502998
0.78	0.032930600038500735
0.8	0.032535794566871515
0.82	0.03215286951681082
0.84	0.03179524867290778
0.86	0.03167230480767803
0.88	0.031359375827168565
0.9	0.031174163364153754
0.92	0.030858650571739362
0.94	0.030797718198076387
0.96	0.03064575389215798
0.98	0.030438220793478264
1.	0.03028614852290773
1.02	0.030143717577553
1.04	0.029968654963580983
1.06	0.02981063152042715
1.08	0.02962167065211179
1.1	0.029441140614305472
1.12	0.029220281771891142
1.1400000000000001	0.028998278897013983
1.1600000000000001	0.028750457939285556
1.1800000000000002	0.02847985666736435
1.2000000000000002	0.028185028490350695
1.2200000000000002	0.02785151039044409
1.2400000000000002	0.027486697332590702
1.26	0.02708995874099166
1.28	0.026654209714379082
1.3	0.02617204650055901
1.32	0.025646269452106782
1.34	0.025073782119993518
1.36	0.024454031017131905
1.3800000000000001	0.023784760987248448
1.4000000000000001	0.023069910568587725
1.4200000000000002	0.022307938857787656
1.4400000000000002	0.0215025547684602
1.4600000000000002	0.020655677265990494
1.4800000000000002	0.019769602344695988
1.5000000000000002	0.018847827075823696
1.52	0.017893746078471467
1.54	0.016910391649704166
1.56	0.015902314123194164
1.58	0.014873535110777105
1.6	0.013828852237960852
1.62	0.012773294895112525
1.6400000000000001	0.01171243290163321
1.6600000000000001	0.010652116401568634
1.6800000000000002	0.009598722702098127
1.7000000000000002	0.008559032703295834
1.7200000000000002	0.007540305539969027
1.7400000000000002	0.006550295273458072
1.7600000000000002	0.005597278910408794
1.78	0.004690047625886934
1.8	0.003837901100899695
1.82	0.0030506603417058496
1.84	0.002338681710450678
1.86	0.0017128711109792125
1.8800000000000001	0.001181633347160935
1.9000000000000001	0.0007377031859000378
1.9200000000000002	0.00038831838333341695
1.9400000000000002	0.0001441810741235816
1.9600000000000002	0.000016501685502395418
1.9800000000000002	0
2.	0
2.02	0
2.04	0
2.06	0
2.08	0
2.1	0
2.12	0
2.14	0
2.16	0
2.18	0
2.2	0
2.22	0
2.24	0
2.2600000000000002	0
2.2800000000000002	0
2.3000000000000003	0
2.3200000000000003	0
2.3400000000000003	0
2.3600000000000003	0
2.3800000000000003	0
2.4000000000000004	0
2.42	0
2.44	0
2.46	0
2.48	0
2.5	0
2.52	0
2.54	0
2.56	0
2.58	0
2.6	0
2.62	0
2.64	0
2.66	0
2.68	0
2.7	0
2.72	0
2.74	0
2.7600000000000002	0
2.7800000000000002	0
2.8000000000000003	0
2.8200000000000003	0
2.8400000000000003	0
2.8600000000000003	0
2.8800000000000003	0
2.9000000000000004	0
2.92	0
2.94	0
2.96	0
2.98	0
3.	0
3.02	0
3.04	0
3.06	0
3.08	0
3.1	0
3.12	0
3.14	0
3.16	0
3.18	0
3.2	0
3.22	0
3.24	0
3.2600000000000002	0
3.2800000000000002	0
3.3000000000000003	0
3.3200000000000003	0
3.3400000000000003	0
3.3600000000000003	0
3.3800000000000003	0
3.4000000000000004	0
3.4200000000000004	0
3.44	0
3.46	0
3.48	0
3.5	0
3.52	0
3.54	0
3.56	0
3.58	0
3.6	0
3.62	0
3.64	0
3.66	0
3.68	0
3.7	0
3.72	0
3.74	0
3.7600000000000002	0
3.7800000000000002	0
3.8000000000000003	0
3.8200000000000003	0
3.8400000000000003	0
3.8600000000000003	0
3.8800000000000003	0
3.9000000000000004	0
3.9200000000000004	0
3.94	0
3.96	0
3.98	0
4.	0
4.02	0
4.04	0
4.06	0
4.08	0
4.1	0
4.12	0
4.14	0
4.16	0
4.18	0
4.199999999999999	0
4.22	0
4.239999999999999	0
4.26	0
4.279999999999999	0
4.3	0
4.319999999999999	0
4.34	0
4.359999999999999	0
4.38	0
4.3999999999999995	0
4.42	0
4.4399999999999995	0
4.46	0
4.4799999999999995	0
4.5	0
4.52	0
4.54	0
4.56	0
4.58	0
4.6	0
4.62	0
4.64	0
4.66	0
4.68	0
4.7	0
4.72	0
4.739999999999999	0
4.76	0
4.779999999999999	0
4.8	0
4.819999999999999	0
4.84	0
4.859999999999999	0
4.88	0
4.8999999999999995	0
4.92	0
4.9399999999999995	0
4.96	0
4.9799999999999995	0
5.	0
5.02	0
5.04	0
5.06	0
5.08	0
5.1	0
5.12	0
5.14	0
5.16	0
5.18	0
5.2	0
5.22	0
5.239999999999999	0
5.26	0
5.279999999999999	0
5.3	0
5.319999999999999	0
5.34	0
5.359999999999999	0
5.38	0
5.3999999999999995	0
5.42	0
5.4399999999999995	0
5.46	0
5.4799999999999995	0
5.5	0
5.52	0
5.54	0
5.56	0
5.58	0
5.6	0
5.62	0
5.64	0
5.66	0
5.68	0
5.7	0
5.72	0
5.739999999999999	0
5.76	0
5.779999999999999	0
5.8	0
5.819999999999999	0
5.84	0
5.859999999999999	0
5.88	0
5.8999999999999995	0
5.92	0
5.9399999999999995	0
5.96	0
5.9799999999999995	0
6.	0
6.02	0
6.04	0
6.06	0
6.08	0
6.1	0
6.12	0
6.14	0
6.16	0
6.18	0
6.2	0
6.22	0
6.24	0
6.26	0
6.279999999999999	0