0.001	0.00024621771798121833
0.006370000000000001	0.00024368321621056051
0.01174	0.0002390209309752751
0.017110000000000004	0.00023296783464345832
0.022480000000000003	0.00022593740474110728
0.027850000000000003	0.00021821210183828847
0.033220000000000006	0.0002100008917430953
0.038590000000000006	0.00020146489567208947
0.043960000000000006	0.0001927315905616048
0.049330000000000006	0.00018390340630417676
0.054700000000000006	0.0001750634183897551
0.060070000000000005	0.00016627933063958532
0.06544000000000001	0.00015760638389677716
0.07081000000000001	0.00014908955888336622
0.07618000000000001	0.00014076528456367243
0.08155000000000001	0.00013266279857518018
0.08692000000000001	0.0001248052427232056
0.09229000000000001	0.00011721061208679786
0.09766000000000001	0.00010989232856851576
0.10303000000000001	0.00010286022022246554
0.10840000000000001	0.00009612071530578382
0.11377000000000001	0.00008967748783015132
0.11914000000000001	0.00008353180441716939
0.12451000000000001	0.00007768288363027796
0.12988000000000002	0.00007212819132513867
0.13525	0.00006686370528599378
0.14062000000000002	0.00006188414672941846
0.14599	0.00005718318299996452
0.15136000000000002	0.00005275360994229071
0.15673	0.00004858750580617207
0.16210000000000002	0.00004467637533490889
0.16747	0.000041011271778502634
0.17284000000000002	0.000037582906663338584
0.17821000000000004	0.000034381746521097186
0.18358000000000002	0.00003139809830976055
0.18895000000000003	0.00002862218446668712
0.19432000000000002	0.00002604420893512286
0.19969000000000003	0.000023654415303686793
0.20506000000000002	0.000021443136868635808
0.21043000000000003	0.00001940084096615528
0.21580000000000002	0.0000175181664386532
0.22117000000000003	0.000015785956043453326
0.22654000000000002	0.000014195285309815402
0.23191000000000003	0.000012737483003194058
0.23728000000000002	0.000011404152821369479
0.24265000000000003	0.000010187187711611104
0.24802000000000002	9.078782225800286e-6
0.25339	8.071441941658771e-6
0.25876000000000005	7.157990008686369e-6
0.26413000000000003	6.331571308044956e-6
0.2695	5.5856546679835515e-6
0.27487000000000006	4.914032802403736e-6
0.28024000000000004	4.310820850677895e-6
0.28561000000000003	3.7704531950094998e-6
0.29098	3.2876789055265486e-6
0.29635000000000006	2.8575561767952045e-6
0.30172000000000004	2.4754454459168772e-6
0.30709000000000003	2.137001778042588e-6
0.31246	1.8381663770586284e-6
0.31783000000000006	1.5751574952344099e-6
0.32320000000000004	1.3444606685231153e-6
0.32857000000000003	1.1428188694101916e-6
0.33394	9.67221376634579e-7
0.33931000000000006	8.148935946849098e-7
0.34468000000000004	6.832857508470079e-7
0.35005000000000003	5.700618226973433e-7
0.35542000000000007	4.7308835434669447e-7
0.36079000000000006	3.904232691859285e-7
0.36616000000000004	3.203047354201852e-7
0.37153	2.611401604122071e-7
0.37690000000000007	2.1149532309364056e-7
0.38227000000000005	1.7008371369171367e-7
0.38764000000000004	1.3575611837079092e-7
0.39301	1.0749047137713816e-7
0.39838000000000007	8.438201970898244e-8
0.40375000000000005	6.563381622293269e-8
0.40912000000000004	5.054758027938127e-8
0.41449	3.851491746568551e-8
0.41986000000000007	2.9008962913255353e-8
0.42523000000000005	2.157641600196263e-8
0.43060000000000004	1.583000735704673e-8
0.4359700000000001	1.1441395370926478e-8
0.44134000000000007	8.134503885269844e-9
0.44671000000000005	5.679300780754362e-9
0.45208000000000004	3.886020935718283e-9
0.4574500000000001	2.599831601695481e-9
0.46282000000000006	1.6959364838556177e-9
0.46819000000000005	1.0751126037749175e-9
0.47356000000000004	6.596716560396506e-10
0.4789300000000001	3.8983543138171234e-10
0.48430000000000006	2.205127058533223e-10
0.48967000000000005	1.1846294126516702e-10
0.49504000000000004	5.983010020766241e-11
0.50041	2.802790658534089e-11
0.50578	1.1955922547839525e-11
0.5111500000000001	4.523938780533166e-12
0.5165200000000001	1.4603032707204282e-12
0.5218900000000001	3.779999090206282e-13
0.5272600000000001	7.05021163815896e-14
0.53263	7.676411897669046e-15
0.538	2.9162781263678357e-16
0.54337	5.088974352025955e-19