9.40100132e-3 6.86887009e-9
3.47300536e+0 1.03442567e-8
3.45484056e+0 1.99654604e-8
3.22303819e+0 2.07225997e-8
3.03906802e+0 2.04670823e-8
2.88095572e+0 2.04670823e-8
2.70928443e+0 2.12432443e-8
2.57520475e+0 2.15084515e-8
2.42173458e+0 2.12432443e-8
2.29574859e+0 2.17769698e-8
2.18213844e+0 2.23241048e-8
2.04664136e+0 2.37528413e-8
1.90932205e+0 2.46536073e-8
1.80999669e+0 2.55885327e-8
1.68404705e+0 2.62314313e-8
1.58793690e+0 2.75660918e-8
1.46565153e+0 2.89686602e-8
1.36366334e+0 2.96964827e-8
1.27217079e+0 3.12074458e-8
1.18998707e+0 3.19915167e-8
1.12206920e+0 3.27952870e-8
1.06369773e+0 3.40389648e-8
9.97646929e-1 3.57708742e-8
9.15910760e-1 3.71273936e-8
8.52179772e-1 3.90164429e-8
7.97129451e-1 4.04960422e-8
7.35743341e-1 4.25564890e-8
6.82722488e-1 4.47217718e-8
6.50672385e-1 4.58453831e-8
6.03780988e-1 4.75839526e-8
5.58775184e-1 5.00050338e-8
5.25477733e-1 5.12613843e-8
4.83716387e-1 5.32053419e-8
4.57331191e-1 5.66104688e-8
4.22112591e-1 5.94908210e-8
3.95899098e-1 6.02335229e-8
3.65409956e-1 6.17468589e-8
3.43635152e-1 6.32982168e-8
3.24024779e-1 6.81900943e-8
3.01480144e-1 7.43771289e-8
2.85036953e-1 8.21383228e-8
2.69489593e-1 8.84862207e-8
2.51410077e-1 9.65147667e-8
2.36430739e-1 1.05271760e-7
2.26540013e-1 1.12009123e-7
2.22947812e-1 1.50859499e-7
2.19413390e-1 2.08290052e-7
2.17093018e-1 2.98489670e-7
2.16524343e-1 4.12121407e-7
2.14804798e-1 5.41461812e-7
2.13669350e-1 7.20275749e-7
2.13676126e-1 8.89405760e-7
2.10850428e-1 1.19789624e-6
2.09734317e-1 1.51634126e-6
2.07513595e-1 1.99223061e-6
2.07519402e-1 2.39973977e-6
2.05320216e-1 2.96322954e-6
2.04777413e-1 3.48187542e-6
1.97262729e-1 3.79779350e-6
1.89011596e-1 4.19409022e-6
1.79659955e-1 4.63174018e-6
1.70314451e-1 4.92817025e-6
1.62755446e-1 5.51036575e-6
1.54289564e-1 5.93622348e-6
1.48230828e-1 6.39499277e-6
1.40521508e-1 7.23974191e-6
1.35003172e-1 7.70308336e-6
1.30048740e-1 8.29840093e-6
1.22626278e-1 8.50689395e-6
1.15012386e-1 9.27874281e-6
1.07296036e-1 9.87257974e-6
1.00365336e-1 1.06355626e-5
9.38817929e-2 1.10388892e-5
8.89981088e-2 1.16005501e-5
8.48202904e-2 1.20404715e-5
7.99799642e-2 1.31329294e-5
7.48137234e-2 1.41478819e-5
6.97942303e-2 1.48677290e-5
6.56356772e-2 1.60167521e-5
6.17245579e-2 1.66241466e-5
5.86700925e-2 1.72545751e-5
5.53218383e-2 1.83588631e-5
5.24440238e-2 1.92929657e-5
4.99819692e-2 1.95338251e-5
4.73818437e-2 2.02745957e-5
4.49168125e-2 2.05277101e-5
4.26940057e-2 2.10434582e-5
4.01500168e-2 2.21141536e-5
3.74561533e-2 2.29527766e-5
3.54129067e-2 2.38232023e-5
3.30368177e-2 2.44217479e-5
3.13182005e-2 2.53478805e-5
2.94520567e-2 2.66375858e-5
2.74759210e-2 2.73068413e-5
2.59770512e-2 2.79929116e-5
2.45600396e-2 2.94171966e-5
2.32823517e-2 3.01562884e-5
2.18949139e-2 3.05327689e-5
2.05901945e-2 3.12998889e-5
1.93632596e-2 3.24868575e-5
1.85036253e-2 3.33030730e-5
1.74476060e-2 3.49975401e-5
1.64957713e-2 3.54344603e-5
1.56794420e-2 3.63247327e-5
1.49433775e-2 3.72373728e-5
1.38664413e-2 3.81729425e-5
1.32155367e-2 4.01151896e-5
1.24280683e-2 4.21562586e-5
1.17500908e-2 4.32154127e-5
1.11090984e-2 4.43011775e-5
1.04471649e-2 4.71364404e-5
9.93020118e-3 4.95347521e-5
9.77232059e-3 5.01531594e-5
9.80078341e-3 2.42444721e-4
1.03940744e-2 2.45471476e-4
1.10232187e-2 2.39455286e-4
1.16593211e-2 2.42444721e-4
1.23321072e-2 2.42444721e-4
1.31135687e-2 2.39455286e-4
1.40568074e-2 2.42444721e-4
1.49875446e-2 2.39455286e-4
1.59373354e-2 2.42444721e-4
1.70835558e-2 2.33586546e-4
1.84103834e-2 2.30706336e-4
1.97346137e-2 2.33586546e-4
2.09851967e-2 2.33586546e-4
2.23150707e-2 2.36502713e-4
2.35398079e-2 2.39455286e-4
2.51655305e-2 2.33586546e-4
2.67601709e-2 2.27861640e-4
2.86083005e-2 2.22277044e-4
3.02592186e-2 2.27861640e-4
3.21768660e-2 2.33586546e-4
3.40334002e-2 2.25052020e-4
3.59011507e-2 2.22277044e-4
3.81762074e-2 2.22277044e-4
4.09219339e-2 2.16829320e-4
4.32831200e-2 2.11515113e-4
4.66447877e-2 2.08907052e-4
5.01337189e-2 2.14155733e-4
5.30264228e-2 2.08907052e-4
5.65373326e-2 2.03787009e-4
5.93224075e-2 2.03787009e-4
6.25775498e-2 1.91529194e-4
6.61880129e-2 1.82255973e-4
6.98206666e-2 1.84531314e-4
7.40471268e-2 1.84531314e-4
7.91611689e-2 1.82255973e-4
8.39524121e-2 1.73431732e-4
8.87961154e-2 1.65034731e-4
9.44227750e-2 1.60989942e-4
9.90746721e-2 1.67095076e-4
1.03402389e-1 1.80008689e-4
1.07920355e-1 2.08907052e-4
1.10254891e-1 2.54780357e-4
1.13851299e-1 3.34740762e-4
1.16003389e-1 3.98239962e-4
1.17252901e-1 4.79699623e-4
1.20431950e-1 6.14802224e-4
1.21729618e-1 7.59165695e-4
1.23041728e-1 9.60979947e-4
1.23046319e-1 1.23163034e-3
1.22720565e-1 1.41173021e-3
1.30845476e-1 1.34337882e-3
1.38025493e-1 1.27833678e-3
1.47951797e-1 1.20144466e-3
1.58169452e-1 1.15754762e-3
1.62446649e-1 9.37427565e-4
1.63749197e-1 7.78239339e-4
1.68177907e-1 6.46083486e-4
1.73653018e-1 5.63660124e-4
1.80749840e-1 5.04106837e-4
1.91177280e-1 4.62172892e-4
2.00595577e-1 4.73784747e-4
2.12740627e-1 5.10400264e-4
2.12160792e-1 3.47434954e-4
2.10459410e-1 2.71086229e-4
2.11016093e-1 2.22277044e-4
2.12706499e-1 1.75596908e-4
2.15560288e-1 1.43980614e-4
2.23770761e-1 1.27180637e-4
2.35417576e-1 1.12340918e-4
2.51674271e-1 1.04281712e-4
2.75600804e-1 9.68006640e-5
3.02609345e-1 8.98562977e-5
3.28735543e-1 8.76540355e-5
3.54264124e-1 8.13658376e-5
3.73706112e-1 8.03625663e-5
3.99515264e-1 7.83929832e-5
4.23697575e-1 7.64716721e-5
4.48143990e-1 7.36776352e-5
4.71475133e-1 7.09856838e-5
4.96022785e-1 7.01104037e-5
5.24644164e-1 6.92459161e-5
5.56399379e-1 6.67158859e-5
5.85369758e-1 6.67158859e-5
6.25794638e-1 6.34857196e-5
6.61902843e-1 6.19297663e-5
7.03845015e-1 6.04119475e-5
7.42471976e-1 5.96670455e-5
7.83218782e-1 5.89313284e-5
8.28411869e-1 5.82046830e-5
8.66899523e-1 5.74869974e-5
9.07183759e-1 6.04119475e-5
9.16945083e-1 6.75487878e-5
9.21881399e-1 8.00000000e-5
9.85550854e-1 8.00000000e-5
9.88168780e-1 7.01104037e-5
9.90793660e-1 6.19297663e-5
1.01218688e+0 5.82046830e-5
1.05356652e+0 5.67781611e-5
1.09371416e+0 5.60780651e-5
1.13842888e+0 5.53866015e-5
1.18181253e+0 5.53866015e-5
1.22685404e+0 5.67781611e-5
1.27021434e+0 5.82046830e-5
1.31160346e+0 6.11661491e-5
1.32570646e+0 6.50807654e-5
1.29422474e+0 6.92459161e-5
1.28391542e+0 7.74263683e-5
1.27029017e+0 8.65732283e-5
1.24012674e+0 9.32638691e-5
1.20744510e+0 9.80091537e-5
1.17248832e+0 1.02995879e-4
1.13551243e+0 1.12340918e-4
1.09969647e+0 1.18056847e-4
1.06501219e+0 1.25612452e-4
1.02591813e+0 1.27180637e-4
9.96196295e-1 1.16601161e-4
9.85593143e-1 1.05583597e-4
9.82932530e-1 8.00000000e-5
9.21891718e-1 8.00000000e-5
9.19451093e-1 9.92327305e-5
9.17018641e-1 1.15163425e-4
9.09717398e-1 1.32003639e-4
8.97663658e-1 1.49440712e-4
8.81052976e-1 1.73431732e-4
8.39700168e-1 1.89167567e-4
8.00282310e-1 1.96341266e-4
7.54610853e-1 2.08907052e-4
7.24982395e-1 2.33586546e-4
6.89108911e-1 2.48536019e-4
6.74542894e-1 2.61181582e-4
7.02127027e-1 2.74470554e-4
7.38679583e-1 2.61181582e-4
7.79219716e-1 2.61181582e-4
8.13244963e-1 2.54780357e-4
8.51018444e-1 2.33586546e-4
9.02524796e-1 2.19536285e-4
9.41948315e-1 2.36502713e-4
9.67432984e-1 2.08907052e-4
9.90950782e-1 1.77789114e-4
1.02599277e+0 2.06331149e-4
1.05094981e+0 1.93920304e-4
1.08521256e+0 2.27861640e-4
1.09977443e+0 1.89167567e-4
1.14780766e+0 1.96341266e-4
1.20755323e+0 1.77789114e-4
1.24691453e+0 2.01274239e-4
1.30830439e+0 1.69181143e-4
1.37642209e+0 1.67095076e-4
1.43270020e+0 1.69181143e-4
1.49524903e+0 1.57044286e-4
1.56472057e+0 1.57044286e-4
1.63741375e+0 1.53195333e-4
1.73651850e+0 1.45778113e-4
1.87138509e+0 1.42205279e-4
1.97409393e+0 1.43980614e-4
2.08801038e+0 1.45778113e-4
2.17918094e+0 1.40451834e-4
2.31107624e+0 1.33651613e-4
2.45751085e+0 1.27180637e-4
2.60627157e+0 1.27180637e-4
2.72737816e+0 1.32003639e-4
2.87702426e+0 1.21022964e-4
2.90089397e+0 6.30248811e-4
2.91682634e+0 1.53981954e-3
2.90978276e+0 8.32298256e-3
2.90238257e+0 1.91115214e-2
2.91073830e+0 7.38958841e-2
2.93454828e+0 1.78315763e-1
3.01398827e+0 1.73945474e-1
3.03836509e+0 2.28536615e-1
3.06292764e+0 2.92901667e-1
3.08771179e+0 3.94494640e-1
3.18825154e+0 3.57219111e-1
3.19647601e+0 1.89727922e-1
3.19624942e+0 1.18406556e-1
3.18746652e+0 6.94510373e-2
3.17870183e+0 4.02340193e-2
3.19535514e+0 1.84132459e-2
3.17809110e+0 1.12098099e-2
3.17787767e+0 7.17165440e-3
3.18607539e+0 3.80904338e-3
3.19428829e+0 1.99813203e-3
3.19400823e+0 1.11525443e-3
3.21087351e+0 6.70584558e-4
3.21055606e+0 3.47434954e-4
3.20176371e+0 2.16829320e-4
3.21001107e+0 1.12340918e-4
3.35018500e+0 1.10955712e-4
3.52462766e+0 1.12340918e-4
3.53423409e+0 1.57044286e-4
3.55337974e+0 2.33586546e-4
3.57261577e+0 3.38919770e-4
3.56335702e+0 5.63660124e-4
3.57326232e+0 1.12917761e-3
3.58325532e+0 2.52930924e-3
3.58364305e+0 5.19425761e-3
3.57450909e+0 1.14914506e-2
3.57501592e+0 2.95043366e-2
3.55633084e+0 5.83770977e-2
3.55664931e+0 1.05896359e-1
3.56661581e+0 2.46198615e-1
3.56674223e+0 3.11647291e-1
3.67333529e+0 4.69328949e-1
3.77293656e+0 6.09020202e-1
3.85454563e+0 7.33594790e-1
3.83372008e+0 4.46605567e-1
3.86433029e+0 2.96558342e-1
3.86402752e+0 1.76117063e-1
3.87413256e+0 1.18406556e-1
3.87393743e+0 8.47015931e-2
3.89446558e+0 5.76572861e-2
3.88384377e+0 3.87639935e-2
3.86291758e+0 2.60617052e-2
3.87303417e+0 1.79619610e-2
3.88311205e+0 1.10715887e-2
3.89327426e+0 7.53654963e-3
3.88265570e+0 5.06695304e-3
3.90319364e+0 3.24166390e-3
3.89253350e+0 2.12601192e-3
3.87161827e+0 1.57850670e-3
3.84051327e+0 1.11525443e-3
3.81984192e+0 7.78239339e-4
3.82982426e+0 5.16772260e-4
3.85012584e+0 3.56164077e-4
3.88093944e+0 2.67743634e-4
3.98619958e+0 3.65112515e-4
4.06160987e+0 4.79699623e-4
4.06179173e+0 6.46083486e-4
4.08378002e+0 9.37427565e-4
4.11682457e+0 1.26257441e-3
4.26245138e+0 1.57850670e-3
4.26210152e+0 9.14452422e-4
4.27326353e+0 6.30248811e-4
4.33055562e+0 4.85688343e-4
4.48369268e+0 5.63660124e-4
4.60529231e+0 7.59165695e-4
4.67994811e+0 1.07450650e-3
4.66787185e+0 1.92512650e-3
4.68064661e+0 2.89916718e-3
4.68095223e+0 4.47572972e-3
4.68118802e+0 6.25673879e-3
4.66899533e+0 9.54004260e-3
4.68175569e+0 1.40148255e-2
4.66957023e+0 2.16360655e-2
4.68231470e+0 3.10055232e-2
4.67011036e+0 4.66931370e-2
4.65792045e+0 6.85946799e-2
4.67072026e+0 1.11284387e-1
4.68345038e+0 1.55567334e-1
4.67119952e+0 2.20186598e-1
4.65898069e+0 3.11647291e-1
4.65917191e+0 4.09454845e-1
4.67176598e+0 4.93208501e-1
4.90179123e+0 4.24982378e-1
5.06129580e+0 3.35732336e-1
5.18431395e+0 2.78720320e-1
5.23982361e+0 2.20186598e-1
5.31008439e+0 1.71800661e-1
5.45403506e+0 2.14790108e-1
5.57203767e+0 2.68536747e-1
5.67738505e+0 3.27503968e-1
5.80026330e+0 4.30287990e-1
5.94155290e+0 5.05600109e-1
6.15168098e+0 6.01510754e-1
6.36926418e+0 7.33594790e-1
6.57686392e+0 8.20258921e-1
6.91943452e+0 9.28611352e-1
7.10682732e+0 9.75859286e-1
7.12601099e+0 1.14666124e+0
9.16708555e-3 1.19755148e+0
