0.00001	0.9668438485904536	0.
0.00001	1.1359424737172485	2.2436566727156622e-13
0.00001	1.3346160349223561	3.773535178482579e-8
0.00001	1.5680371162133662	4.289771751421401e-6
0.00001	1.842282973893515	0.00004634373176334811
0.00001	2.164493761534216	0.00007918561698212168
0.00001	2.543058428108415	0.00007497846937414383
0.00001	2.9878331292529405	0.00010705053099444289
0.00001	3.5103978381266034	0.0000928054800689972
0.00001	4.124357836879957	0.00005893212145416896
0.00001	4.845697938245949	0.00008791664713271045
0.00001	5.693198659620684	0.00010578118168400312
0.00001	6.688925184973349	0.0001230102607527924
0.00001	7.85880184499863	0.0001627502477286733
0.00001	9.233287072443153	0.00019465957595065362
0.00001	10.848166405468225	0.0002202679368049441
0.00001	12.745484185361764	0.00028767983661843484
0.00001	14.97463820590198	0.0003449390216931996
0.00001	17.593665814218305	0.00032128818170127526
0.00001	20.670754947548264	0.0003628510790086712
0.00001	24.286019446628643	0.0003772832534364761
0.00001	28.53358486705786	0.00036876501378468944
0.00001	33.52403909396583	0.0003564053551626703
0.00001	39.38731156319766	0.0003413857908043669
0.00001	46.2760560512424	0.00030090457025974145
0.00001	54.36962510684932	0.0002631279850681734
0.00001	63.878739601016136	0.000205256491908348
0.00001	75.05097496985273	0.00015473726101326082
0.00001	88.17720698790782	0.00011792388353704834
0.00001	101.56728432250941	0.0000752213134006481
0.00001	104.87926098519992	0.00006749182793849171
0.00001	108.19123764789045	0.00006274149505432898
0.00001	110.39922208968413	0.0000597773161558607
0.00003	0.9668438485904536	0.
0.00003	1.1359424737172485	6.730970018146987e-13
0.00003	1.3346160349223561	1.1320605535447737e-7
0.00003	1.5680371162133662	0.000012869315254264203
0.00003	1.842282973893515	0.00013903119529004433
0.00003	2.164493761534216	0.00023755685094636504
0.00003	2.543058428108415	0.00022493540812243147
0.00003	2.9878331292529405	0.0003211515929833286
0.00003	3.5103978381266034	0.00027841644020699154
0.00003	4.124357836879957	0.00017679636436250686
0.00003	4.845697938245949	0.00026374994139813135
0.00003	5.693198659620684	0.00031734354505200937
0.00003	6.688925184973349	0.0003690307822583772
0.00003	7.85880184499863	0.0004882507431860199
0.00003	9.233287072443153	0.0005839787278519607
0.00003	10.848166405468225	0.0006608038104148323
0.00003	12.745484185361764	0.0008630395098553044
0.00003	14.97463820590198	0.0010348170650795988
0.00003	17.593665814218305	0.0009638645451038257
0.00003	20.670754947548264	0.0010885532370260135
0.00003	24.286019446628643	0.0011318497603094284
0.00003	28.53358486705786	0.0011062950413540684
0.00003	33.52403909396583	0.0010692160654880109
0.00003	39.38731156319766	0.0010241573724131007
0.00003	46.2760560512424	0.0009027137107792244
0.00003	54.36962510684932	0.0007893839552045201
0.00003	63.878739601016136	0.0006157694757250439
0.00003	75.05097496985273	0.0004642117830397824
0.00003	88.17720698790782	0.000353771650611145
0.00003	101.56728432250941	0.0002256639402019443
0.00003	104.87926098519992	0.00020247548381547513
0.00003	108.19123764789045	0.00018822448516298693
0.00003	110.39922208968413	0.00017933194846758208
0.00006	0.9668438485904536	0.
0.00006	1.1359424737172485	1.3461940036293973e-12
0.00006	1.3346160349223561	2.2641211070895475e-7
0.00006	1.5680371162133662	0.000025738630508528407
0.00006	1.842282973893515	0.00027806239058008865
0.00006	2.164493761534216	0.00047511370189273007
0.00006	2.543058428108415	0.00044987081624486293
0.00006	2.9878331292529405	0.0006423031859666572
0.00006	3.5103978381266034	0.0005568328804139831
0.00006	4.124357836879957	0.0003535927287250137
0.00006	4.845697938245949	0.0005274998827962627
0.00006	5.693198659620684	0.0006346870901040187
0.00006	6.688925184973349	0.0007380615645167544
0.00006	7.85880184499863	0.0009765014863720398
0.00006	9.233287072443153	0.0011679574557039215
0.00006	10.848166405468225	0.0013216076208296646
0.00006	12.745484185361764	0.0017260790197106087
0.00006	14.97463820590198	0.0020696341301591975
0.00006	17.593665814218305	0.0019277290902076514
0.00006	20.670754947548264	0.002177106474052027
0.00006	24.286019446628643	0.0022636995206188567
0.00006	28.53358486705786	0.0022125900827081367
0.00006	33.52403909396583	0.0021384321309760217
0.00006	39.38731156319766	0.0020483147448262014
0.00006	46.2760560512424	0.0018054274215584488
0.00006	54.36962510684932	0.0015787679104090403
0.00006	63.878739601016136	0.0012315389514500879
0.00006	75.05097496985273	0.0009284235660795648
0.00006	88.17720698790782	0.00070754330122229
0.00006	101.56728432250941	0.0004513278804038886
0.00006	104.87926098519992	0.00040495096763095025
0.00006	108.19123764789045	0.00037644897032597385
0.00006	110.39922208968413	0.00035866389693516417
0.0001	0.9668438485904536	0.
0.0001	1.1359424737172485	2.243656672715662e-12
0.0001	1.3346160349223561	3.773535178482579e-7
0.0001	1.5680371162133662	0.00004289771751421401
0.0001	1.842282973893515	0.00046343731763348107
0.0001	2.164493761534216	0.0007918561698212167
0.0001	2.543058428108415	0.0007497846937414382
0.0001	2.9878331292529405	0.0010705053099444287
0.0001	3.5103978381266034	0.0009280548006899719
0.0001	4.124357836879957	0.0005893212145416896
0.0001	4.845697938245949	0.0008791664713271044
0.0001	5.693198659620684	0.0010578118168400312
0.0001	6.688925184973349	0.001230102607527924
0.0001	7.85880184499863	0.001627502477286733
0.0001	9.233287072443153	0.001946595759506536
0.0001	10.848166405468225	0.0022026793680494407
0.0001	12.745484185361764	0.002876798366184348
0.0001	14.97463820590198	0.003449390216931996
0.0001	17.593665814218305	0.003212881817012752
0.0001	20.670754947548264	0.003628510790086712
0.0001	24.286019446628643	0.0037728325343647606
0.0001	28.53358486705786	0.0036876501378468943
0.0001	33.52403909396583	0.0035640535516267024
0.0001	39.38731156319766	0.0034138579080436686
0.0001	46.2760560512424	0.0030090457025974144
0.0001	54.36962510684932	0.0026312798506817336
0.0001	63.878739601016136	0.00205256491908348
0.0001	75.05097496985273	0.001547372610132608
0.0001	88.17720698790782	0.0011792388353704833
0.0001	101.56728432250941	0.000752213134006481
0.0001	104.87926098519992	0.000674918279384917
0.0001	108.19123764789045	0.0006274149505432898
0.0001	110.39922208968413	0.0005977731615586069
0.0003	0.9668438485904536	0.
0.0003	1.1359424737172485	6.7309700181469855e-12
0.0003	1.3346160349223561	1.1320605535447736e-6
0.0003	1.5680371162133662	0.00012869315254264202
0.0003	1.842282973893515	0.0013903119529004432
0.0003	2.164493761534216	0.00237556850946365
0.0003	2.543058428108415	0.0022493540812243145
0.0003	2.9878331292529405	0.003211515929833286
0.0003	3.5103978381266034	0.0027841644020699156
0.0003	4.124357836879957	0.0017679636436250686
0.0003	4.845697938245949	0.002637499413981313
0.0003	5.693198659620684	0.0031734354505200935
0.0003	6.688925184973349	0.003690307822583772
0.0003	7.85880184499863	0.004882507431860198
0.0003	9.233287072443153	0.0058397872785196075
0.0003	10.848166405468225	0.006608038104148322
0.0003	12.745484185361764	0.008630395098553043
0.0003	14.97463820590198	0.010348170650795987
0.0003	17.593665814218305	0.009638645451038257
0.0003	20.670754947548264	0.010885532370260135
0.0003	24.286019446628643	0.011318497603094281
0.0003	28.53358486705786	0.011062950413540681
0.0003	33.52403909396583	0.010692160654880106
0.0003	39.38731156319766	0.010241573724131006
0.0003	46.2760560512424	0.009027137107792243
0.0003	54.36962510684932	0.007893839552045201
0.0003	63.878739601016136	0.0061576947572504395
0.0003	75.05097496985273	0.004642117830397824
0.0003	88.17720698790782	0.0035377165061114494
0.0003	101.56728432250941	0.002256639402019443
0.0003	104.87926098519992	0.002024754838154751
0.0003	108.19123764789045	0.0018822448516298692
0.0003	110.39922208968413	0.0017933194846758208
0.0006	0.9668438485904536	0.
0.0006	1.1359424737172485	1.3461940036293971e-11
0.0006	1.3346160349223561	2.264121107089547e-6
0.0006	1.5680371162133662	0.00025738630508528404
0.0006	1.842282973893515	0.0027806239058008864
0.0006	2.164493761534216	0.0047511370189273
0.0006	2.543058428108415	0.004498708162448629
0.0006	2.9878331292529405	0.006423031859666572
0.0006	3.5103978381266034	0.005568328804139831
0.0006	4.124357836879957	0.003535927287250137
0.0006	4.845697938245949	0.005274998827962626
0.0006	5.693198659620684	0.006346870901040187
0.0006	6.688925184973349	0.007380615645167544
0.0006	7.85880184499863	0.009765014863720396
0.0006	9.233287072443153	0.011679574557039215
0.0006	10.848166405468225	0.013216076208296644
0.0006	12.745484185361764	0.017260790197106086
0.0006	14.97463820590198	0.020696341301591974
0.0006	17.593665814218305	0.019277290902076513
0.0006	20.670754947548264	0.02177106474052027
0.0006	24.286019446628643	0.022636995206188563
0.0006	28.53358486705786	0.022125900827081362
0.0006	33.52403909396583	0.021384321309760212
0.0006	39.38731156319766	0.02048314744826201
0.0006	46.2760560512424	0.018054274215584486
0.0006	54.36962510684932	0.015787679104090402
0.0006	63.878739601016136	0.012315389514500879
0.0006	75.05097496985273	0.009284235660795647
0.0006	88.17720698790782	0.007075433012222899
0.0006	101.56728432250941	0.004513278804038886
0.0006	104.87926098519992	0.004049509676309502
0.0006	108.19123764789045	0.0037644897032597384
0.0006	110.39922208968413	0.0035866389693516416
0.001	0.9668438485904536	0.
0.001	1.1359424737172485	2.2436566727156618e-11
0.001	1.3346160349223561	3.773535178482579e-6
0.001	1.5680371162133662	0.0004289771751421401
0.001	1.842282973893515	0.00463437317633481
0.001	2.164493761534216	0.007918561698212166
0.001	2.543058428108415	0.007497846937414382
0.001	2.9878331292529405	0.010705053099444287
0.001	3.5103978381266034	0.009280548006899718
0.001	4.124357836879957	0.005893212145416896
0.001	4.845697938245949	0.008791664713271044
0.001	5.693198659620684	0.010578118168400312
0.001	6.688925184973349	0.01230102607527924
0.001	7.85880184499863	0.016275024772867328
0.001	9.233287072443153	0.019465957595065357
0.001	10.848166405468225	0.022026793680494407
0.001	12.745484185361764	0.02876798366184348
0.001	14.97463820590198	0.034493902169319954
0.001	17.593665814218305	0.03212881817012752
0.001	20.670754947548264	0.036285107900867114
0.001	24.286019446628643	0.037728325343647603
0.001	28.53358486705786	0.03687650137846894
0.001	33.52403909396583	0.03564053551626702
0.001	39.38731156319766	0.03413857908043669
0.001	46.2760560512424	0.030090457025974144
0.001	54.36962510684932	0.026312798506817336
0.001	63.878739601016136	0.0205256491908348
0.001	75.05097496985273	0.01547372610132608
0.001	88.17720698790782	0.011792388353704832
0.001	101.56728432250941	0.007522131340064809
0.001	104.87926098519992	0.006749182793849171
0.001	108.19123764789045	0.0062741495054328975
0.001	110.39922208968413	0.005977731615586069
0.002	0.9668438485904536	0.
0.002	1.1359424737172485	4.4873133454313237e-11
0.002	1.3346160349223561	7.547070356965158e-6
0.002	1.5680371162133662	0.0008579543502842802
0.002	1.842282973893515	0.00926874635266962
0.002	2.164493761534216	0.015837123396424332
0.002	2.543058428108415	0.014995693874828764
0.002	2.9878331292529405	0.021410106198888574
0.002	3.5103978381266034	0.018561096013799436
0.002	4.124357836879957	0.011786424290833791
0.002	4.845697938245949	0.017583329426542088
0.002	5.693198659620684	0.021156236336800624
0.002	6.688925184973349	0.02460205215055848
0.002	7.85880184499863	0.032550049545734656
0.002	9.233287072443153	0.038931915190130714
0.002	10.848166405468225	0.04405358736098881
0.002	12.745484185361764	0.05753596732368696
0.002	14.97463820590198	0.06898780433863991
0.002	17.593665814218305	0.06425763634025504
0.002	20.670754947548264	0.07257021580173423
0.002	24.286019446628643	0.07545665068729521
0.002	28.53358486705786	0.07375300275693789
0.002	33.52403909396583	0.07128107103253405
0.002	39.38731156319766	0.06827715816087337
0.002	46.2760560512424	0.06018091405194829
0.002	54.36962510684932	0.05262559701363467
0.002	63.878739601016136	0.0410512983816696
0.002	75.05097496985273	0.03094745220265216
0.002	88.17720698790782	0.023584776707409664
0.002	101.56728432250941	0.015044262680129619
0.002	104.87926098519992	0.013498365587698341
0.002	108.19123764789045	0.012548299010865795
0.002	110.39922208968413	0.011955463231172138
0.004	0.9668438485904536	1.0280573942691117e-8
0.004	1.1359424737172485	8.363359594233853e-8
0.004	1.3346160349223561	0.000023516957087887347
0.004	1.5680371162133662	0.0017838442013000423
0.004	1.842282973893515	0.012302823657562051
0.004	2.164493761534216	0.011146355263242393
0.004	2.543058428108415	0.006698853837876545
0.004	2.9878331292529405	0.016821053979476492
0.004	3.5103978381266034	0.02935608232168657
0.004	4.124357836879957	0.03713513509121898
0.004	4.845697938245949	0.04511731866403898
0.004	5.693198659620684	0.0527460998480309
0.004	6.688925184973349	0.051890920531230414
0.004	7.85880184499863	0.07333293173916525
0.004	9.233287072443153	0.09233054504357634
0.004	10.848166405468225	0.11109042896783973
0.004	12.745484185361764	0.117251198516825
0.004	14.97463820590198	0.14392709768085557
0.004	17.593665814218305	0.15080861538577203
0.004	20.670754947548264	0.14109522471017524
0.004	24.286019446628643	0.14167121605162689
0.004	28.53358486705786	0.13905546672133465
0.004	33.52403909396583	0.13904196903753493
0.004	39.38731156319766	0.1295651064104536
0.004	46.2760560512424	0.11639351917396694
0.004	54.36962510684932	0.09456090545072554
0.004	63.878739601016136	0.07507393120962681
0.004	75.05097496985273	0.05066340869178402
0.004	88.17720698790782	0.027339764997018366
0.004	101.56728432250941	0.013443693478530352
0.004	104.87926098519992	0.011822909021058089
0.004	108.19123764789045	0.010910220800291996
0.004	110.39922208968413	0.010341287901933132
0.006	0.9668438485904536	0.0009218495700075874
0.006	1.1359424737172485	0.0047402930110636825
0.006	1.3346160349223561	0.007354232453253959
0.006	1.5680371162133662	0.015002628279602574
0.006	1.842282973893515	0.010106361244441331
0.006	2.164493761534216	0.011659824533575494
0.006	2.543058428108415	0.033532257974802124
0.006	2.9878331292529405	0.04928427903273334
0.006	3.5103978381266034	0.05208449871339193
0.006	4.124357836879957	0.05858006305241991
0.006	4.845697938245949	0.06428340140861495
0.006	5.693198659620684	0.10084766454432846
0.006	6.688925184973349	0.11027084867748707
0.006	7.85880184499863	0.12620775581717675
0.006	9.233287072443153	0.12966897082815865
0.006	10.848166405468225	0.13414154931482392
0.006	12.745484185361764	0.17362304198136533
0.006	14.97463820590198	0.19508364676454978
0.006	17.593665814218305	0.21332549967764408
0.006	20.670754947548264	0.20994160469167966
0.006	24.286019446628643	0.21701999676582226
0.006	28.53358486705786	0.20996586581806567
0.006	33.52403909396583	0.19506542353670703
0.006	39.38731156319766	0.16987206371409397
0.006	46.2760560512424	0.1399431069837789
0.006	54.36962510684932	0.11425584616756658
0.006	63.878739601016136	0.08321975695706482
0.006	75.05097496985273	0.04827412506322238
0.006	88.17720698790782	0.01952059121889586
0.006	101.56728432250941	0.006348848374067725
0.006	104.87926098519992	0.005058238609693254
0.006	108.19123764789045	0.004407029133667999
0.006	110.39922208968413	0.004002800369377077
0.008	0.9668438485904536	0.0016848806232284657
0.008	1.1359424737172485	0.005125422687539901
0.008	1.3346160349223561	0.0044093549671279835
0.008	1.5680371162133662	0.008893776136533724
0.008	1.842282973893515	0.017321121856905968
0.008	2.164493761534216	0.022512165588052316
0.008	2.543058428108415	0.04535527690545813
0.008	2.9878331292529405	0.05984175600424014
0.008	3.5103978381266034	0.0671169664035301
0.008	4.124357836879957	0.06339758517922285
0.008	4.845697938245949	0.0828019473089917
0.008	5.693198659620684	0.1287791165006235
0.008	6.688925184973349	0.13797488026008814
0.008	7.85880184499863	0.1599038301824261
0.008	9.233287072443153	0.18159105229162534
0.008	10.848166405468225	0.21759718292504643
0.008	12.745484185361764	0.23835834212005247
0.008	14.97463820590198	0.25176419771614994
0.008	17.593665814218305	0.2648813455507225
0.008	20.670754947548264	0.2817690268533077
0.008	24.286019446628643	0.28569661022614734
0.008	28.53358486705786	0.2575111907598493
0.008	33.52403909396583	0.22461044616693193
0.008	39.38731156319766	0.19195768318754955
0.008	46.2760560512424	0.1495978125853187
0.008	54.36962510684932	0.10846831087372993
0.008	63.878739601016136	0.07042694947571236
0.008	75.05097496985273	0.037679997253667843
0.008	88.17720698790782	0.014938399441433098
0.008	101.56728432250941	0.00487577756634466
0.008	104.87926098519992	0.003927374166275235
0.008	108.19123764789045	0.003447650335967727
0.008	110.39922208968413	0.0031497670104370353
0.01	0.9668438485904536	0.0072798798621061785
0.01	1.1359424737172485	0.009283418803984181
0.01	1.3346160349223561	0.004900746874670778
0.01	1.5680371162133662	0.009694000085450575
0.01	1.842282973893515	0.02033772808701476
0.01	2.164493761534216	0.03523043741948161
0.01	2.543058428108415	0.04305187684561145
0.01	2.9878331292529405	0.044837512902899765
0.01	3.5103978381266034	0.0651378754972848
0.01	4.124357836879957	0.07520769966687939
0.01	4.845697938245949	0.10157117335608841
0.01	5.693198659620684	0.1425705715476415
0.01	6.688925184973349	0.15386599465610357
0.01	7.85880184499863	0.17847435656860372
0.01	9.233287072443153	0.22679159507281826
0.01	10.848166405468225	0.2549179052612117
0.01	12.745484185361764	0.28491206503321304
0.01	14.97463820590198	0.30230512014596017
0.01	17.593665814218305	0.3014872378278015
0.01	20.670754947548264	0.31500293275759306
0.01	24.286019446628643	0.32634823965042536
0.01	28.53358486705786	0.2936239750238891
0.01	33.52403909396583	0.24329973215913758
0.01	39.38731156319766	0.18709866421157642
0.01	46.2760560512424	0.1333687764969993
0.01	54.36962510684932	0.09139703440774832
0.01	63.878739601016136	0.051500204889983206
0.01	75.05097496985273	0.023500977524824274
0.01	88.17720698790782	0.008618530792255927
0.01	101.56728432250941	0.0025325309710039164
0.01	104.87926098519992	0.001986645320433289
0.01	108.19123764789045	0.0017177168151886937
0.01	110.39922208968413	0.0015508351073262967
0.011748975549395297	0.9668438485904536	0.0028289429478118417
0.011748975549395297	1.1359424737172485	0.004440394023663665
0.011748975549395297	1.3346160349223561	0.008312896252628776
0.011748975549395297	1.5680371162133662	0.018904566357377382
0.011748975549395297	1.842282973893515	0.024249559079201965
0.011748975549395297	2.164493761534216	0.03243835359274558
0.011748975549395297	2.543058428108415	0.046713328297429406
0.011748975549395297	2.9878331292529405	0.05709142530464811
0.011748975549395297	3.5103978381266034	0.07230056392566851
0.011748975549395297	4.124357836879957	0.08121425988973112
0.011748975549395297	4.845697938245949	0.12299541894167312
0.011748975549395297	5.693198659620684	0.16630381009295958
0.011748975549395297	6.688925184973349	0.19905762035721747
0.011748975549395297	7.85880184499863	0.23083276907099906
0.011748975549395297	9.233287072443153	0.2661395152438017
0.011748975549395297	10.848166405468225	0.29027936611484617
0.011748975549395297	12.745484185361764	0.32662882920677155
0.011748975549395297	14.97463820590198	0.3570659931828091
0.011748975549395297	17.593665814218305	0.34769982509600034
0.011748975549395297	20.670754947548264	0.34234233459174274
0.011748975549395297	24.286019446628643	0.33698410262252754
0.011748975549395297	28.53358486705786	0.3033886229047757
0.011748975549395297	33.52403909396583	0.24480981729683585
0.011748975549395297	39.38731156319766	0.17702426639736907
0.011748975549395297	46.2760560512424	0.11999035449453396
0.011748975549395297	54.36962510684932	0.07650494659551636
0.011748975549395297	63.878739601016136	0.038944096452705024
0.011748975549395297	75.05097496985273	0.016316308086789078
0.011748975549395297	88.17720698790782	0.004827353934584408
0.011748975549395297	101.56728432250941	0.0012668576082946641
0.011748975549395297	104.87926098519992	0.000975016269653265
0.011748975549395297	108.19123764789045	0.0008341226485774025
0.011748975549395297	110.39922208968413	0.0007467253878413634
0.013803842646028852	0.9668438485904536	0.0009368844881804908
0.013803842646028852	1.1359424737172485	0.004643278050917792
0.013803842646028852	1.3346160349223561	0.009240443780339551
0.013803842646028852	1.5680371162133662	0.01898974725848725
0.013803842646028852	1.842282973893515	0.026913223151348566
0.013803842646028852	2.164493761534216	0.035295802228197774
0.013803842646028852	2.543058428108415	0.05013650176769229
0.013803842646028852	2.9878331292529405	0.0693634090212322
0.013803842646028852	3.5103978381266034	0.08698814365950612
0.013803842646028852	4.124357836879957	0.11109077864176466
0.013803842646028852	4.845697938245949	0.1567146284914113
0.013803842646028852	5.693198659620684	0.21277534689743974
0.013803842646028852	6.688925184973349	0.24550312542476446
0.013803842646028852	7.85880184499863	0.2765567770477613
0.013803842646028852	9.233287072443153	0.2878708644114911
0.013803842646028852	10.848166405468225	0.3176948458583604
0.013803842646028852	12.745484185361764	0.35854399476853177
0.013803842646028852	14.97463820590198	0.3784174610324128
0.013803842646028852	17.593665814218305	0.3758076577303975
0.013803842646028852	20.670754947548264	0.371182338996459
0.013803842646028852	24.286019446628643	0.3400358503626163
0.013803842646028852	28.53358486705786	0.28919249601894376
0.013803842646028852	33.52403909396583	0.22455193193954426
0.013803842646028852	39.38731156319766	0.15506831176351313
0.013803842646028852	46.2760560512424	0.09670244832096551
0.013803842646028852	54.36962510684932	0.05535658703954312
0.013803842646028852	63.878739601016136	0.026969942567980125
0.013803842646028852	75.05097496985273	0.010128895028388898
0.013803842646028852	88.17720698790782	0.0023781595446889688
0.013803842646028852	101.56728432250941	0.0005682143655818214
0.013803842646028852	104.87926098519992	0.00044360405628142505
0.013803842646028852	108.19123764789045	0.0003845021924429325
0.013803842646028852	110.39922208968413	0.00034782339986249363
0.0162181009735893	0.9668438485904536	0.0006346997185392774
0.0162181009735893	1.1359424737172485	0.004127503711209436
0.0162181009735893	1.3346160349223561	0.011519732551061524
0.0162181009735893	1.5680371162133662	0.017525596064926034
0.0162181009735893	1.842282973893515	0.026471809337685108
0.0162181009735893	2.164493761534216	0.047728448206766506
0.0162181009735893	2.543058428108415	0.05720345120337143
0.0162181009735893	2.9878331292529405	0.07754928730219754
0.0162181009735893	3.5103978381266034	0.11228665107492443
0.0162181009735893	4.124357836879957	0.15051183420261338
0.0162181009735893	4.845697938245949	0.18797351926976097
0.0162181009735893	5.693198659620684	0.23288893338072625
0.0162181009735893	6.688925184973349	0.2540547478961918
0.0162181009735893	7.85880184499863	0.29074136286935165
0.0162181009735893	9.233287072443153	0.3190838044759832
0.0162181009735893	10.848166405468225	0.3630555076800226
0.0162181009735893	12.745484185361764	0.3961435463501404
0.0162181009735893	14.97463820590198	0.40189887724231776
0.0162181009735893	17.593665814218305	0.4047391637001641
0.0162181009735893	20.670754947548264	0.38780276016404225
0.0162181009735893	24.286019446628643	0.33890084229217743
0.0162181009735893	28.53358486705786	0.27031255069992655
0.0162181009735893	33.52403909396583	0.19944776004371007
0.0162181009735893	39.38731156319766	0.13007671881785526
0.0162181009735893	46.2760560512424	0.07456092349870505
0.0162181009735893	54.36962510684932	0.036886366471363036
0.0162181009735893	63.878739601016136	0.016240662003425044
0.0162181009735893	75.05097496985273	0.005295501684096097
0.0162181009735893	88.17720698790782	0.0012184634992650585
0.0162181009735893	101.56728432250941	0.00023553637944366822
0.0162181009735893	104.87926098519992	0.00016753796288381204
0.0162181009735893	108.19123764789045	0.00013669233141770594
0.0162181009735893	110.39922208968413	0.0001175818128006623
0.019054607179632473	0.9668438485904536	0.0002337879102549639
0.019054607179632473	1.1359424737172485	0.0016618536266564572
0.019054607179632473	1.3346160349223561	0.01102709456502994
0.019054607179632473	1.5680371162133662	0.01891213366758935
0.019054607179632473	1.842282973893515	0.03008048485168734
0.019054607179632473	2.164493761534216	0.055937256675536486
0.019054607179632473	2.543058428108415	0.07883534971639532
0.019054607179632473	2.9878331292529405	0.10446528377195945
0.019054607179632473	3.5103978381266034	0.13013068907546177
0.019054607179632473	4.124357836879957	0.16843185861051688
0.019054607179632473	4.845697938245949	0.21274627764168938
0.019054607179632473	5.693198659620684	0.24800929642410105
0.019054607179632473	6.688925184973349	0.28215422664011425
0.019054607179632473	7.85880184499863	0.33222049647304375
0.019054607179632473	9.233287072443153	0.37463283959262256
0.019054607179632473	10.848166405468225	0.4200163128701336
0.019054607179632473	12.745484185361764	0.44427242437455816
0.019054607179632473	14.97463820590198	0.43864455291715376
0.019054607179632473	17.593665814218305	0.4384964134862555
0.019054607179632473	20.670754947548264	0.39860474256746997
0.019054607179632473	24.286019446628643	0.3258768787632654
0.019054607179632473	28.53358486705786	0.246548128605117
0.019054607179632473	33.52403909396583	0.1669346535563457
0.019054607179632473	39.38731156319766	0.09979881832358072
0.019054607179632473	46.2760560512424	0.05322926990191541
0.019054607179632473	54.36962510684932	0.022564367535889536
0.019054607179632473	63.878739601016136	0.008124293800089704
0.019054607179632473	75.05097496985273	0.0022685460526372142
0.019054607179632473	88.17720698790782	0.0005301753808616053
0.019054607179632473	101.56728432250941	0.00007418604370104351
0.019054607179632473	104.87926098519992	0.000044270462020614605
0.019054607179632473	108.19123764789045	0.00003162637696306142
0.019054607179632473	110.39922208968413	0.000023805038269883895
0.0223872113856834	0.9668438485904536	0.0014994713332537784
0.0223872113856834	1.1359424737172485	0.003761943989549776
0.0223872113856834	1.3346160349223561	0.00945534961984101
0.0223872113856834	1.5680371162133662	0.02270715975332049
0.0223872113856834	1.842282973893515	0.041017910278661904
0.0223872113856834	2.164493761534216	0.06234756466389115
0.0223872113856834	2.543058428108415	0.09701757641374423
0.0223872113856834	2.9878331292529405	0.12668215003449673
0.0223872113856834	3.5103978381266034	0.14560638414505386
0.0223872113856834	4.124357836879957	0.19171744000618038
0.0223872113856834	4.845697938245949	0.24649682247768812
0.0223872113856834	5.693198659620684	0.2788426503867681
0.0223872113856834	6.688925184973349	0.3399539043748873
0.0223872113856834	7.85880184499863	0.40347284298204333
0.0223872113856834	9.233287072443153	0.4423321150731055
0.0223872113856834	10.848166405468225	0.47155461489406236
0.0223872113856834	12.745484185361764	0.4851707094166727
0.0223872113856834	14.97463820590198	0.46611738360971505
0.0223872113856834	17.593665814218305	0.4342117267740417
0.0223872113856834	20.670754947548264	0.3757821625530377
0.0223872113856834	24.286019446628643	0.2979350021720144
0.0223872113856834	28.53358486705786	0.21321575175499358
0.0223872113856834	33.52403909396583	0.1315963591348575
0.0223872113856834	39.38731156319766	0.07007830130701108
0.0223872113856834	46.2760560512424	0.03335582716312934
0.0223872113856834	54.36962510684932	0.012838084193884401
0.0223872113856834	63.878739601016136	0.004090143196746736
0.0223872113856834	75.05097496985273	0.0010201014347875866
0.0223872113856834	88.17720698790782	0.00020989070883293176
0.0223872113856834	101.56728432250941	0.000022616652039364764
0.0223872113856834	104.87926098519992	0.000012363993366994027
0.0223872113856834	108.19123764789045	8.251954601102842e-6
0.0223872113856834	110.39922208968413	5.709371302285755e-6
0.026302679918953815	0.9668438485904536	0.001679413233792505
0.026302679918953815	1.1359424737172485	0.0055114819379118996
0.026302679918953815	1.3346160349223561	0.013561415828769983
0.026302679918953815	1.5680371162133662	0.031559657078818235
0.026302679918953815	1.842282973893515	0.049401233317653566
0.026302679918953815	2.164493761534216	0.08081099685312577
0.026302679918953815	2.543058428108415	0.11471191027475428
0.026302679918953815	2.9878331292529405	0.12664428582965434
0.026302679918953815	3.5103978381266034	0.16000878541536737
0.026302679918953815	4.124357836879957	0.21805842730815717
0.026302679918953815	4.845697938245949	0.28192065905686464
0.026302679918953815	5.693198659620684	0.33189908705259197
0.026302679918953815	6.688925184973349	0.38821528628446744
0.026302679918953815	7.85880184499863	0.4484864850667235
0.026302679918953815	9.233287072443153	0.4790741842460656
0.026302679918953815	10.848166405468225	0.4943048271092814
0.026302679918953815	12.745484185361764	0.48997158361499094
0.026302679918953815	14.97463820590198	0.46005302130707676
0.026302679918953815	17.593665814218305	0.40653110534489134
0.026302679918953815	20.670754947548264	0.33370723710736455
0.026302679918953815	24.286019446628643	0.2508900462430129
0.026302679918953815	28.53358486705786	0.16472002740375297
0.026302679918953815	33.52403909396583	0.09472707210021188
0.026302679918953815	39.38731156319766	0.047728739643634
0.026302679918953815	46.2760560512424	0.019961770323532222
0.026302679918953815	54.36962510684932	0.0066350422851261396
0.026302679918953815	63.878739601016136	0.0018381332477465887
0.026302679918953815	75.05097496985273	0.0004160872806278173
0.026302679918953815	88.17720698790782	0.000058609458437942346
0.026302679918953815	101.56728432250941	3.910795547195717e-6
0.026302679918953815	104.87926098519992	1.950964759314508e-6
0.026302679918953815	108.19123764789045	1.2306329458767444e-6
0.026302679918953815	110.39922208968413	7.853413009890707e-7
0.030902954325135904	0.9668438485904536	0.0018127460718870868
0.030902954325135904	1.1359424737172485	0.006281909474206577
0.030902954325135904	1.3346160349223561	0.01749935355494189
0.030902954325135904	1.5680371162133662	0.029838728640596557
0.030902954325135904	1.842282973893515	0.04990619699435239
0.030902954325135904	2.164493761534216	0.09002110834659866
0.030902954325135904	2.543058428108415	0.13628712285787192
0.030902954325135904	2.9878331292529405	0.16370092958138546
0.030902954325135904	3.5103978381266034	0.20484385865430496
0.030902954325135904	4.124357836879957	0.2480005724018596
0.030902954325135904	4.845697938245949	0.3024332640649371
0.030902954325135904	5.693198659620684	0.3757799525229976
0.030902954325135904	6.688925184973349	0.4423569200177113
0.030902954325135904	7.85880184499863	0.4851926562823819
0.030902954325135904	9.233287072443153	0.49519511522765514
0.030902954325135904	10.848166405468225	0.5101281335258635
0.030902954325135904	12.745484185361764	0.49227927871663985
0.030902954325135904	14.97463820590198	0.4445550163136536
0.030902954325135904	17.593665814218305	0.37086686460606383
0.030902954325135904	20.670754947548264	0.284357189733299
0.030902954325135904	24.286019446628643	0.19661491312682788
0.030902954325135904	28.53358486705786	0.11752118038660907
0.030902954325135904	33.52403909396583	0.061020860729497764
0.030902954325135904	39.38731156319766	0.027941685935557577
0.030902954325135904	46.2760560512424	0.010331594000489363
0.030902954325135904	54.36962510684932	0.0031326902438430448
0.030902954325135904	63.878739601016136	0.0008572376821468073
0.030902954325135904	75.05097496985273	0.00012227620118488683
0.030902954325135904	88.17720698790782	7.478759784301001e-6
0.030902954325135904	101.56728432250941	2.821382149400266e-7
0.030902954325135904	104.87926098519992	1.2647995461043475e-7
0.030902954325135904	108.19123764789045	7.497015686390427e-8
0.030902954325135904	110.39922208968413	4.3134642888952516e-8
0.03630780547701014	0.9668438485904536	0.005321233268433308
0.03630780547701014	1.1359424737172485	0.01058748590070815
0.03630780547701014	1.3346160349223561	0.019613569201560828
0.03630780547701014	1.5680371162133662	0.03367340510065918
0.03630780547701014	1.842282973893515	0.052287028733785636
0.03630780547701014	2.164493761534216	0.09451667108504926
0.03630780547701014	2.543058428108415	0.1518124810591646
0.03630780547701014	2.9878331292529405	0.19587688341175669
0.03630780547701014	3.5103978381266034	0.24692682504408298
0.03630780547701014	4.124357836879957	0.29377865462707825
0.03630780547701014	4.845697938245949	0.34785734352890785
0.03630780547701014	5.693198659620684	0.41723581488687306
0.03630780547701014	6.688925184973349	0.4788132353633078
0.03630780547701014	7.85880184499863	0.5181541901068036
0.03630780547701014	9.233287072443153	0.5214561121737431
0.03630780547701014	10.848166405468225	0.5144458056449551
0.03630780547701014	12.745484185361764	0.4743607061148458
0.03630780547701014	14.97463820590198	0.4059648550759113
0.03630780547701014	17.593665814218305	0.31410639594336415
0.03630780547701014	20.670754947548264	0.22326753271208494
0.03630780547701014	24.286019446628643	0.14005016956401517
0.03630780547701014	28.53358486705786	0.07489016471907152
0.03630780547701014	33.52403909396583	0.03428566311367748
0.03630780547701014	39.38731156319766	0.014988737388952957
0.03630780547701014	46.2760560512424	0.005375528766471142
0.03630780547701014	54.36962510684932	0.001328064988880897
0.03630780547701014	63.878739601016136	0.0003071186137805953
0.03630780547701014	75.05097496985273	0.000035006971921807064
0.03630780547701014	88.17720698790782	7.227556963916113e-7
0.03630780547701014	101.56728432250941	6.9920590848260885e-9
0.03630780547701014	104.87926098519992	2.4756312347483786e-9
0.03630780547701014	108.19123764789045	1.2905912761628122e-9
0.03630780547701014	110.39922208968413	5.583996873146601e-10
0.04265795188015928	0.9668438485904536	0.00596855324823099
0.04265795188015928	1.1359424737172485	0.011664514331961804
0.04265795188015928	1.3346160349223561	0.02576805793760946
0.04265795188015928	1.5680371162133662	0.05027707184633416
0.04265795188015928	1.842282973893515	0.06899317874336143
0.04265795188015928	2.164493761534216	0.10784052448517224
0.04265795188015928	2.543058428108415	0.15983420310676547
0.04265795188015928	2.9878331292529405	0.2122954066228442
0.04265795188015928	3.5103978381266034	0.27257988456065285
0.04265795188015928	4.124357836879957	0.33225247279178793
0.04265795188015928	4.845697938245949	0.39360405238256424
0.04265795188015928	5.693198659620684	0.45014496047211544
0.04265795188015928	6.688925184973349	0.504402968223122
0.04265795188015928	7.85880184499863	0.5306342541904815
0.04265795188015928	9.233287072443153	0.5321956519021452
0.04265795188015928	10.848166405468225	0.49827655431982565
0.04265795188015928	12.745484185361764	0.4287099173661946
0.04265795188015928	14.97463820590198	0.3463079273369841
0.04265795188015928	17.593665814218305	0.24563674316355624
0.04265795188015928	20.670754947548264	0.15644566245362904
0.04265795188015928	24.286019446628643	0.08929031633105607
0.04265795188015928	28.53358486705786	0.04287981708884104
0.04265795188015928	33.52403909396583	0.018183412943574763
0.04265795188015928	39.38731156319766	0.0068659327041027
0.04265795188015928	46.2760560512424	0.002266060360560189
0.04265795188015928	54.36962510684932	0.00048057194771329993
0.04265795188015928	63.878739601016136	0.00008725837131323341
0.04265795188015928	75.05097496985273	8.46833120632055e-6
0.04265795188015928	88.17720698790782	1.26559278520608e-7
0.04265795188015928	101.56728432250941	4.5884202951767624e-10
0.04265795188015928	104.87926098519992	9.77275084461369e-11
0.04265795188015928	108.19123764789045	3.8505358729933085e-11
0.04265795188015928	110.39922208968413	1.9273720748251136e-12
0.05011872336272725	0.9668438485904536	0.009017411150962648
0.05011872336272725	1.1359424737172485	0.016416426975952483
0.05011872336272725	1.3346160349223561	0.03262587623264321
0.05011872336272725	1.5680371162133662	0.05721203738844503
0.05011872336272725	1.842282973893515	0.08441974414581153
0.05011872336272725	2.164493761534216	0.12325740899993265
0.05011872336272725	2.543058428108415	0.17437249205323324
0.05011872336272725	2.9878331292529405	0.23780229914052134
0.05011872336272725	3.5103978381266034	0.30582201522917396
0.05011872336272725	4.124357836879957	0.37367734382514906
0.05011872336272725	4.845697938245949	0.434761083954489
0.05011872336272725	5.693198659620684	0.4838447552306597
0.05011872336272725	6.688925184973349	0.535761979543058
0.05011872336272725	7.85880184499863	0.5393962757523737
0.05011872336272725	9.233287072443153	0.5123378553401798
0.05011872336272725	10.848166405468225	0.45215553118350243
0.05011872336272725	12.745484185361764	0.35560653397832565
0.05011872336272725	14.97463820590198	0.26932566000867025
0.05011872336272725	17.593665814218305	0.17581881274752745
0.05011872336272725	20.670754947548264	0.0985043863848556
0.05011872336272725	24.286019446628643	0.04971079997214158
0.05011872336272725	28.53358486705786	0.02159923619765683
0.05011872336272725	33.52403909396583	0.008661479330001368
0.05011872336272725	39.38731156319766	0.0029016910667813436
0.05011872336272725	46.2760560512424	0.0007940484038199201
0.05011872336272725	54.36962510684932	0.00019878059591268193
0.05011872336272725	63.878739601016136	0.00003431782016399736
0.05011872336272725	75.05097496985273	1.5408873384399112e-6
0.05011872336272725	88.17720698790782	1.1187952563578729e-8
0.05011872336272725	101.56728432250941	2.099273610449458e-11
0.05011872336272725	104.87926098519992	2.6440909075589247e-12
0.05011872336272725	108.19123764789045	1.011095711440877e-12
0.05011872336272725	110.39922208968413	2.517687785066371e-15
0.0588843655355589	0.9668438485904536	0.01020670289759034
0.0588843655355589	1.1359424737172485	0.020630049356897835
0.0588843655355589	1.3346160349223561	0.03787824451362162
0.0588843655355589	1.5680371162133662	0.06290399692586099
0.0588843655355589	1.842282973893515	0.1045659307584309
0.0588843655355589	2.164493761534216	0.14399184899746265
0.0588843655355589	2.543058428108415	0.19790883234832918
0.0588843655355589	2.9878331292529405	0.2766440996244822
0.0588843655355589	3.5103978381266034	0.3432872938722132
0.0588843655355589	4.124357836879957	0.3999601667030523
0.0588843655355589	4.845697938245949	0.45672963156036983
0.0588843655355589	5.693198659620684	0.5070045999756486
0.0588843655355589	6.688925184973349	0.5408028651341168
0.0588843655355589	7.85880184499863	0.5248085179885279
0.0588843655355589	9.233287072443153	0.46918651656321136
0.0588843655355589	10.848166405468225	0.3853361128332804
0.0588843655355589	12.745484185361764	0.28220127810464285
0.0588843655355589	14.97463820590198	0.190565073378461
0.0588843655355589	17.593665814218305	0.11206063416161484
0.0588843655355589	20.670754947548264	0.05692348740887667
0.0588843655355589	24.286019446628643	0.026351081680544383
0.0588843655355589	28.53358486705786	0.01008873525188134
0.0588843655355589	33.52403909396583	0.0035357091699030623
0.0588843655355589	39.38731156319766	0.0011004248944794135
0.0588843655355589	46.2760560512424	0.00024606034598941413
0.0588843655355589	54.36962510684932	0.00005437171975693918
0.0588843655355589	63.878739601016136	0.000011443978635454563
0.0588843655355589	75.05097496985273	4.0925495937141413e-7
0.0588843655355589	88.17720698790782	1.6408181808038676e-9
0.0588843655355589	101.56728432250941	1.7134940789691757e-13
0.0588843655355589	104.87926098519992	6.421219765863348e-15
0.0588843655355589	108.19123764789045	2.4554700431127596e-15
0.0588843655355589	110.39922208968413	6.125405464120137e-18
0.06918309709189366	0.9668438485904536	0.008888489604055255
0.06918309709189366	1.1359424737172485	0.01955879807759429
0.06918309709189366	1.3346160349223561	0.04303808085518775
0.06918309709189366	1.5680371162133662	0.07074123611539657
0.06918309709189366	1.842282973893515	0.11510106387088681
0.06918309709189366	2.164493761534216	0.17250382595553612
0.06918309709189366	2.543058428108415	0.24073938307998036
0.06918309709189366	2.9878331292529405	0.30598803112680645
0.06918309709189366	3.5103978381266034	0.36624296339458245
0.06918309709189366	4.124357836879957	0.4173813570810375
0.06918309709189366	4.845697938245949	0.4748875571963324
0.06918309709189366	5.693198659620684	0.5146296788336754
0.06918309709189366	6.688925184973349	0.504181533752523
0.06918309709189366	7.85880184499863	0.4560214858355296
0.06918309709189366	9.233287072443153	0.3814613511381267
0.06918309709189366	10.848166405468225	0.29257091244382327
0.06918309709189366	12.745484185361764	0.19823969278692966
0.06918309709189366	14.97463820590198	0.11865560116514796
0.06918309709189366	17.593665814218305	0.06417997247436633
0.06918309709189366	20.670754947548264	0.030706003804516078
0.06918309709189366	24.286019446628643	0.013075706675362035
0.06918309709189366	28.53358486705786	0.004681135847380083
0.06918309709189366	33.52403909396583	0.0015701031703735735
0.06918309709189366	39.38731156319766	0.00033164561134545943
0.06918309709189366	46.2760560512424	0.00004508817427513578
0.06918309709189366	54.36962510684932	3.909409591624724e-6
0.06918309709189366	63.878739601016136	6.995309004357949e-7
0.06918309709189366	75.05097496985273	2.5211298781909804e-8
0.06918309709189366	88.17720698790782	9.847680782311153e-11
0.06918309709189366	101.56728432250941	4.088223927221823e-16
0.06918309709189366	104.87926098519992	0.
0.06918309709189366	108.19123764789045	0.
0.06918309709189366	110.39922208968413	0.
0.08128305161640995	0.9668438485904536	0.008422231556506956
0.08128305161640995	1.1359424737172485	0.018504036875482063
0.08128305161640995	1.3346160349223561	0.04561597960410432
0.08128305161640995	1.5680371162133662	0.07643534733664936
0.08128305161640995	1.842282973893515	0.12314183074959839
0.08128305161640995	2.164493761534216	0.19436774943362484
0.08128305161640995	2.543058428108415	0.2727328937333402
0.08128305161640995	2.9878331292529405	0.3402521226984941
0.08128305161640995	3.5103978381266034	0.3901167244561856
0.08128305161640995	4.124357836879957	0.4416597380438941
0.08128305161640995	4.845697938245949	0.4871444494728935
0.08128305161640995	5.693198659620684	0.4936547998924169
0.08128305161640995	6.688925184973349	0.45089891223057493
0.08128305161640995	7.85880184499863	0.3791015115460961
0.08128305161640995	9.233287072443153	0.2906332201095423
0.08128305161640995	10.848166405468225	0.20394143946160154
0.08128305161640995	12.745484185361764	0.12447439654758685
0.08128305161640995	14.97463820590198	0.06864840367810539
0.08128305161640995	17.593665814218305	0.033726160421603
0.08128305161640995	20.670754947548264	0.014448700095657567
0.08128305161640995	24.286019446628643	0.005275553156583671
0.08128305161640995	28.53358486705786	0.001689142368207876
0.08128305161640995	33.52403909396583	0.0005385216315592422
0.08128305161640995	39.38731156319766	0.00007583221927459113
0.08128305161640995	46.2760560512424	3.88140918416289e-6
0.08128305161640995	54.36962510684932	8.586767989621851e-8
0.08128305161640995	63.878739601016136	3.525650073786904e-9
0.08128305161640995	75.05097496985273	1.2139355109522306e-10
0.08128305161640995	88.17720698790782	4.741846261160486e-13
0.08128305161640995	101.56728432250941	0.
0.08128305161640995	104.87926098519992	0.
0.08128305161640995	108.19123764789045	0.
0.08128305161640995	110.39922208968413	0.
0.09549925860214359	0.9668438485904536	0.007411678888214225
0.09549925860214359	1.1359424737172485	0.02265694104902583
0.09549925860214359	1.3346160349223561	0.054583570602900845
0.09549925860214359	1.5680371162133662	0.09255188075131611
0.09549925860214359	1.842282973893515	0.14573147639118653
0.09549925860214359	2.164493761534216	0.21089002716024002
0.09549925860214359	2.543058428108415	0.2892092076137092
0.09549925860214359	2.9878331292529405	0.3665682641200805
0.09549925860214359	3.5103978381266034	0.41378682292679847
0.09549925860214359	4.124357836879957	0.44737665047325176
0.09549925860214359	4.845697938245949	0.4591587258771057
0.09549925860214359	5.693198659620684	0.43315567357356327
0.09549925860214359	6.688925184973349	0.37509674935490744
0.09549925860214359	7.85880184499863	0.28926331266034294
0.09549925860214359	9.233287072443153	0.20490154824327178
0.09549925860214359	10.848166405468225	0.13074225943695275
0.09549925860214359	12.745484185361764	0.07206740689062355
0.09549925860214359	14.97463820590198	0.03749272465446236
0.09549925860214359	17.593665814218305	0.01611735346893121
0.09549925860214359	20.670754947548264	0.005765091313932216
0.09549925860214359	24.286019446628643	0.001912299355766649
0.09549925860214359	28.53358486705786	0.0005405963866314995
0.09549925860214359	33.52403909396583	0.00011673571083130941
0.09549925860214359	39.38731156319766	8.644277751053401e-6
0.09549925860214359	46.2760560512424	1.6024745868597309e-7
0.09549925860214359	54.36962510684932	1.3041797553046889e-9
0.09549925860214359	63.878739601016136	2.852117388140767e-12
0.09549925860214359	75.05097496985273	0.
0.09549925860214359	88.17720698790782	0.
0.09549925860214359	101.56728432250941	3.2698592442932094e-20
0.09549925860214359	104.87926098519992	1.3771743006387019e-19
0.09549925860214359	108.19123764789045	5.258179629194329e-20
0.09549925860214359	110.39922208968413	0.
0.11220184543019636	0.9668438485904536	0.009838317395370846
0.11220184543019636	1.1359424737172485	0.028311506431489494
0.11220184543019636	1.3346160349223561	0.06678974450364149
0.11220184543019636	1.5680371162133662	0.11573583306941694
0.11220184543019636	1.842282973893515	0.16825341169337035
0.11220184543019636	2.164493761534216	0.22988674357877845
0.11220184543019636	2.543058428108415	0.3034880552319479
0.11220184543019636	2.9878331292529405	0.3635059754357512
0.11220184543019636	3.5103978381266034	0.4022867582626776
0.11220184543019636	4.124357836879957	0.4183257797557457
0.11220184543019636	4.845697938245949	0.4017515074767261
0.11220184543019636	5.693198659620684	0.35226827075968903
0.11220184543019636	6.688925184973349	0.2837024664380708
0.11220184543019636	7.85880184499863	0.20073694498489625
0.11220184543019636	9.233287072443153	0.12803704482378434
0.11220184543019636	10.848166405468225	0.07508596224071692
0.11220184543019636	12.745484185361764	0.03681028919185766
0.11220184543019636	14.97463820590198	0.016831340391783512
0.11220184543019636	17.593665814218305	0.006295127471419838
0.11220184543019636	20.670754947548264	0.0019508147208242815
0.11220184543019636	24.286019446628643	0.0005688169498846593
0.11220184543019636	28.53358486705786	0.0001249842142422714
0.11220184543019636	33.52403909396583	0.00001799376280129197
0.11220184543019636	39.38731156319766	6.48300416030618e-7
0.11220184543019636	46.2760560512424	3.297459980584136e-9
0.11220184543019636	54.36962510684932	2.7355602320260485e-12
0.11220184543019636	63.878739601016136	1.7685161779352367e-15
0.11220184543019636	75.05097496985273	1.6845221191932074e-21
0.11220184543019636	88.17720698790782	1.3505797167871168e-19
0.11220184543019636	101.56728432250941	3.1270200255221816e-19
0.11220184543019636	104.87926098519992	6.234671427021894e-19
0.11220184543019636	108.19123764789045	2.3804555659427026e-19
0.11220184543019636	110.39922208968413	0.
0.13182567385564073	0.9668438485904536	0.01350874494380562
0.13182567385564073	1.1359424737172485	0.03235840714717511
0.13182567385564073	1.3346160349223561	0.07440404683066912
0.13182567385564073	1.5680371162133662	0.13216876274941813
0.13182567385564073	1.842282973893515	0.19029625551495452
0.13182567385564073	2.164493761534216	0.2566197343340672
0.13182567385564073	2.543058428108415	0.3192828663907458
0.13182567385564073	2.9878331292529405	0.35232468899058383
0.13182567385564073	3.5103978381266034	0.3732793503859216
0.13182567385564073	4.124357836879957	0.36310751772468713
0.13182567385564073	4.845697938245949	0.3196097753183203
0.13182567385564073	5.693198659620684	0.25786631722199876
0.13182567385564073	6.688925184973349	0.19013503121988595
0.13182567385564073	7.85880184499863	0.12546060103710413
0.13182567385564073	9.233287072443153	0.06989656334936793
0.13182567385564073	10.848166405468225	0.035954120980663
0.13182567385564073	12.745484185361764	0.015607883397399271
0.13182567385564073	14.97463820590198	0.0061349801628209485
0.13182567385564073	17.593665814218305	0.002161471293963963
0.13182567385564073	20.670754947548264	0.0006153321646839544
0.13182567385564073	24.286019446628643	0.00012868221400328056
0.13182567385564073	28.53358486705786	0.000014481911132657861
0.13182567385564073	33.52403909396583	1.0110145362308137e-6
0.13182567385564073	39.38731156319766	2.2120655844247462e-8
0.13182567385564073	46.2760560512424	6.849592913931265e-11
0.13182567385564073	54.36962510684932	2.4816678895126787e-15
0.13182567385564073	63.878739601016136	0.
0.13182567385564073	75.05097496985273	0.
0.13182567385564073	88.17720698790782	0.
0.13182567385564073	101.56728432250941	1.1988385296667942e-19
0.13182567385564073	104.87926098519992	4.40241094331787e-19
0.13182567385564073	108.19123764789045	1.6808814636433745e-19
0.13182567385564073	110.39922208968413	0.
0.1548816618912482	0.9668438485904536	0.018764787386358367
0.1548816618912482	1.1359424737172485	0.03743649085956046
0.1548816618912482	1.3346160349223561	0.0816107442496444
0.1548816618912482	1.5680371162133662	0.1429668399305459
0.1548816618912482	1.842282973893515	0.20458117255594693
0.1548816618912482	2.164493761534216	0.26434303111332536
0.1548816618912482	2.543058428108415	0.31236839161258617
0.1548816618912482	2.9878331292529405	0.33484460431232005
0.1548816618912482	3.5103978381266034	0.32708776738458517
0.1548816618912482	4.124357836879957	0.2897604128725277
0.1548816618912482	4.845697938245949	0.23067947703416877
0.1548816618912482	5.693198659620684	0.16825740046931306
0.1548816618912482	6.688925184973349	0.11151002066272198
0.1548816618912482	7.85880184499863	0.06783468396198239
0.1548816618912482	9.233287072443153	0.03463909175319205
0.1548816618912482	10.848166405468225	0.015690012003502632
0.1548816618912482	12.745484185361764	0.005961190946163061
0.1548816618912482	14.97463820590198	0.0020929354326233393
0.1548816618912482	17.593665814218305	0.0006776425101121093
0.1548816618912482	20.670754947548264	0.00015055321371601826
0.1548816618912482	24.286019446628643	0.000017296804920287126
0.1548816618912482	28.53358486705786	8.16077670026703e-7
0.1548816618912482	33.52403909396583	1.850001045695902e-8
0.1548816618912482	39.38731156319766	1.6918868816951276e-10
0.1548816618912482	46.2760560512424	2.708746466980069e-13
0.1548816618912482	54.36962510684932	0.
0.1548816618912482	63.878739601016136	0.
0.1548816618912482	75.05097496985273	0.
0.1548816618912482	88.17720698790782	0.
0.1548816618912482	101.56728432250941	6.127956453986475e-20
0.1548816618912482	104.87926098519992	2.5809258177066933e-19
0.1548816618912482	108.19123764789045	9.854214933311744e-20
0.1548816618912482	110.39922208968413	0.
0.18197008586099844	0.9668438485904536	0.023771114066095177
0.18197008586099844	1.1359424737172485	0.043672012109580265
0.18197008586099844	1.3346160349223561	0.09083805314195041
0.18197008586099844	1.5680371162133662	0.15467181130614724
0.18197008586099844	1.842282973893515	0.21695497815662784
0.18197008586099844	2.164493761534216	0.2654550460551718
0.18197008586099844	2.543058428108415	0.28721545076594485
0.18197008586099844	2.9878331292529405	0.2903515647006654
0.18197008586099844	3.5103978381266034	0.260932709184749
0.18197008586099844	4.124357836879957	0.21172310904184916
0.18197008586099844	4.845697938245949	0.15247064761483003
0.18197008586099844	5.693198659620684	0.09712701208733353
0.18197008586099844	6.688925184973349	0.055677693858339365
0.18197008586099844	7.85880184499863	0.03080747595905551
0.18197008586099844	9.233287072443153	0.014207094930081429
0.18197008586099844	10.848166405468225	0.005766551709160847
0.18197008586099844	12.745484185361764	0.0018321673615728895
0.18197008586099844	14.97463820590198	0.0005855575702124062
0.18197008586099844	17.593665814218305	0.00017734240461399014
0.18197008586099844	20.670754947548264	0.00001999784936273753
0.18197008586099844	24.286019446628643	7.56968431372665e-7
0.18197008586099844	28.53358486705786	1.3330313697485015e-8
0.18197008586099844	33.52403909396583	8.757058372474176e-11
0.18197008586099844	39.38731156319766	2.6441496508616324e-13
0.18197008586099844	46.2760560512424	0.
0.18197008586099844	54.36962510684932	0.
0.18197008586099844	63.878739601016136	0.
0.18197008586099844	75.05097496985273	1.5640001587395679e-19
0.18197008586099844	88.17720698790782	2.1097691386491612e-20
0.18197008586099844	101.56728432250941	6.050272956154334e-20
0.18197008586099844	104.87926098519992	2.548207676402947e-19
0.18197008586099844	108.19123764789045	9.7292940253129e-20
0.18197008586099844	110.39922208968413	0.
0.21379620895022325	0.9668438485904536	0.024764211690179835
0.21379620895022325	1.1359424737172485	0.04633267683388868
0.21379620895022325	1.3346160349223561	0.09529999923571882
0.21379620895022325	1.5680371162133662	0.15824147536208893
0.21379620895022325	1.842282973893515	0.21431583295164525
0.21379620895022325	2.164493761534216	0.24338314512339532
0.21379620895022325	2.543058428108415	0.2432046652827764
0.21379620895022325	2.9878331292529405	0.22330391819045808
0.21379620895022325	3.5103978381266034	0.18416587008682223
0.21379620895022325	4.124357836879957	0.13760624380770906
0.21379620895022325	4.845697938245949	0.08956929649111682
0.21379620895022325	5.693198659620684	0.05007265291184604
0.21379620895022325	6.688925184973349	0.025113670153871812
0.21379620895022325	7.85880184499863	0.011680649183334495
0.21379620895022325	9.233287072443153	0.004771245282370473
0.21379620895022325	10.848166405468225	0.0017570642313992258
0.21379620895022325	12.745484185361764	0.0004940642216231039
0.21379620895022325	14.97463820590198	0.0001088837439500753
0.21379620895022325	17.593665814218305	0.000027075484544724433
0.21379620895022325	20.670754947548264	1.7553416565139818e-6
0.21379620895022325	24.286019446628643	2.1802131011381417e-8
0.21379620895022325	28.53358486705786	8.357484960103775e-11
0.21379620895022325	33.52403909396583	1.3768514466612403e-13
0.21379620895022325	39.38731156319766	0.
0.21379620895022325	46.2760560512424	1.5317307169895962e-20
0.21379620895022325	54.36962510684932	0.
0.21379620895022325	63.878739601016136	0.
0.21379620895022325	75.05097496985273	2.708650158592504e-19
0.21379620895022325	88.17720698790782	1.9067756496502065e-19
0.21379620895022325	101.56728432250941	8.149433150100549e-20
0.21379620895022325	104.87926098519992	3.4450793441719013e-19
0.21379620895022325	108.19123764789045	1.3697912971132306e-19
0.21379620895022325	110.39922208968413	8.799939637626279e-21
0.25118864315095807	0.9668438485904536	0.0276281892336095
0.25118864315095807	1.1359424737172485	0.051335587106740216
0.25118864315095807	1.3346160349223561	0.09839180570536302
0.25118864315095807	1.5680371162133662	0.14800754208661163
0.25118864315095807	1.842282973893515	0.1902219846809254
0.25118864315095807	2.164493761534216	0.2037896207145964
0.25118864315095807	2.543058428108415	0.1935251751193297
0.25118864315095807	2.9878331292529405	0.15862731706576433
0.25118864315095807	3.5103978381266034	0.11554949588228994
0.25118864315095807	4.124357836879957	0.07607617336368509
0.25118864315095807	4.845697938245949	0.044379427147304175
0.25118864315095807	5.693198659620684	0.02198202119787965
0.25118864315095807	6.688925184973349	0.010180169777168822
0.25118864315095807	7.85880184499863	0.004528976924138254
0.25118864315095807	9.233287072443153	0.0015646139357843529
0.25118864315095807	10.848166405468225	0.0004099776797100173
0.25118864315095807	12.745484185361764	0.00012008797222061203
0.25118864315095807	14.97463820590198	0.000012125397975340766
0.25118864315095807	17.593665814218305	8.095260629072153e-7
0.25118864315095807	20.670754947548264	3.617479668853484e-8
0.25118864315095807	24.286019446628643	2.259972412316128e-10
0.25118864315095807	28.53358486705786	1.1875607129907895e-13
0.25118864315095807	33.52403909396583	3.616534815881043e-24
0.25118864315095807	39.38731156319766	0.
0.25118864315095807	46.2760560512424	0.
0.25118864315095807	54.36962510684932	1.3764868604241743e-21
0.25118864315095807	63.878739601016136	0.
0.25118864315095807	75.05097496985273	7.790788174694988e-20
0.25118864315095807	88.17720698790782	0.
0.25118864315095807	101.56728432250941	1.7927889290971515e-20
0.25118864315095807	104.87926098519992	7.550731255271066e-20
0.25118864315095807	108.19123764789045	2.882939454619061e-20
0.25118864315095807	110.39922208968413	0.
0.2951209226666387	0.9668438485904536	0.03400540659088094
0.2951209226666387	1.1359424737172485	0.05974816997702622
0.2951209226666387	1.3346160349223561	0.10691737280144016
0.2951209226666387	1.5680371162133662	0.14310020757256042
0.2951209226666387	1.842282973893515	0.15851668718983425
0.2951209226666387	2.164493761534216	0.1552714746204188
0.2951209226666387	2.543058428108415	0.1346361099094005
0.2951209226666387	2.9878331292529405	0.09822785507447626
0.2951209226666387	3.5103978381266034	0.06405347745287297
0.2951209226666387	4.124357836879957	0.03617328818203983
0.2951209226666387	4.845697938245949	0.018591802975485613
0.2951209226666387	5.693198659620684	0.008176476006863786
0.2951209226666387	6.688925184973349	0.003120188990418153
0.2951209226666387	7.85880184499863	0.0012706712527729292
0.2951209226666387	9.233287072443153	0.00038509005898566795
0.2951209226666387	10.848166405468225	0.00007140333023060876
0.2951209226666387	12.745484185361764	0.000013780896412592525
0.2951209226666387	14.97463820590198	9.526376860481561e-7
0.2951209226666387	17.593665814218305	1.3296479851619031e-8
0.2951209226666387	20.670754947548264	2.194435181196633e-10
0.2951209226666387	24.286019446628643	1.1023932200768845e-12
0.2951209226666387	28.53358486705786	0.
0.2951209226666387	33.52403909396583	2.974134354152384e-22
0.2951209226666387	39.38731156319766	0.
0.2951209226666387	46.2760560512424	2.6597234237423e-20
0.2951209226666387	54.36962510684932	2.829958142287072e-20
0.2951209226666387	63.878739601016136	0.
0.2951209226666387	75.05097496985273	0.
0.2951209226666387	88.17720698790782	0.
0.2951209226666387	101.56728432250941	0.
0.2951209226666387	104.87926098519992	0.
0.2951209226666387	108.19123764789045	0.
0.2951209226666387	110.39922208968413	0.
0.34673685045253166	0.9668438485904536	0.031456198646826306
0.34673685045253166	1.1359424737172485	0.05773207833925365
0.34673685045253166	1.3346160349223561	0.09924014100952874
0.34673685045253166	1.5680371162133662	0.12107426647964824
0.34673685045253166	1.842282973893515	0.12192356416273438
0.34673685045253166	2.164493761534216	0.10798923436038377
0.34673685045253166	2.543058428108415	0.07919618612225304
0.34673685045253166	2.9878331292529405	0.05034407112549081
0.34673685045253166	3.5103978381266034	0.029107710462667354
0.34673685045253166	4.124357836879957	0.014253174664514022
0.34673685045253166	4.845697938245949	0.006514597945515938
0.34673685045253166	5.693198659620684	0.0023736155268946194
0.34673685045253166	6.688925184973349	0.0007041157293335562
0.34673685045253166	7.85880184499863	0.00018861968664568677
0.34673685045253166	9.233287072443153	0.00004157741737747733
0.34673685045253166	10.848166405468225	8.030031044069202e-6
0.34673685045253166	12.745484185361764	4.89520901979183e-7
0.34673685045253166	14.97463820590198	1.4852943165233952e-8
0.34673685045253166	17.593665814218305	9.916000176146635e-11
0.34673685045253166	20.670754947548264	4.303503211733938e-14
0.34673685045253166	24.286019446628643	0.
0.34673685045253166	28.53358486705786	5.101508753027736e-19
0.34673685045253166	33.52403909396583	2.5279922681557665e-22
0.34673685045253166	39.38731156319766	0.
0.34673685045253166	46.2760560512424	1.1007555087191125e-19
0.34673685045253166	54.36962510684932	1.213370154163149e-19
0.34673685045253166	63.878739601016136	7.150719757402095e-21
0.34673685045253166	75.05097496985273	6.531241479107195e-20
0.34673685045253166	88.17720698790782	8.37883527567072e-20
0.34673685045253166	101.56728432250941	1.4607389931005216e-20
0.34673685045253166	104.87926098519992	6.152228738132505e-20
0.34673685045253166	108.19123764789045	2.3489781801758364e-20
0.34673685045253166	110.39922208968413	0.
0.40738027780411284	0.9668438485904536	0.032619038425733764
0.40738027780411284	1.1359424737172485	0.05328071393988074
0.40738027780411284	1.3346160349223561	0.0815557771481197
0.40738027780411284	1.5680371162133662	0.09194760459283763
0.40738027780411284	1.842282973893515	0.08608170144148575
0.40738027780411284	2.164493761534216	0.06661553120589658
0.40738027780411284	2.543058428108415	0.040280935332911404
0.40738027780411284	2.9878331292529405	0.02190412877886759
0.40738027780411284	3.5103978381266034	0.010664168036904424
0.40738027780411284	4.124357836879957	0.004191597756918523
0.40738027780411284	4.845697938245949	0.0015076431646533453
0.40738027780411284	5.693198659620684	0.00047124310484327814
0.40738027780411284	6.688925184973349	0.00008734556038492669
0.40738027780411284	7.85880184499863	0.000013431519522291737
0.40738027780411284	9.233287072443153	1.6959614689818557e-6
0.40738027780411284	10.848166405468225	3.403989827620014e-7
0.40738027780411284	12.745484185361764	1.3000461906854901e-8
0.40738027780411284	14.97463820590198	8.468642530289771e-11
0.40738027780411284	17.593665814218305	2.8122692377200736e-13
0.40738027780411284	20.670754947548264	5.150063207416628e-17
0.40738027780411284	24.286019446628643	0.
0.40738027780411284	28.53358486705786	2.071590870899744e-19
0.40738027780411284	33.52403909396583	1.720660734498579e-22
0.40738027780411284	39.38731156319766	0.
0.40738027780411284	46.2760560512424	8.905976268262561e-20
0.40738027780411284	54.36962510684932	2.6761517593253395e-19
0.40738027780411284	63.878739601016136	1.502763594241237e-20
0.40738027780411284	75.05097496985273	6.788798156562537e-21
0.40738027780411284	88.17720698790782	3.02598053608861e-20
0.40738027780411284	101.56728432250941	5.370523409792562e-21
0.40738027780411284	104.87926098519992	2.261915962851651e-20
0.40738027780411284	108.19123764789045	8.636205622846774e-21
0.40738027780411284	110.39922208968413	0.
0.47863009232263853	0.9668438485904536	0.034453621580910206
0.47863009232263853	1.1359424737172485	0.05040043306852419
0.47863009232263853	1.3346160349223561	0.06800696705533929
0.47863009232263853	1.5680371162133662	0.0670192911689542
0.47863009232263853	1.842282973893515	0.05279681290124331
0.47863009232263853	2.164493761534216	0.03519193377402922
0.47863009232263853	2.543058428108415	0.018359014196059734
0.47863009232263853	2.9878331292529405	0.008013682177876881
0.47863009232263853	3.5103978381266034	0.0030931270371336575
0.47863009232263853	4.124357836879957	0.0010616222553625216
0.47863009232263853	4.845697938245949	0.0002632335863346236
0.47863009232263853	5.693198659620684	0.00007089876184180074
0.47863009232263853	6.688925184973349	6.2637688682067025e-6
0.47863009232263853	7.85880184499863	2.9272893589320493e-7
0.47863009232263853	9.233287072443153	1.2217641312733311e-8
0.47863009232263853	10.848166405468225	1.7696947312293861e-9
0.47863009232263853	12.745484185361764	6.315699842099333e-11
0.47863009232263853	14.97463820590198	1.707344077866819e-13
0.47863009232263853	17.593665814218305	8.001227280546074e-19
0.47863009232263853	20.670754947548264	0.
0.47863009232263853	24.286019446628643	0.
0.47863009232263853	28.53358486705786	1.4737542880308813e-19
0.47863009232263853	33.52403909396583	7.496075774359388e-20
0.47863009232263853	39.38731156319766	0.
0.47863009232263853	46.2760560512424	6.519330719621306e-20
0.47863009232263853	54.36962510684932	2.466931484037221e-19
0.47863009232263853	63.878739601016136	0.
0.47863009232263853	75.05097496985273	0.
0.47863009232263853	88.17720698790782	0.
0.47863009232263853	101.56728432250941	0.
0.47863009232263853	104.87926098519992	0.
0.47863009232263853	108.19123764789045	0.
0.47863009232263853	110.39922208968413	0.
0.5623413251903494	0.9668438485904536	0.033201943624044924
0.5623413251903494	1.1359424737172485	0.04397139402477896
0.5623413251903494	1.3346160349223561	0.05274887262096387
0.5623413251903494	1.5680371162133662	0.04334596650227708
0.5623413251903494	1.842282973893515	0.02703725128936262
0.5623413251903494	2.164493761534216	0.014770729854715772
0.5623413251903494	2.543058428108415	0.006497045002780922
0.5623413251903494	2.9878331292529405	0.002228816510767113
0.5623413251903494	3.5103978381266034	0.0005886970610925499
0.5623413251903494	4.124357836879957	0.0001526407084428671
0.5623413251903494	4.845697938245949	0.000029210646069002963
0.5623413251903494	5.693198659620684	4.6994654782200905e-6
0.5623413251903494	6.688925184973349	2.5924403375879356e-7
0.5623413251903494	7.85880184499863	2.8752513381833713e-9
0.5623413251903494	9.233287072443153	1.6502224007200354e-11
0.5623413251903494	10.848166405468225	3.281027929973108e-14
0.5623413251903494	12.745484185361764	4.403461105131447e-19
0.5623413251903494	14.97463820590198	1.1925406455184513e-18
0.5623413251903494	17.593665814218305	1.0064559911843067e-18
0.5623413251903494	20.670754947548264	9.720913250002883e-20
0.5623413251903494	24.286019446628643	4.785753986873813e-21
0.5623413251903494	28.53358486705786	1.175828056267336e-19
0.5623413251903494	33.52403909396583	5.393478601043461e-19
0.5623413251903494	39.38731156319766	0.
0.5623413251903494	46.2760560512424	8.421729144762434e-20
0.5623413251903494	54.36962510684932	1.8696296141954282e-19
0.5623413251903494	63.878739601016136	0.
0.5623413251903494	75.05097496985273	0.
0.5623413251903494	88.17720698790782	0.
0.5623413251903494	101.56728432250941	0.
0.5623413251903494	104.87926098519992	0.
0.5623413251903494	108.19123764789045	0.
0.5623413251903494	110.39922208968413	0.
0.6606934480075964	0.9668438485904536	0.028263659014370605
0.6606934480075964	1.1359424737172485	0.032484271934441464
0.6606934480075964	1.3346160349223561	0.03330382552532086
0.6606934480075964	1.5680371162133662	0.02366273319100623
0.6606934480075964	1.842282973893515	0.01151685239738721
0.6606934480075964	2.164493761534216	0.004605007203885726
0.6606934480075964	2.543058428108415	0.0015842347148626828
0.6606934480075964	2.9878331292529405	0.0004254572718496209
0.6606934480075964	3.5103978381266034	0.00006514421131400952
0.6606934480075964	4.124357836879957	7.094455082493604e-6
0.6606934480075964	4.845697938245949	8.881847988245983e-7
0.6606934480075964	5.693198659620684	7.325977843703096e-8
0.6606934480075964	6.688925184973349	2.852268654891817e-9
0.6606934480075964	7.85880184499863	1.675426374416743e-11
0.6606934480075964	9.233287072443153	1.8943252643923996e-16
0.6606934480075964	10.848166405468225	4.675237190118502e-19
0.6606934480075964	12.745484185361764	0.
0.6606934480075964	14.97463820590198	1.3543092683490201e-18
0.6606934480075964	17.593665814218305	5.399701975051246e-19
0.6606934480075964	20.670754947548264	1.8209681918048667e-20
0.6606934480075964	24.286019446628643	0.
0.6606934480075964	28.53358486705786	6.868343931410838e-20
0.6606934480075964	33.52403909396583	1.1187515925189871e-19
0.6606934480075964	39.38731156319766	0.
0.6606934480075964	46.2760560512424	5.345275528166656e-20
0.6606934480075964	54.36962510684932	1.604353945725507e-19
0.6606934480075964	63.878739601016136	0.
0.6606934480075964	75.05097496985273	0.
0.6606934480075964	88.17720698790782	0.
0.6606934480075964	101.56728432250941	0.
0.6606934480075964	104.87926098519992	0.
0.6606934480075964	108.19123764789045	0.
0.6606934480075964	110.39922208968413	0.
0.776247116628692	0.9668438485904536	0.019992919026929134
0.776247116628692	1.1359424737172485	0.020544140194858358
0.776247116628692	1.3346160349223561	0.016262577849293778
0.776247116628692	1.5680371162133662	0.008857642007065878
0.776247116628692	1.842282973893515	0.003070452940547292
0.776247116628692	2.164493761534216	0.0007862569097429842
0.776247116628692	2.543058428108415	0.00019696526260416878
0.776247116628692	2.9878331292529405	0.000032090941889375345
0.776247116628692	3.5103978381266034	2.7855507741127875e-6
0.776247116628692	4.124357836879957	6.664336386263769e-8
0.776247116628692	4.845697938245949	2.5781685794946914e-9
0.776247116628692	5.693198659620684	6.73937744597408e-11
0.776247116628692	6.688925184973349	3.290503395088234e-13
0.776247116628692	7.85880184499863	2.0582665435198397e-18
0.776247116628692	9.233287072443153	1.1804368248604845e-18
0.776247116628692	10.848166405468225	4.780994894155949e-19
0.776247116628692	12.745484185361764	1.9863753919573996e-21
0.776247116628692	14.97463820590198	7.416162794334397e-20
0.776247116628692	17.593665814218305	3.6386079660993156e-19
0.776247116628692	20.670754947548264	0.
0.776247116628692	24.286019446628643	0.
0.776247116628692	28.53358486705786	2.5012353903935783e-19
0.776247116628692	33.52403909396583	1.3373111382973346e-23
0.776247116628692	39.38731156319766	0.
0.776247116628692	46.2760560512424	5.110375489117428e-20
0.776247116628692	54.36962510684932	2.1267490284782511e-19
0.776247116628692	63.878739601016136	0.
0.776247116628692	75.05097496985273	0.
0.776247116628692	88.17720698790782	0.
0.776247116628692	101.56728432250941	1.655432820096648e-23
0.776247116628692	104.87926098519992	6.972225303733894e-23
0.776247116628692	108.19123764789045	2.6620604991861814e-23
0.776247116628692	110.39922208968413	0.
0.9120108393559101	0.9668438485904536	0.012247836730851074
0.9120108393559101	1.1359424737172485	0.010208277061483284
0.9120108393559101	1.3346160349223561	0.006060725298913688
0.9120108393559101	1.5680371162133662	0.0020944504214838676
0.9120108393559101	1.842282973893515	0.00047743377558648504
0.9120108393559101	2.164493761534216	0.00007408124696452161
0.9120108393559101	2.543058428108415	0.000011570517772049393
0.9120108393559101	2.9878331292529405	9.917727165251914e-7
0.9120108393559101	3.5103978381266034	4.969245878963744e-8
0.9120108393559101	4.124357836879957	5.897351747214576e-10
0.9120108393559101	4.845697938245949	6.808491735799589e-13
0.9120108393559101	5.693198659620684	2.3969804860489713e-18
0.9120108393559101	6.688925184973349	1.2469058291450103e-19
0.9120108393559101	7.85880184499863	1.0081422206232567e-18
0.9120108393559101	9.233287072443153	1.6136029116015975e-18
0.9120108393559101	10.848166405468225	5.345693151988168e-19
0.9120108393559101	12.745484185361764	2.5522354602614805e-19
0.9120108393559101	14.97463820590198	6.346445697891879e-19
0.9120108393559101	17.593665814218305	5.119717387906319e-19
0.9120108393559101	20.670754947548264	1.2783621114411787e-19
0.9120108393559101	24.286019446628643	2.0238955459660287e-20
0.9120108393559101	28.53358486705786	8.6320000597696e-21
0.9120108393559101	33.52403909396583	1.209360578166536e-22
0.9120108393559101	39.38731156319766	0.
0.9120108393559101	46.2760560512424	3.712760282400733e-20
0.9120108393559101	54.36962510684932	1.6682651714302764e-19
0.9120108393559101	63.878739601016136	5.406986710857309e-21
0.9120108393559101	75.05097496985273	0.
0.9120108393559101	88.17720698790782	0.
0.9120108393559101	101.56728432250941	7.539974952241633e-21
0.9120108393559101	104.87926098519992	3.1756289662343556e-20
0.9120108393559101	108.19123764789045	1.2124846892937789e-20
0.9120108393559101	110.39922208968413	0.
1.0281351526732676	0.9668438485904536	0.008100116599499208
1.0281351526732676	1.1359424737172485	0.005593032204758985
1.0281351526732676	1.3346160349223561	0.002401460933590923
1.0281351526732676	1.5680371162133662	0.0005707477694780275
1.0281351526732676	1.842282973893515	0.00008211897216206054
1.0281351526732676	2.164493761534216	8.056965168148829e-6
1.0281351526732676	2.543058428108415	6.963305792972999e-7
1.0281351526732676	2.9878331292529405	3.6649258909094504e-8
1.0281351526732676	3.5103978381266034	9.257684434595697e-10
1.0281351526732676	4.124357836879957	8.209028458264284e-12
1.0281351526732676	4.845697938245949	4.322701534426427e-15
1.0281351526732676	5.693198659620684	2.1521783343237263e-18
1.0281351526732676	6.688925184973349	9.716463344037969e-19
1.0281351526732676	7.85880184499863	1.2926118424112429e-18
1.0281351526732676	9.233287072443153	5.675228833785617e-19
1.0281351526732676	10.848166405468225	2.938896629555755e-19
1.0281351526732676	12.745484185361764	1.5707945376975648e-19
1.0281351526732676	14.97463820590198	7.830191021437382e-19
1.0281351526732676	17.593665814218305	6.993605357017032e-19
1.0281351526732676	20.670754947548264	4.202393497861238e-19
1.0281351526732676	24.286019446628643	2.5133760556523725e-19
1.0281351526732676	28.53358486705786	4.300992278149235e-20
1.0281351526732676	33.52403909396583	7.897941909108808e-24
1.0281351526732676	39.38731156319766	0.
1.0281351526732676	46.2760560512424	1.5463469310633905e-20
1.0281351526732676	54.36962510684932	2.2268081328519933e-19
1.0281351526732676	63.878739601016136	5.613616251207041e-20
1.0281351526732676	75.05097496985273	4.563076710762576e-22
1.0281351526732676	88.17720698790782	2.5680902447819316e-21
1.0281351526732676	101.56728432250941	1.380430794532569e-20
1.0281351526732676	104.87926098519992	5.81399281133719e-20
1.0281351526732676	108.19123764789045	2.2198365559593537e-20
1.0281351526732676	110.39922208968413	0.
1.0616612989560916	0.9668438485904536	0.007427950561366174
1.0616612989560916	1.1359424737172485	0.004968309280047555
1.0616612989560916	1.3346160349223561	0.0019703493576467227
1.0616612989560916	1.5680371162133662	0.0004386956770594129
1.0616612989560916	1.842282973893515	0.00005794051180443472
1.0616612989560916	2.164493761534216	5.365484051366453e-6
1.0616612989560916	2.543058428108415	4.405440665569144e-7
1.0616612989560916	2.9878331292529405	2.2938706679254077e-8
1.0616612989560916	3.5103978381266034	5.632665362841668e-10
1.0616612989560916	4.124357836879957	4.9312558954271305e-12
1.0616612989560916	4.845697938245949	2.57525279612266e-15
1.0616612989560916	5.693198659620684	2.0198119414191057e-18
1.0616612989560916	6.688925184973349	5.8469554923614205e-19
1.0616612989560916	7.85880184499863	1.3114399573769173e-18
1.0616612989560916	9.233287072443153	1.1311081447679824e-18
1.0616612989560916	10.848166405468225	3.9660374634111316e-19
1.0616612989560916	12.745484185361764	1.897291506104009e-19
1.0616612989560916	14.97463820590198	6.29164472197912e-19
1.0616612989560916	17.593665814218305	6.550925902560037e-19
1.0616612989560916	20.670754947548264	3.080005410876722e-19
1.0616612989560916	24.286019446628643	2.8550552598823073e-19
1.0616612989560916	28.53358486705786	2.7084409653009688e-20
1.0616612989560916	33.52403909396583	1.5741085834486764e-23
1.0616612989560916	39.38731156319766	0.
1.0616612989560916	46.2760560512424	1.2568514048183207e-20
1.0616612989560916	54.36962510684932	1.979963791836983e-19
1.0616612989560916	63.878739601016136	5.683842777256945e-20
1.0616612989560916	75.05097496985273	9.094493603532493e-22
1.0616612989560916	88.17720698790782	5.1183624087179364e-21
1.0616612989560916	101.56728432250941	1.4433060513824915e-20
1.0616612989560916	104.87926098519992	6.078806007901825e-20
1.0616612989560916	108.19123764789045	2.3209446985577324e-20
1.0616612989560916	110.39922208968413	0.
1.1063628273331902	0.9668438485904536	0.006614291966219827
1.1063628273331902	1.1359424737172485	0.004214897986921901
1.1063628273331902	1.3346160349223561	0.0014525546456691939
1.1063628273331902	1.5680371162133662	0.00028033196308835444
1.1063628273331902	1.842282973893515	0.000028977032884761033
1.1063628273331902	2.164493761534216	2.142925961295115e-6
1.1063628273331902	2.543058428108415	1.3438731581682378e-7
1.1063628273331902	2.9878331292529405	6.52921467387622e-9
1.1063628273331902	3.5103978381266034	1.2946858580908748e-10
1.1063628273331902	4.124357836879957	1.0090541470670595e-12
1.1063628273331902	4.845697938245949	4.843236278395324e-16
1.1063628273331902	5.693198659620684	1.858771192224533e-18
1.1063628273331902	6.688925184973349	1.216642785086881e-19
1.1063628273331902	7.85880184499863	1.3320194931289715e-18
1.1063628273331902	9.233287072443153	1.8026167297622825e-18
1.1063628273331902	10.848166405468225	5.187097341735155e-19
1.1063628273331902	12.745484185361764	2.284502756505922e-19
1.1063628273331902	14.97463820590198	4.444821977420201e-19
1.1063628273331902	17.593665814218305	6.012646391931138e-19
1.1063628273331902	20.670754947548264	1.7349237896244825e-19
1.1063628273331902	24.286019446628643	3.259006196584592e-19
1.1063628273331902	28.53358486705786	8.023298467344045e-21
1.1063628273331902	33.52403909396583	2.5086146537907165e-23
1.1063628273331902	39.38731156319766	0.
1.1063628273331902	46.2760560512424	9.092437779208951e-21
1.1063628273331902	54.36962510684932	1.6822467801131678e-19
1.1063628273331902	63.878739601016136	5.759448483566672e-20
1.1063628273331902	75.05097496985273	1.4493650668395215e-21
1.1063628273331902	88.17720698790782	8.156996967636452e-21
1.1063628273331902	101.56728432250941	1.5163042317703235e-20
1.1063628273331902	104.87926098519992	6.386254159374901e-20
1.1063628273331902	108.19123764789045	2.4383312636685852e-20
1.1063628273331902	110.39922208968413	0.