0.00001	0.548	1.1977061287190905e-16
0.00001	0.6438438601068622	3.465373408189276e-17
0.00001	0.7564505770023809	5.078002242620237e-17
0.00001	0.8887519333526938	1.64956817318211e-16
0.00001	1.0441924734438597	1.1894582162241093e-16
0.00001	1.2268191839354503	1.834833351607047e-8
0.00001	1.4413868595586694	0.000021063353284806935
0.00001	1.693481897017448	0.00024479624254441525
0.00001	1.9896677401401557	0.00023599086131473448
0.00001	2.3376557630327284	0.0002738807175456516
0.00001	2.7465060402774526	5.239147919686801e-6
0.00001	3.226863231348628	2.321862981057658e-6
0.00001	3.791233720635773	0.0000883983540960986
0.00001	4.454311228579265	0.0000430434435477196
0.00001	5.23335937139747	0.0000961291753395461
0.00001	6.14866112957476	0.00013011211662802933
0.00001	7.2240469272891135	0.0001900067058879893
0.00001	8.487515071640402	0.0001758809969092076
0.00001	9.971960705182715	0.0001959454535161347
0.00001	11.716032250472235	0.0002711769420698046
0.00001	13.765137644672505	0.0002362259152176477
0.00001	16.172626562131803	0.00026262041896497846
0.00001	19.001179404798737	0.00027075981531810657
0.00001	22.324439223665383	0.0001669868795942282
0.00001	26.228929059280592	0.00023077844107563772
0.00001	30.816304620431147	0.00010601034700625328
0.00001	36.20600095081629	0.00013466369216443393
0.00001	42.538341991252324	0.0000924055816323176
0.00001	49.97819399670388	0.00006235496566225871
0.00001	58.71925792702087	0.00004138756543796922
0.00001	68.98911256632039	0.000010811668864413861
0.00001	81.05513967161784	9.09564923607334e-6
0.00001	95.23148541546583	6.9058553575544245e-6
0.00001	111.88723936789023	4.218913857758092e-7
0.00001	131.45604396226818	0.
0.00003	0.548	3.593118386157272e-16
0.00003	0.6438438601068622	1.0396120224567827e-16
0.00003	0.7564505770023809	1.5234006727860711e-16
0.00003	0.8887519333526938	4.948704519546331e-16
0.00003	1.0441924734438597	3.568374648672328e-16
0.00003	1.2268191839354503	5.504500054821142e-8
0.00003	1.4413868595586694	0.00006319005985442081
0.00003	1.693481897017448	0.0007343887276332457
0.00003	1.9896677401401557	0.0007079725839442035
0.00003	2.3376557630327284	0.0008216421526369549
0.00003	2.7465060402774526	0.000015717443759060404
0.00003	3.226863231348628	6.965588943172974e-6
0.00003	3.791233720635773	0.0002651950622882958
0.00003	4.454311228579265	0.0001291303306431588
0.00003	5.23335937139747	0.00028838752601863834
0.00003	6.14866112957476	0.000390336349884088
0.00003	7.2240469272891135	0.0005700201176639679
0.00003	8.487515071640402	0.0005276429907276229
0.00003	9.971960705182715	0.0005878363605484041
0.00003	11.716032250472235	0.0008135308262094137
0.00003	13.765137644672505	0.0007086777456529431
0.00003	16.172626562131803	0.0007878612568949355
0.00003	19.001179404798737	0.0008122794459543196
0.00003	22.324439223665383	0.0005009606387826846
0.00003	26.228929059280592	0.0006923353232269132
0.00003	30.816304620431147	0.00031803104101875987
0.00003	36.20600095081629	0.0004039910764933018
0.00003	42.538341991252324	0.0002772167448969529
0.00003	49.97819399670388	0.00018706489698677617
0.00003	58.71925792702087	0.00012416269631390766
0.00003	68.98911256632039	0.00003243500659324159
0.00003	81.05513967161784	0.00002728694770822002
0.00003	95.23148541546583	0.000020717566072663277
0.00003	111.88723936789023	1.2656741573274278e-6
0.00003	131.45604396226818	0.
0.00006	0.548	7.186236772314544e-16
0.00006	0.6438438601068622	2.0792240449135654e-16
0.00006	0.7564505770023809	3.0468013455721423e-16
0.00006	0.8887519333526938	9.897409039092661e-16
0.00006	1.0441924734438597	7.136749297344656e-16
0.00006	1.2268191839354503	1.1009000109642283e-7
0.00006	1.4413868595586694	0.00012638011970884163
0.00006	1.693481897017448	0.0014687774552664915
0.00006	1.9896677401401557	0.001415945167888407
0.00006	2.3376557630327284	0.0016432843052739097
0.00006	2.7465060402774526	0.00003143488751812081
0.00006	3.226863231348628	0.000013931177886345949
0.00006	3.791233720635773	0.0005303901245765916
0.00006	4.454311228579265	0.0002582606612863176
0.00006	5.23335937139747	0.0005767750520372767
0.00006	6.14866112957476	0.000780672699768176
0.00006	7.2240469272891135	0.0011400402353279359
0.00006	8.487515071640402	0.0010552859814552458
0.00006	9.971960705182715	0.0011756727210968081
0.00006	11.716032250472235	0.0016270616524188275
0.00006	13.765137644672505	0.0014173554913058863
0.00006	16.172626562131803	0.001575722513789871
0.00006	19.001179404798737	0.0016245588919086393
0.00006	22.324439223665383	0.0010019212775653691
0.00006	26.228929059280592	0.0013846706464538264
0.00006	30.816304620431147	0.0006360620820375197
0.00006	36.20600095081629	0.0008079821529866036
0.00006	42.538341991252324	0.0005544334897939057
0.00006	49.97819399670388	0.00037412979397355233
0.00006	58.71925792702087	0.00024832539262781533
0.00006	68.98911256632039	0.00006487001318648318
0.00006	81.05513967161784	0.00005457389541644004
0.00006	95.23148541546583	0.000041435132145326554
0.00006	111.88723936789023	2.5313483146548555e-6
0.00006	131.45604396226818	0.
0.0001	0.548	1.1977061287190905e-15
0.0001	0.6438438601068622	3.4653734081892754e-16
0.0001	0.7564505770023809	5.078002242620237e-16
0.0001	0.8887519333526938	1.6495681731821101e-15
0.0001	1.0441924734438597	1.1894582162241093e-15
0.0001	1.2268191839354503	1.8348333516070473e-7
0.0001	1.4413868595586694	0.00021063353284806938
0.0001	1.693481897017448	0.0024479624254441523
0.0001	1.9896677401401557	0.002359908613147345
0.0001	2.3376557630327284	0.0027388071754565163
0.0001	2.7465060402774526	0.00005239147919686801
0.0001	3.226863231348628	0.000023218629810576582
0.0001	3.791233720635773	0.0008839835409609859
0.0001	4.454311228579265	0.000430434435477196
0.0001	5.23335937139747	0.000961291753395461
0.0001	6.14866112957476	0.0013011211662802933
0.0001	7.2240469272891135	0.0019000670588798932
0.0001	8.487515071640402	0.0017588099690920762
0.0001	9.971960705182715	0.001959454535161347
0.0001	11.716032250472235	0.0027117694206980456
0.0001	13.765137644672505	0.002362259152176477
0.0001	16.172626562131803	0.002626204189649785
0.0001	19.001179404798737	0.0027075981531810654
0.0001	22.324439223665383	0.001669868795942282
0.0001	26.228929059280592	0.002307784410756377
0.0001	30.816304620431147	0.0010601034700625327
0.0001	36.20600095081629	0.0013466369216443392
0.0001	42.538341991252324	0.0009240558163231762
0.0001	49.97819399670388	0.0006235496566225872
0.0001	58.71925792702087	0.0004138756543796922
0.0001	68.98911256632039	0.00010811668864413863
0.0001	81.05513967161784	0.0000909564923607334
0.0001	95.23148541546583	0.00006905855357554425
0.0001	111.88723936789023	4.218913857758092e-6
0.0001	131.45604396226818	0.
0.0003	0.548	3.593118386157271e-15
0.0003	0.6438438601068622	1.0396120224567826e-15
0.0003	0.7564505770023809	1.5234006727860709e-15
0.0003	0.8887519333526938	4.94870451954633e-15
0.0003	1.0441924734438597	3.568374648672327e-15
0.0003	1.2268191839354503	5.504500054821141e-7
0.0003	1.4413868595586694	0.000631900598544208
0.0003	1.693481897017448	0.007343887276332456
0.0003	1.9896677401401557	0.007079725839442034
0.0003	2.3376557630327284	0.008216421526369548
0.0003	2.7465060402774526	0.00015717443759060402
0.0003	3.226863231348628	0.00006965588943172973
0.0003	3.791233720635773	0.0026519506228829576
0.0003	4.454311228579265	0.001291303306431588
0.0003	5.23335937139747	0.002883875260186383
0.0003	6.14866112957476	0.0039033634988408796
0.0003	7.2240469272891135	0.005700201176639679
0.0003	8.487515071640402	0.005276429907276228
0.0003	9.971960705182715	0.005878363605484041
0.0003	11.716032250472235	0.008135308262094135
0.0003	13.765137644672505	0.00708677745652943
0.0003	16.172626562131803	0.007878612568949355
0.0003	19.001179404798737	0.008122794459543196
0.0003	22.324439223665383	0.005009606387826846
0.0003	26.228929059280592	0.006923353232269131
0.0003	30.816304620431147	0.0031803104101875983
0.0003	36.20600095081629	0.004039910764933017
0.0003	42.538341991252324	0.002772167448969528
0.0003	49.97819399670388	0.0018706489698677616
0.0003	58.71925792702087	0.0012416269631390765
0.0003	68.98911256632039	0.00032435006593241583
0.0003	81.05513967161784	0.00027286947708220015
0.0003	95.23148541546583	0.00020717566072663273
0.0003	111.88723936789023	0.000012656741573274276
0.0003	131.45604396226818	0.
0.0006	0.548	7.186236772314543e-15
0.0006	0.6438438601068622	2.0792240449135653e-15
0.0006	0.7564505770023809	3.0468013455721418e-15
0.0006	0.8887519333526938	9.89740903909266e-15
0.0006	1.0441924734438597	7.136749297344655e-15
0.0006	1.2268191839354503	1.1009000109642282e-6
0.0006	1.4413868595586694	0.001263801197088416
0.0006	1.693481897017448	0.014687774552664913
0.0006	1.9896677401401557	0.014159451678884069
0.0006	2.3376557630327284	0.016432843052739097
0.0006	2.7465060402774526	0.00031434887518120804
0.0006	3.226863231348628	0.00013931177886345947
0.0006	3.791233720635773	0.005303901245765915
0.0006	4.454311228579265	0.002582606612863176
0.0006	5.23335937139747	0.005767750520372766
0.0006	6.14866112957476	0.007806726997681759
0.0006	7.2240469272891135	0.011400402353279358
0.0006	8.487515071640402	0.010552859814552456
0.0006	9.971960705182715	0.011756727210968081
0.0006	11.716032250472235	0.01627061652418827
0.0006	13.765137644672505	0.01417355491305886
0.0006	16.172626562131803	0.01575722513789871
0.0006	19.001179404798737	0.016245588919086392
0.0006	22.324439223665383	0.010019212775653692
0.0006	26.228929059280592	0.013846706464538262
0.0006	30.816304620431147	0.006360620820375197
0.0006	36.20600095081629	0.008079821529866034
0.0006	42.538341991252324	0.005544334897939056
0.0006	49.97819399670388	0.003741297939735523
0.0006	58.71925792702087	0.002483253926278153
0.0006	68.98911256632039	0.0006487001318648317
0.0006	81.05513967161784	0.0005457389541644003
0.0006	95.23148541546583	0.00041435132145326546
0.0006	111.88723936789023	0.000025313483146548553
0.0006	131.45604396226818	0.
0.001	0.548	1.1977061287190905e-14
0.001	0.6438438601068622	3.4653734081892754e-15
0.001	0.7564505770023809	5.078002242620237e-15
0.001	0.8887519333526938	1.64956817318211e-14
0.001	1.0441924734438597	1.1894582162241093e-14
0.001	1.2268191839354503	1.834833351607047e-6
0.001	1.4413868595586694	0.0021063353284806936
0.001	1.693481897017448	0.024479624254441522
0.001	1.9896677401401557	0.02359908613147345
0.001	2.3376557630327284	0.02738807175456516
0.001	2.7465060402774526	0.0005239147919686801
0.001	3.226863231348628	0.0002321862981057658
0.001	3.791233720635773	0.008839835409609859
0.001	4.454311228579265	0.00430434435477196
0.001	5.23335937139747	0.00961291753395461
0.001	6.14866112957476	0.013011211662802932
0.001	7.2240469272891135	0.01900067058879893
0.001	8.487515071640402	0.01758809969092076
0.001	9.971960705182715	0.01959454535161347
0.001	11.716032250472235	0.027117694206980455
0.001	13.765137644672505	0.02362259152176477
0.001	16.172626562131803	0.026262041896497848
0.001	19.001179404798737	0.027075981531810654
0.001	22.324439223665383	0.01669868795942282
0.001	26.228929059280592	0.02307784410756377
0.001	30.816304620431147	0.010601034700625327
0.001	36.20600095081629	0.013466369216443392
0.001	42.538341991252324	0.00924055816323176
0.001	49.97819399670388	0.006235496566225872
0.001	58.71925792702087	0.004138756543796922
0.001	68.98911256632039	0.0010811668864413862
0.001	81.05513967161784	0.0009095649236073339
0.001	95.23148541546583	0.0006905855357554425
0.001	111.88723936789023	0.00004218913857758092
0.001	131.45604396226818	0.
0.002	0.548	1.8925931707183183e-6
0.002	0.6438438601068622	0.0022627177191547744
0.002	0.7564505770023809	0.048617110237609125
0.002	0.8887519333526938	0.010616560041407899
0.002	1.0441924734438597	0.0031585490102754334
0.002	1.2268191839354503	0.03235103423665441
0.002	1.4413868595586694	0.014518350043722716
0.002	1.693481897017448	0.04100233300421754
0.002	1.9896677401401557	0.03533471571518977
0.002	2.3376557630327284	0.019028719889920432
0.002	2.7465060402774526	0.010584923759764097
0.002	3.226863231348628	0.028929757928063626
0.002	3.791233720635773	0.03477245738747687
0.002	4.454311228579265	0.031187432272461995
0.002	5.23335937139747	0.032546994895589314
0.002	6.14866112957476	0.0447084885891972
0.002	7.2240469272891135	0.04285086803488838
0.002	8.487515071640402	0.07673948642186824
0.002	9.971960705182715	0.06947545458546041
0.002	11.716032250472235	0.0549962272142002
0.002	13.765137644672505	0.05618920719293568
0.002	16.172626562131803	0.05377100231614772
0.002	19.001179404798737	0.03463609891661645
0.002	22.324439223665383	0.031384605691947655
0.002	26.228929059280592	0.03945260481770437
0.002	30.816304620431147	0.03137124207997174
0.002	36.20600095081629	0.018577901017535196
0.002	42.538341991252324	0.0181127215169777
0.002	49.97819399670388	0.016715547821829477
0.002	58.71925792702087	0.009675166978221414
0.002	68.98911256632039	0.004149527012175379
0.002	81.05513967161784	0.0005169896254235562
0.002	95.23148541546583	0.0003574746501222957
0.002	111.88723936789023	0.000012936573164842353
0.002	131.45604396226818	0.
0.004	0.548	0.00008353905460194155
0.004	0.6438438601068622	0.007489388133834244
0.004	0.7564505770023809	0.026833004900620416
0.004	0.8887519333526938	0.020298391678453088
0.004	1.0441924734438597	0.03231929787925624
0.004	1.2268191839354503	0.027373751079435005
0.004	1.4413868595586694	0.03406849675666351
0.004	1.693481897017448	0.03232550806533463
0.004	1.9896677401401557	0.04821454287330216
0.004	2.3376557630327284	0.045413473552244135
0.004	2.7465060402774526	0.055915616105115126
0.004	3.226863231348628	0.08254663732922506
0.004	3.791233720635773	0.06947259341466096
0.004	4.454311228579265	0.06340410845093565
0.004	5.23335937139747	0.06671380726638902
0.004	6.14866112957476	0.09315995816462773
0.004	7.2240469272891135	0.06906159729968613
0.004	8.487515071640402	0.08101018669166521
0.004	9.971960705182715	0.10827480309881304
0.004	11.716032250472235	0.1086326817769453
0.004	13.765137644672505	0.0931467342557176
0.004	16.172626562131803	0.09109974912640434
0.004	19.001179404798737	0.08292716419932249
0.004	22.324439223665383	0.0633628574323699
0.004	26.228929059280592	0.057869355845140094
0.004	30.816304620431147	0.0580145000598042
0.004	36.20600095081629	0.041860234507486965
0.004	42.538341991252324	0.028768233980191918
0.004	49.97819399670388	0.01921351718351818
0.004	58.71925792702087	0.014124138708210207
0.004	68.98911256632039	0.008510624320343954
0.004	81.05513967161784	0.00381579713369515
0.004	95.23148541546583	0.0022529825291319862
0.004	111.88723936789023	0.0005419895410499417
0.004	131.45604396226818	0.
0.006	0.548	0.003213198577120679
0.006	0.6438438601068622	0.020103863776066766
0.006	0.7564505770023809	0.01031827825816959
0.006	0.8887519333526938	0.01321230797319392
0.006	1.0441924734438597	0.03683240383344159
0.006	1.2268191839354503	0.05048232139392999
0.006	1.4413868595586694	0.05136142343539275
0.006	1.693481897017448	0.048924717236083735
0.006	1.9896677401401557	0.057500150093573725
0.006	2.3376557630327284	0.0766473718655401
0.006	2.7465060402774526	0.12056711673988378
0.006	3.226863231348628	0.10420409326262446
0.006	3.791233720635773	0.10468101250886562
0.006	4.454311228579265	0.14550947726360886
0.006	5.23335937139747	0.16217989720116027
0.006	6.14866112957476	0.12707015862314294
0.006	7.2240469272891135	0.14755228485568686
0.006	8.487515071640402	0.14517412102485544
0.006	9.971960705182715	0.14793200935887707
0.006	11.716032250472235	0.13554439116926353
0.006	13.765137644672505	0.12799666266247253
0.006	16.172626562131803	0.12742657260026655
0.006	19.001179404798737	0.12678082676822963
0.006	22.324439223665383	0.11612245546542646
0.006	26.228929059280592	0.09759199211459701
0.006	30.816304620431147	0.07245556505013097
0.006	36.20600095081629	0.0559573241200046
0.006	42.538341991252324	0.04314323507591002
0.006	49.97819399670388	0.0295512810507934
0.006	58.71925792702087	0.017574919628239333
0.006	68.98911256632039	0.008804211210761321
0.006	81.05513967161784	0.004511020038616846
0.006	95.23148541546583	0.0010058967150217818
0.006	111.88723936789023	0.00016696361864370086
0.006	131.45604396226818	0.
0.008	0.548	0.00018742978572369598
0.008	0.6438438601068622	0.008054072571855309
0.008	0.7564505770023809	0.05200114246584803
0.008	0.8887519333526938	0.06077879681775933
0.008	1.0441924734438597	0.04559912085954242
0.008	1.2268191839354503	0.060719572265868375
0.008	1.4413868595586694	0.06260862535578932
0.008	1.693481897017448	0.09640505481156322
0.008	1.9896677401401557	0.0769608225999427
0.008	2.3376557630327284	0.10355718800541444
0.008	2.7465060402774526	0.12525701544031523
0.008	3.226863231348628	0.11137332113279556
0.008	3.791233720635773	0.1607858440120475
0.008	4.454311228579265	0.18268256717793505
0.008	5.23335937139747	0.15173213356830698
0.008	6.14866112957476	0.15620463388900685
0.008	7.2240469272891135	0.1758871784661466
0.008	8.487515071640402	0.1858474908937456
0.008	9.971960705182715	0.18639659618770077
0.008	11.716032250472235	0.1811604727485768
0.008	13.765137644672505	0.17174212197694802
0.008	16.172626562131803	0.15764619432608787
0.008	19.001179404798737	0.1531830942868187
0.008	22.324439223665383	0.1355460143028955
0.008	26.228929059280592	0.11959323201210607
0.008	30.816304620431147	0.08968143294866611
0.008	36.20600095081629	0.06862552501883479
0.008	42.538341991252324	0.049227345515951114
0.008	49.97819399670388	0.030667870985565553
0.008	58.71925792702087	0.017828784283929432
0.008	68.98911256632039	0.007979469211574382
0.008	81.05513967161784	0.002819048344167825
0.008	95.23148541546583	0.0008872441865776526
0.008	111.88723936789023	0.00019638945364583733
0.008	131.45604396226818	0.
0.01	0.548	0.001470528754220318
0.01	0.6438438601068622	0.006499343040886793
0.01	0.7564505770023809	0.012124374370642897
0.01	0.8887519333526938	0.037936457883015105
0.01	1.0441924734438597	0.10397768220214926
0.01	1.2268191839354503	0.07048386912262933
0.01	1.4413868595586694	0.07723446876557967
0.01	1.693481897017448	0.09438622316385029
0.01	1.9896677401401557	0.08235083265640021
0.01	2.3376557630327284	0.1291621396565213
0.01	2.7465060402774526	0.1399538238576583
0.01	3.226863231348628	0.1531006102731164
0.01	3.791233720635773	0.19063032270393296
0.01	4.454311228579265	0.21365126945940843
0.01	5.23335937139747	0.22525989508714397
0.01	6.14866112957476	0.20679780746269996
0.01	7.2240469272891135	0.2128786363851178
0.01	8.487515071640402	0.23832502972185854
0.01	9.971960705182715	0.2366397977820679
0.01	11.716032250472235	0.22644778870402016
0.01	13.765137644672505	0.20368449878239792
0.01	16.172626562131803	0.21050158647988668
0.01	19.001179404798737	0.17032603511387617
0.01	22.324439223665383	0.1433671456810285
0.01	26.228929059280592	0.12070406641446929
0.01	30.816304620431147	0.09014252729428222
0.01	36.20600095081629	0.07449115590276469
0.01	42.538341991252324	0.04664100361239994
0.01	49.97819399670388	0.027729187606264593
0.01	58.71925792702087	0.014470345997911815
0.01	68.98911256632039	0.005785469351483006
0.01	81.05513967161784	0.002549720000236055
0.01	95.23148541546583	0.0006194088415657355
0.01	111.88723936789023	0.00010209373430891283
0.01	131.45604396226818	0.
0.011748975549395297	0.548	0.003954215098489104
0.011748975549395297	0.6438438601068622	0.020839441364921794
0.011748975549395297	0.7564505770023809	0.023982646383801973
0.011748975549395297	0.8887519333526938	0.04890622980149099
0.011748975549395297	1.0441924734438597	0.05069700217638248
0.011748975549395297	1.2268191839354503	0.050939072016559415
0.011748975549395297	1.4413868595586694	0.10756619978607751
0.011748975549395297	1.693481897017448	0.11070252492677268
0.011748975549395297	1.9896677401401557	0.1333703220592594
0.011748975549395297	2.3376557630327284	0.15812148669732656
0.011748975549395297	2.7465060402774526	0.17275197023885397
0.011748975549395297	3.226863231348628	0.19382882591507458
0.011748975549395297	3.791233720635773	0.2435428366054823
0.011748975549395297	4.454311228579265	0.2367030180407886
0.011748975549395297	5.23335937139747	0.25751651859935165
0.011748975549395297	6.14866112957476	0.2614893960451107
0.011748975549395297	7.2240469272891135	0.2751222397318985
0.011748975549395297	8.487515071640402	0.2710693810991541
0.011748975549395297	9.971960705182715	0.25738684457564465
0.011748975549395297	11.716032250472235	0.24876705550583522
0.011748975549395297	13.765137644672505	0.23914817420796658
0.011748975549395297	16.172626562131803	0.21210076202798842
0.011748975549395297	19.001179404798737	0.19089610297000112
0.011748975549395297	22.324439223665383	0.16789710655122111
0.011748975549395297	26.228929059280592	0.1361388892145079
0.011748975549395297	30.816304620431147	0.09844560711121192
0.011748975549395297	36.20600095081629	0.06727200530553795
0.011748975549395297	42.538341991252324	0.04208514854615981
0.011748975549395297	49.97819399670388	0.02432331706325198
0.011748975549395297	58.71925792702087	0.012645815084214307
0.011748975549395297	68.98911256632039	0.0053105348612054815
0.011748975549395297	81.05513967161784	0.001807966453922903
0.011748975549395297	95.23148541546583	0.00028420598214590106
0.011748975549395297	111.88723936789023	9.231510216442888e-6
0.011748975549395297	131.45604396226818	0.
0.013803842646028852	0.548	0.010436880002517456
0.013803842646028852	0.6438438601068622	0.028558593980200796
0.013803842646028852	0.7564505770023809	0.034915715873209116
0.013803842646028852	0.8887519333526938	0.035721731971663555
0.013803842646028852	1.0441924734438597	0.06242220860165441
0.013803842646028852	1.2268191839354503	0.07804609807433789
0.013803842646028852	1.4413868595586694	0.11127837709365747
0.013803842646028852	1.693481897017448	0.13066974048334515
0.013803842646028852	1.9896677401401557	0.14819502190678038
0.013803842646028852	2.3376557630327284	0.18550517357174603
0.013803842646028852	2.7465060402774526	0.22100329931768645
0.013803842646028852	3.226863231348628	0.2443028313622187
0.013803842646028852	3.791233720635773	0.2666813193386662
0.013803842646028852	4.454311228579265	0.27639082110476515
0.013803842646028852	5.23335937139747	0.29390159536958516
0.013803842646028852	6.14866112957476	0.3298659547811153
0.013803842646028852	7.2240469272891135	0.3109036345500738
0.013803842646028852	8.487515071640402	0.30860724493235064
0.013803842646028852	9.971960705182715	0.3105197294265419
0.013803842646028852	11.716032250472235	0.2929099469716671
0.013803842646028852	13.765137644672505	0.2738431376094333
0.013803842646028852	16.172626562131803	0.25006080891589705
0.013803842646028852	19.001179404798737	0.21891466722719358
0.013803842646028852	22.324439223665383	0.17463590159227682
0.013803842646028852	26.228929059280592	0.13993857537366863
0.013803842646028852	30.816304620431147	0.09758964337120457
0.013803842646028852	36.20600095081629	0.06390068408079345
0.013803842646028852	42.538341991252324	0.038057320110972195
0.013803842646028852	49.97819399670388	0.020690359162479518
0.013803842646028852	58.71925792702087	0.01011393584622861
0.013803842646028852	68.98911256632039	0.00424270852201035
0.013803842646028852	81.05513967161784	0.001518063027665164
0.013803842646028852	95.23148541546583	0.0003215997177800736
0.013803842646028852	111.88723936789023	0.000010567454438482198
0.013803842646028852	131.45604396226818	0.
0.0162181009735893	0.548	0.0008538700704536313
0.0162181009735893	0.6438438601068622	0.013231317956576798
0.0162181009735893	0.7564505770023809	0.03777768156765036
0.0162181009735893	0.8887519333526938	0.07098757785902375
0.0162181009735893	1.0441924734438597	0.0812150212929387
0.0162181009735893	1.2268191839354503	0.08701965881199251
0.0162181009735893	1.4413868595586694	0.11969253634435169
0.0162181009735893	1.693481897017448	0.12774387798928
0.0162181009735893	1.9896677401401557	0.20186931855806634
0.0162181009735893	2.3376557630327284	0.22772855700620198
0.0162181009735893	2.7465060402774526	0.2476109276828261
0.0162181009735893	3.226863231348628	0.27843416385240555
0.0162181009735893	3.791233720635773	0.2805459548297192
0.0162181009735893	4.454311228579265	0.37211859130364433
0.0162181009735893	5.23335937139747	0.3750485830970618
0.0162181009735893	6.14866112957476	0.3567606204575973
0.0162181009735893	7.2240469272891135	0.36645318931644155
0.0162181009735893	8.487515071640402	0.39324487390913154
0.0162181009735893	9.971960705182715	0.3450592942444357
0.0162181009735893	11.716032250472235	0.3385801882426748
0.0162181009735893	13.765137644672505	0.3006434315621318
0.0162181009735893	16.172626562131803	0.2532346814131348
0.0162181009735893	19.001179404798737	0.2119509944103884
0.0162181009735893	22.324439223665383	0.1749109377780326
0.0162181009735893	26.228929059280592	0.12591354529861004
0.0162181009735893	30.816304620431147	0.08648805015214396
0.0162181009735893	36.20600095081629	0.057857563837606256
0.0162181009735893	42.538341991252324	0.035452087825864315
0.0162181009735893	49.97819399670388	0.016574047039912325
0.0162181009735893	58.71925792702087	0.007041282226477509
0.0162181009735893	68.98911256632039	0.002534753323763555
0.0162181009735893	81.05513967161784	0.0005765014245299907
0.0162181009735893	95.23148541546583	0.00016106842248459345
0.0162181009735893	111.88723936789023	0.000016798861754990386
0.0162181009735893	131.45604396226818	0.
0.019054607179632473	0.548	0.006041905191163398
0.019054607179632473	0.6438438601068622	0.009550835970588287
0.019054607179632473	0.7564505770023809	0.03125665351539601
0.019054607179632473	0.8887519333526938	0.07306148940527601
0.019054607179632473	1.0441924734438597	0.10326125727553151
0.019054607179632473	1.2268191839354503	0.12638423436554252
0.019054607179632473	1.4413868595586694	0.15836747079482247
0.019054607179632473	1.693481897017448	0.17706855544554886
0.019054607179632473	1.9896677401401557	0.22487956190646083
0.019054607179632473	2.3376557630327284	0.2590561824941297
0.019054607179632473	2.7465060402774526	0.2747905281126398
0.019054607179632473	3.226863231348628	0.32040992686071984
0.019054607179632473	3.791233720635773	0.35381374945296284
0.019054607179632473	4.454311228579265	0.3911945528129377
0.019054607179632473	5.23335937139747	0.4031615695389415
0.019054607179632473	6.14866112957476	0.416745619627371
0.019054607179632473	7.2240469272891135	0.4096864672379729
0.019054607179632473	8.487515071640402	0.3932257043018947
0.019054607179632473	9.971960705182715	0.39116768549406633
0.019054607179632473	11.716032250472235	0.36279802629785596
0.019054607179632473	13.765137644672505	0.3085451527636224
0.019054607179632473	16.172626562131803	0.25710980451052884
0.019054607179632473	19.001179404798737	0.218124694555587
0.019054607179632473	22.324439223665383	0.17355506624484598
0.019054607179632473	26.228929059280592	0.12868770655931505
0.019054607179632473	30.816304620431147	0.08489719105021984
0.019054607179632473	36.20600095081629	0.0508937311904337
0.019054607179632473	42.538341991252324	0.027308485547759186
0.019054607179632473	49.97819399670388	0.012140401258320646
0.019054607179632473	58.71925792702087	0.004449774707479199
0.019054607179632473	68.98911256632039	0.0016347552076575087
0.019054607179632473	81.05513967161784	0.00025926810597514093
0.019054607179632473	95.23148541546583	0.00003304821504690038
0.019054607179632473	111.88723936789023	7.012491802524561e-7
0.019054607179632473	131.45604396226818	0.
0.0223872113856834	0.548	0.021611490286070796
0.0223872113856834	0.6438438601068622	0.030578007264703173
0.0223872113856834	0.7564505770023809	0.0783336995615857
0.0223872113856834	0.8887519333526938	0.08562403777197847
0.0223872113856834	1.0441924734438597	0.10785435164370674
0.0223872113856834	1.2268191839354503	0.14797935431996626
0.0223872113856834	1.4413868595586694	0.16062812422318726
0.0223872113856834	1.693481897017448	0.2195377457261118
0.0223872113856834	1.9896677401401557	0.2740220438874499
0.0223872113856834	2.3376557630327284	0.31479769269466723
0.0223872113856834	2.7465060402774526	0.34944806405718093
0.0223872113856834	3.226863231348628	0.3954303552694893
0.0223872113856834	3.791233720635773	0.4146291080133851
0.0223872113856834	4.454311228579265	0.4519301186198579
0.0223872113856834	5.23335937139747	0.4614850727211813
0.0223872113856834	6.14866112957476	0.4761477251064217
0.0223872113856834	7.2240469272891135	0.465314828411062
0.0223872113856834	8.487515071640402	0.4490388970929647
0.0223872113856834	9.971960705182715	0.4108977026918217
0.0223872113856834	11.716032250472235	0.37014435460491296
0.0223872113856834	13.765137644672505	0.3186522000734627
0.0223872113856834	16.172626562131803	0.2694659690574202
0.0223872113856834	19.001179404798737	0.21875493289425374
0.0223872113856834	22.324439223665383	0.15171950379820745
0.0223872113856834	26.228929059280592	0.1022504125203959
0.0223872113856834	30.816304620431147	0.0652567563368675
0.0223872113856834	36.20600095081629	0.03707767275002833
0.0223872113856834	42.538341991252324	0.017843989528406635
0.0223872113856834	49.97819399670388	0.005985528928278167
0.0223872113856834	58.71925792702087	0.00175273819129807
0.0223872113856834	68.98911256632039	0.0006021092570497989
0.0223872113856834	81.05513967161784	0.00011088514833404866
0.0223872113856834	95.23148541546583	1.9885536287175456e-6
0.0223872113856834	111.88723936789023	2.5863004873586952e-9
0.0223872113856834	131.45604396226818	0.
0.026302679918953815	0.548	0.01186481481348891
0.026302679918953815	0.6438438601068622	0.03641948835273981
0.026302679918953815	0.7564505770023809	0.07645861521531674
0.026302679918953815	0.8887519333526938	0.12018629071898498
0.026302679918953815	1.0441924734438597	0.14411540906673234
0.026302679918953815	1.2268191839354503	0.18946117772630822
0.026302679918953815	1.4413868595586694	0.24264007125014755
0.026302679918953815	1.693481897017448	0.27710081060923897
0.026302679918953815	1.9896677401401557	0.28393457028416913
0.026302679918953815	2.3376557630327284	0.34186480780401174
0.026302679918953815	2.7465060402774526	0.40564348289589697
0.026302679918953815	3.226863231348628	0.46449591675285967
0.026302679918953815	3.791233720635773	0.49796807721689346
0.026302679918953815	4.454311228579265	0.5373914454802526
0.026302679918953815	5.23335937139747	0.545803721278399
0.026302679918953815	6.14866112957476	0.5503842880053681
0.026302679918953815	7.2240469272891135	0.5310974981521674
0.026302679918953815	8.487515071640402	0.47923361462711744
0.026302679918953815	9.971960705182715	0.43477466159007605
0.026302679918953815	11.716032250472235	0.38147163968486214
0.026302679918953815	13.765137644672505	0.3354128148955432
0.026302679918953815	16.172626562131803	0.25780927191214137
0.026302679918953815	19.001179404798737	0.18725856564704527
0.026302679918953815	22.324439223665383	0.13375869618565017
0.026302679918953815	26.228929059280592	0.08471767408262787
0.026302679918953815	30.816304620431147	0.05049141575535125
0.026302679918953815	36.20600095081629	0.025025813885213893
0.026302679918953815	42.538341991252324	0.010273013282435125
0.026302679918953815	49.97819399670388	0.004342000595738312
0.026302679918953815	58.71925792702087	0.0007842059411294474
0.026302679918953815	68.98911256632039	0.00016552279216274185
0.026302679918953815	81.05513967161784	0.000015526498574935718
0.026302679918953815	95.23148541546583	4.045422435285741e-8
0.026302679918953815	111.88723936789023	2.2190333226254284e-19
0.026302679918953815	131.45604396226818	0.
0.030902954325135904	0.548	0.007323747176874678
0.030902954325135904	0.6438438601068622	0.03418318278594233
0.030902954325135904	0.7564505770023809	0.0756615831216003
0.030902954325135904	0.8887519333526938	0.1133334546675342
0.030902954325135904	1.0441924734438597	0.14747757413075915
0.030902954325135904	1.2268191839354503	0.19812796004477506
0.030902954325135904	1.4413868595586694	0.261243558312667
0.030902954325135904	1.693481897017448	0.31797988531789606
0.030902954325135904	1.9896677401401557	0.3753420942049141
0.030902954325135904	2.3376557630327284	0.3941966120061516
0.030902954325135904	2.7465060402774526	0.42767392454683145
0.030902954325135904	3.226863231348628	0.5210658345637743
0.030902954325135904	3.791233720635773	0.5674905887950552
0.030902954325135904	4.454311228579265	0.5855798746132408
0.030902954325135904	5.23335937139747	0.6019761025138588
0.030902954325135904	6.14866112957476	0.5847622559128268
0.030902954325135904	7.2240469272891135	0.5529559917596865
0.030902954325135904	8.487515071640402	0.5178967537493663
0.030902954325135904	9.971960705182715	0.4644341401009572
0.030902954325135904	11.716032250472235	0.3777652315510831
0.030902954325135904	13.765137644672505	0.30804847065462515
0.030902954325135904	16.172626562131803	0.23816431747562536
0.030902954325135904	19.001179404798737	0.17964747820719904
0.030902954325135904	22.324439223665383	0.10942908462355877
0.030902954325135904	26.228929059280592	0.06334201153662637
0.030902954325135904	30.816304620431147	0.03287575667660049
0.030902954325135904	36.20600095081629	0.01451592565436033
0.030902954325135904	42.538341991252324	0.004734917341768227
0.030902954325135904	49.97819399670388	0.0013266861457117958
0.030902954325135904	58.71925792702087	0.00027048524470063513
0.030902954325135904	68.98911256632039	0.000013117282309046135
0.030902954325135904	81.05513967161784	4.4742615431431294e-8
0.030902954325135904	95.23148541546583	5.257495563553958e-13
0.030902954325135904	111.88723936789023	1.2415498193369563e-18
0.030902954325135904	131.45604396226818	0.
0.03630780547701014	0.548	0.04406366958371472
0.03630780547701014	0.6438438601068622	0.04867869429758208
0.03630780547701014	0.7564505770023809	0.08141752103598723
0.03630780547701014	0.8887519333526938	0.13455031187789587
0.03630780547701014	1.0441924734438597	0.20519277828475105
0.03630780547701014	1.2268191839354503	0.26716437598062925
0.03630780547701014	1.4413868595586694	0.3055250244498543
0.03630780547701014	1.693481897017448	0.3526233928076713
0.03630780547701014	1.9896677401401557	0.43456177435725796
0.03630780547701014	2.3376557630327284	0.4931682157027942
0.03630780547701014	2.7465060402774526	0.5502786403634731
0.03630780547701014	3.226863231348628	0.5998834540912162
0.03630780547701014	3.791233720635773	0.6314047492447848
0.03630780547701014	4.454311228579265	0.643923124387961
0.03630780547701014	5.23335937139747	0.6729999001923137
0.03630780547701014	6.14866112957476	0.632432932930683
0.03630780547701014	7.2240469272891135	0.5945006947541734
0.03630780547701014	8.487515071640402	0.5320869978433586
0.03630780547701014	9.971960705182715	0.4491694014629742
0.03630780547701014	11.716032250472235	0.37184861915548817
0.03630780547701014	13.765137644672505	0.27907084167789525
0.03630780547701014	16.172626562131803	0.1986537589101585
0.03630780547701014	19.001179404798737	0.12829241332918417
0.03630780547701014	22.324439223665383	0.07783028966647514
0.03630780547701014	26.228929059280592	0.04059866813899971
0.03630780547701014	30.816304620431147	0.019132574215505297
0.03630780547701014	36.20600095081629	0.006195605486117057
0.03630780547701014	42.538341991252324	0.0015537948552644463
0.03630780547701014	49.97819399670388	0.00037722164540583464
0.03630780547701014	58.71925792702087	0.000058644649824510326
0.03630780547701014	68.98911256632039	0.000010207748342459173
0.03630780547701014	81.05513967161784	7.342945596494319e-8
0.03630780547701014	95.23148541546583	0.
0.03630780547701014	111.88723936789023	0.
0.03630780547701014	131.45604396226818	0.
0.04265795188015928	0.548	0.04960173391819154
0.04265795188015928	0.6438438601068622	0.052159703873795024
0.04265795188015928	0.7564505770023809	0.10546657078700569
0.04265795188015928	0.8887519333526938	0.164350820725417
0.04265795188015928	1.0441924734438597	0.2392345542251607
0.04265795188015928	1.2268191839354503	0.2931404121592475
0.04265795188015928	1.4413868595586694	0.3283823874507617
0.04265795188015928	1.693481897017448	0.38708207927511284
0.04265795188015928	1.9896677401401557	0.4726322628505227
0.04265795188015928	2.3376557630327284	0.5432604595010495
0.04265795188015928	2.7465060402774526	0.5951364290051613
0.04265795188015928	3.226863231348628	0.6349080447053165
0.04265795188015928	3.791233720635773	0.7086019507967624
0.04265795188015928	4.454311228579265	0.7250169178822272
0.04265795188015928	5.23335937139747	0.7032339117726727
0.04265795188015928	6.14866112957476	0.6623858500493349
0.04265795188015928	7.2240469272891135	0.6008492743695457
0.04265795188015928	8.487515071640402	0.5188515835834889
0.04265795188015928	9.971960705182715	0.42177383311058575
0.04265795188015928	11.716032250472235	0.3233338998182536
0.04265795188015928	13.765137644672505	0.23742367725786334
0.04265795188015928	16.172626562131803	0.15550141645970905
0.04265795188015928	19.001179404798737	0.09844436175476969
0.04265795188015928	22.324439223665383	0.05111485925786886
0.04265795188015928	26.228929059280592	0.02074358399723607
0.04265795188015928	30.816304620431147	0.009023189974855858
0.04265795188015928	36.20600095081629	0.0026640167408680353
0.04265795188015928	42.538341991252324	0.00048729762831992087
0.04265795188015928	49.97819399670388	0.00007849711301284212
0.04265795188015928	58.71925792702087	2.086922872166924e-6
0.04265795188015928	68.98911256632039	1.425772742016173e-9
0.04265795188015928	81.05513967161784	0.
0.04265795188015928	95.23148541546583	2.8192243659453113e-20
0.04265795188015928	111.88723936789023	2.708926845224984e-19
0.04265795188015928	131.45604396226818	0.
0.05011872336272725	0.548	0.03833861645305423
0.05011872336272725	0.6438438601068622	0.0685693939833535
0.05011872336272725	0.7564505770023809	0.13341444311477857
0.05011872336272725	0.8887519333526938	0.195454667743665
0.05011872336272725	1.0441924734438597	0.2626687505823373
0.05011872336272725	1.2268191839354503	0.33338220037644833
0.05011872336272725	1.4413868595586694	0.37736015225609826
0.05011872336272725	1.693481897017448	0.4639950004650974
0.05011872336272725	1.9896677401401557	0.5400131291695778
0.05011872336272725	2.3376557630327284	0.6136137899043088
0.05011872336272725	2.7465060402774526	0.6880837200140276
0.05011872336272725	3.226863231348628	0.7432538280306806
0.05011872336272725	3.791233720635773	0.770782976157348
0.05011872336272725	4.454311228579265	0.7678842570059675
0.05011872336272725	5.23335937139747	0.7310865719547703
0.05011872336272725	6.14866112957476	0.6674968462358337
0.05011872336272725	7.2240469272891135	0.6016359737266687
0.05011872336272725	8.487515071640402	0.4948557610147302
0.05011872336272725	9.971960705182715	0.3822761659019547
0.05011872336272725	11.716032250472235	0.2715957168890618
0.05011872336272725	13.765137644672505	0.18365512493556022
0.05011872336272725	16.172626562131803	0.11015312349739628
0.05011872336272725	19.001179404798737	0.06002522223758204
0.05011872336272725	22.324439223665383	0.028363697635121803
0.05011872336272725	26.228929059280592	0.009926711646807631
0.05011872336272725	30.816304620431147	0.0026237349358592126
0.05011872336272725	36.20600095081629	0.0005730381726308724
0.05011872336272725	42.538341991252324	0.00007982072959873777
0.05011872336272725	49.97819399670388	3.4267289286636504e-6
0.05011872336272725	58.71925792702087	1.626734147391594e-8
0.05011872336272725	68.98911256632039	2.2069581894175252e-13
0.05011872336272725	81.05513967161784	0.
0.05011872336272725	95.23148541546583	0.
0.05011872336272725	111.88723936789023	0.
0.05011872336272725	131.45604396226818	0.
0.0588843655355589	0.548	0.043752831917043364
0.0588843655355589	0.6438438601068622	0.08427392572005994
0.0588843655355589	0.7564505770023809	0.1462281171088643
0.0588843655355589	0.8887519333526938	0.21315906319384256
0.0588843655355589	1.0441924734438597	0.28883306702589306
0.0588843655355589	1.2268191839354503	0.38028505567619403
0.0588843655355589	1.4413868595586694	0.46515519756638973
0.0588843655355589	1.693481897017448	0.547738959497058
0.0588843655355589	1.9896677401401557	0.6178842090719875
0.0588843655355589	2.3376557630327284	0.6999324472880317
0.0588843655355589	2.7465060402774526	0.7816725939428495
0.0588843655355589	3.226863231348628	0.8143544404558425
0.0588843655355589	3.791233720635773	0.8398006615088727
0.0588843655355589	4.454311228579265	0.8120953482281554
0.0588843655355589	5.23335937139747	0.7645151632961188
0.0588843655355589	6.14866112957476	0.6620597317899216
0.0588843655355589	7.2240469272891135	0.5458344495986793
0.0588843655355589	8.487515071640402	0.42226238827104684
0.0588843655355589	9.971960705182715	0.3014555426833745
0.0588843655355589	11.716032250472235	0.2055606557425669
0.0588843655355589	13.765137644672505	0.12255876867587442
0.0588843655355589	16.172626562131803	0.065704012561315
0.0588843655355589	19.001179404798737	0.02956867506792769
0.0588843655355589	22.324439223665383	0.011719241288979672
0.0588843655355589	26.228929059280592	0.0029225067618575628
0.0588843655355589	30.816304620431147	0.000649804711348466
0.0588843655355589	36.20600095081629	0.00011161225251242941
0.0588843655355589	42.538341991252324	1.4931027203691535e-6
0.0588843655355589	49.97819399670388	4.446400991862623e-10
0.0588843655355589	58.71925792702087	7.2650292022439e-20
0.0588843655355589	68.98911256632039	5.566454056324853e-19
0.0588843655355589	81.05513967161784	9.11459381130995e-19
0.0588843655355589	95.23148541546583	7.934279662360526e-19
0.0588843655355589	111.88723936789023	1.0910846723766283e-18
0.0588843655355589	131.45604396226818	0.
0.06918309709189366	0.548	0.05164293879663743
0.06918309709189366	0.6438438601068622	0.09021735005398526
0.06918309709189366	0.7564505770023809	0.18358584206813683
0.06918309709189366	0.8887519333526938	0.25223170152349456
0.06918309709189366	1.0441924734438597	0.3538335175312593
0.06918309709189366	1.2268191839354503	0.43044010613337097
0.06918309709189366	1.4413868595586694	0.5530869210636783
0.06918309709189366	1.693481897017448	0.6479496535767936
0.06918309709189366	1.9896677401401557	0.7027864734192169
0.06918309709189366	2.3376557630327284	0.795331212697859
0.06918309709189366	2.7465060402774526	0.8380974222761561
0.06918309709189366	3.226863231348628	0.8752561601169215
0.06918309709189366	3.791233720635773	0.8659526281756624
0.06918309709189366	4.454311228579265	0.8477271649167935
0.06918309709189366	5.23335937139747	0.7397579509667306
0.06918309709189366	6.14866112957476	0.6047746372889439
0.06918309709189366	7.2240469272891135	0.47810336624379457
0.06918309709189366	8.487515071640402	0.3533525313821718
0.06918309709189366	9.971960705182715	0.238405504438426
0.06918309709189366	11.716032250472235	0.13669131001681212
0.06918309709189366	13.765137644672505	0.0719450696681412
0.06918309709189366	16.172626562131803	0.034588382329170476
0.06918309709189366	19.001179404798737	0.012462839633410489
0.06918309709189366	22.324439223665383	0.003517753295337971
0.06918309709189366	26.228929059280592	0.0006622626778676277
0.06918309709189366	30.816304620431147	0.00009373251182947171
0.06918309709189366	36.20600095081629	0.00002846303651721762
0.06918309709189366	42.538341991252324	5.131851007704609e-6
0.06918309709189366	49.97819399670388	1.1975684230065515e-8
0.06918309709189366	58.71925792702087	1.1587292869503192e-20
0.06918309709189366	68.98911256632039	1.0998719531843364e-19
0.06918309709189366	81.05513967161784	6.665575554015333e-20
0.06918309709189366	95.23148541546583	9.765910625437203e-20
0.06918309709189366	111.88723936789023	4.5699421645506284e-20
0.06918309709189366	131.45604396226818	0.
0.08128305161640995	0.548	0.0684275638758646
0.08128305161640995	0.6438438601068622	0.12167068975526124
0.08128305161640995	0.7564505770023809	0.21753555942108818
0.08128305161640995	0.8887519333526938	0.29841672513629114
0.08128305161640995	1.0441924734438597	0.40288417423025635
0.08128305161640995	1.2268191839354503	0.48521713628384955
0.08128305161640995	1.4413868595586694	0.5895277798782647
0.08128305161640995	1.693481897017448	0.6887305244054762
0.08128305161640995	1.9896677401401557	0.8076842046263476
0.08128305161640995	2.3376557630327284	0.8963364477155172
0.08128305161640995	2.7465060402774526	0.8991327927296302
0.08128305161640995	3.226863231348628	0.9187502539236381
0.08128305161640995	3.791233720635773	0.8741369578382205
0.08128305161640995	4.454311228579265	0.785235348712614
0.08128305161640995	5.23335937139747	0.6784742317129117
0.08128305161640995	6.14866112957476	0.5207887499899088
0.08128305161640995	7.2240469272891135	0.3841668358859689
0.08128305161640995	8.487515071640402	0.25318552036011877
0.08128305161640995	9.971960705182715	0.15560397272922422
0.08128305161640995	11.716032250472235	0.08545746871602415
0.08128305161640995	13.765137644672505	0.039588898365791804
0.08128305161640995	16.172626562131803	0.01405704429450345
0.08128305161640995	19.001179404798737	0.0038398045830273426
0.08128305161640995	22.324439223665383	0.0009659589175079043
0.08128305161640995	26.228929059280592	0.00011919223223163967
0.08128305161640995	30.816304620431147	1.3564384066145805e-6
0.08128305161640995	36.20600095081629	4.335392146487884e-10
0.08128305161640995	42.538341991252324	7.74511694527528e-15
0.08128305161640995	49.97819399670388	0.
0.08128305161640995	58.71925792702087	1.154288166303514e-18
0.08128305161640995	68.98911256632039	1.840356217682714e-18
0.08128305161640995	81.05513967161784	1.4581452888466406e-18
0.08128305161640995	95.23148541546583	1.1913392050793152e-18
0.08128305161640995	111.88723936789023	1.2829272365402614e-18
0.08128305161640995	131.45604396226818	0.
0.09549925860214359	0.548	0.07758530246117919
0.09549925860214359	0.6438438601068622	0.1381871144908647
0.09549925860214359	0.7564505770023809	0.24159212286780574
0.09549925860214359	0.8887519333526938	0.34746699955428567
0.09549925860214359	1.0441924734438597	0.44994781347859625
0.09549925860214359	1.2268191839354503	0.5662883866818204
0.09549925860214359	1.4413868595586694	0.6651547033518341
0.09549925860214359	1.693481897017448	0.7826957365929783
0.09549925860214359	1.9896677401401557	0.8732463299292674
0.09549925860214359	2.3376557630327284	0.9345159964940193
0.09549925860214359	2.7465060402774526	0.9271267342926763
0.09549925860214359	3.226863231348628	0.9076489852624623
0.09549925860214359	3.791233720635773	0.8429437093959008
0.09549925860214359	4.454311228579265	0.7290977129477166
0.09549925860214359	5.23335937139747	0.5798875363536957
0.09549925860214359	6.14866112957476	0.43321090183276845
0.09549925860214359	7.2240469272891135	0.2891734129210291
0.09549925860214359	8.487515071640402	0.1695116772783335
0.09549925860214359	9.971960705182715	0.092492465041782
0.09549925860214359	11.716032250472235	0.041593299518064966
0.09549925860214359	13.765137644672505	0.01620259670718352
0.09549925860214359	16.172626562131803	0.004420607336352582
0.09549925860214359	19.001179404798737	0.0008418533733033409
0.09549925860214359	22.324439223665383	0.00016719702398402752
0.09549925860214359	26.228929059280592	0.000016760553926993926
0.09549925860214359	30.816304620431147	1.0532589470443798e-7
0.09549925860214359	36.20600095081629	2.2867127888286405e-13
0.09549925860214359	42.538341991252324	4.010327404810686e-20
0.09549925860214359	49.97819399670388	0.
0.09549925860214359	58.71925792702087	0.
0.09549925860214359	68.98911256632039	2.979226760822381e-19
0.09549925860214359	81.05513967161784	1.4706470261802212e-19
0.09549925860214359	95.23148541546583	4.739327087162463e-19
0.09549925860214359	111.88723936789023	1.9713193421104074e-19
0.09549925860214359	131.45604396226818	0.
0.11220184543019636	0.548	0.073225571378897
0.11220184543019636	0.6438438601068622	0.14594986340181637
0.11220184543019636	0.7564505770023809	0.28517280743173856
0.11220184543019636	0.8887519333526938	0.38433424677301065
0.11220184543019636	1.0441924734438597	0.5007455856188959
0.11220184543019636	1.2268191839354503	0.6339000299722407
0.11220184543019636	1.4413868595586694	0.7598422089139333
0.11220184543019636	1.693481897017448	0.8522352693544184
0.11220184543019636	1.9896677401401557	0.9060761566385137
0.11220184543019636	2.3376557630327284	0.944889316837131
0.11220184543019636	2.7465060402774526	0.9427688398791394
0.11220184543019636	3.226863231348628	0.8901032751228076
0.11220184543019636	3.791233720635773	0.7606290735319367
0.11220184543019636	4.454311228579265	0.6221840422018369
0.11220184543019636	5.23335937139747	0.4732201457631347
0.11220184543019636	6.14866112957476	0.31802222187520435
0.11220184543019636	7.2240469272891135	0.18793962123216687
0.11220184543019636	8.487515071640402	0.1001336942540867
0.11220184543019636	9.971960705182715	0.043686966959822014
0.11220184543019636	11.716032250472235	0.01596440687739024
0.11220184543019636	13.765137644672505	0.004361704258380249
0.11220184543019636	16.172626562131803	0.0008990963863937001
0.11220184543019636	19.001179404798737	0.00016436282114582512
0.11220184543019636	22.324439223665383	4.974597777304109e-6
0.11220184543019636	26.228929059280592	4.4401127238800855e-9
0.11220184543019636	30.816304620431147	0.
0.11220184543019636	36.20600095081629	2.4353903978361014e-20
0.11220184543019636	42.538341991252324	4.941590283969711e-19
0.11220184543019636	49.97819399670388	2.609162265454809e-19
0.11220184543019636	58.71925792702087	1.079473160854153e-18
0.11220184543019636	68.98911256632039	9.178494124461177e-19
0.11220184543019636	81.05513967161784	9.636331111085094e-19
0.11220184543019636	95.23148541546583	1.5359899384803297e-18
0.11220184543019636	111.88723936789023	1.1850171218705437e-18
0.11220184543019636	131.45604396226818	0.
0.13182567385564073	0.548	0.08489065963948327
0.13182567385564073	0.6438438601068622	0.19132776338752858
0.13182567385564073	0.7564505770023809	0.35951200415692297
0.13182567385564073	0.8887519333526938	0.4615618173717496
0.13182567385564073	1.0441924734438597	0.6072210894138024
0.13182567385564073	1.2268191839354503	0.7198632916708065
0.13182567385564073	1.4413868595586694	0.8078754677496771
0.13182567385564073	1.693481897017448	0.9008256068420545
0.13182567385564073	1.9896677401401557	0.9806329054371123
0.13182567385564073	2.3376557630327284	0.9608556615580968
0.13182567385564073	2.7465060402774526	0.8875666044982298
0.13182567385564073	3.226863231348628	0.7686843755796235
0.13182567385564073	3.791233720635773	0.6452999796124574
0.13182567385564073	4.454311228579265	0.49958501805061506
0.13182567385564073	5.23335937139747	0.33364418789926054
0.13182567385564073	6.14866112957476	0.2083980182910699
0.13182567385564073	7.2240469272891135	0.11065513409318052
0.13182567385564073	8.487515071640402	0.04795980849257761
0.13182567385564073	9.971960705182715	0.017628617372386687
0.13182567385564073	11.716032250472235	0.006201683973018523
0.13182567385564073	13.765137644672505	0.001151117569928599
0.13182567385564073	16.172626562131803	0.000110083454220587
0.13182567385564073	19.001179404798737	3.1096700183034715e-6
0.13182567385564073	22.324439223665383	7.559400303531148e-9
0.13182567385564073	26.228929059280592	1.305951161134686e-12
0.13182567385564073	30.816304620431147	0.
0.13182567385564073	36.20600095081629	0.
0.13182567385564073	42.538341991252324	2.6434629171344364e-20
0.13182567385564073	49.97819399670388	0.
0.13182567385564073	58.71925792702087	0.
0.13182567385564073	68.98911256632039	0.
0.13182567385564073	81.05513967161784	7.614940078781455e-19
0.13182567385564073	95.23148541546583	9.078928925702539e-19
0.13182567385564073	111.88723936789023	4.516612890591263e-19
0.13182567385564073	131.45604396226818	0.
0.1548816618912482	0.548	0.1093159377640368
0.1548816618912482	0.6438438601068622	0.20476542803915262
0.1548816618912482	0.7564505770023809	0.37082220606428046
0.1548816618912482	0.8887519333526938	0.5224938101972676
0.1548816618912482	1.0441924734438597	0.6524575113639143
0.1548816618912482	1.2268191839354503	0.7651554216931474
0.1548816618912482	1.4413868595586694	0.8722743843046123
0.1548816618912482	1.693481897017448	0.962869970491609
0.1548816618912482	1.9896677401401557	0.9646728717091119
0.1548816618912482	2.3376557630327284	0.9095367590392929
0.1548816618912482	2.7465060402774526	0.8051551226887702
0.1548816618912482	3.226863231348628	0.6731389043941716
0.1548816618912482	3.791233720635773	0.5069002057816754
0.1548816618912482	4.454311228579265	0.3589678530869914
0.1548816618912482	5.23335937139747	0.22030784222976743
0.1548816618912482	6.14866112957476	0.11810498744135783
0.1548816618912482	7.2240469272891135	0.05546493380585568
0.1548816618912482	8.487515071640402	0.019894817621386215
0.1548816618912482	9.971960705182715	0.005788581460016547
0.1548816618912482	11.716032250472235	0.0011255293687320686
0.1548816618912482	13.765137644672505	0.00017466300305875895
0.1548816618912482	16.172626562131803	6.7511037769922065e-6
0.1548816618912482	19.001179404798737	7.1839978004737116e-9
0.1548816618912482	22.324439223665383	1.4581841502395625e-13
0.1548816618912482	26.228929059280592	4.4888495417836295e-19
0.1548816618912482	30.816304620431147	3.2718597980216627e-19
0.1548816618912482	36.20600095081629	1.5108764155296245e-18
0.1548816618912482	42.538341991252324	1.6363897482489262e-18
0.1548816618912482	49.97819399670388	6.946928153905481e-19
0.1548816618912482	58.71925792702087	5.963119456826201e-19
0.1548816618912482	68.98911256632039	6.932288055544779e-19
0.1548816618912482	81.05513967161784	4.604592003901749e-19
0.1548816618912482	95.23148541546583	5.450670239671651e-19
0.1548816618912482	111.88723936789023	1.8092168460594418e-19
0.1548816618912482	131.45604396226818	0.
0.18197008586099844	0.548	0.12681932838547888
0.18197008586099844	0.6438438601068622	0.2386781652553618
0.18197008586099844	0.7564505770023809	0.43406357875822116
0.18197008586099844	0.8887519333526938	0.5927819610471766
0.18197008586099844	1.0441924734438597	0.722941578982114
0.18197008586099844	1.2268191839354503	0.8180450955067738
0.18197008586099844	1.4413868595586694	0.9164295036880954
0.18197008586099844	1.693481897017448	0.9248165319046907
0.18197008586099844	1.9896677401401557	0.899390529885981
0.18197008586099844	2.3376557630327284	0.8058558339479187
0.18197008586099844	2.7465060402774526	0.6787251993396191
0.18197008586099844	3.226863231348628	0.5227656402705364
0.18197008586099844	3.791233720635773	0.36732664157103395
0.18197008586099844	4.454311228579265	0.23013779694647707
0.18197008586099844	5.23335937139747	0.12140311694225227
0.18197008586099844	6.14866112957476	0.053564094757179395
0.18197008586099844	7.2240469272891135	0.019636244985043703
0.18197008586099844	8.487515071640402	0.005390386188705513
0.18197008586099844	9.971960705182715	0.0011179864640122725
0.18197008586099844	11.716032250472235	0.0002064936540138471
0.18197008586099844	13.765137644672505	7.0489206069437565e-6
0.18197008586099844	16.172626562131803	6.654024715608176e-9
0.18197008586099844	19.001179404798737	2.065141154283697e-18
0.18197008586099844	22.324439223665383	4.429542071913987e-19
0.18197008586099844	26.228929059280592	5.49511007110041e-19
0.18197008586099844	30.816304620431147	1.2291077950088665e-19
0.18197008586099844	36.20600095081629	2.3369847124992807e-19
0.18197008586099844	42.538341991252324	1.5731569539660235e-19
0.18197008586099844	49.97819399670388	6.727827357000947e-20
0.18197008586099844	58.71925792702087	2.6604562077567156e-19
0.18197008586099844	68.98911256632039	2.7560593005741027e-19
0.18197008586099844	81.05513967161784	2.0057299865301165e-19
0.18197008586099844	95.23148541546583	4.216966120592697e-19
0.18197008586099844	111.88723936789023	1.7097453561492705e-19
0.18197008586099844	131.45604396226818	0.
0.21379620895022325	0.548	0.
0.21379620895022325	0.6438438601068622	0.
0.21379620895022325	0.7564505770023809	0.
0.21379620895022325	0.8887519333526938	0.
0.21379620895022325	1.0441924734438597	0.
0.21379620895022325	1.2268191839354503	0.
0.21379620895022325	1.4413868595586694	0.
0.21379620895022325	1.693481897017448	0.
0.21379620895022325	1.9896677401401557	0.
0.21379620895022325	2.3376557630327284	0.
0.21379620895022325	2.7465060402774526	0.
0.21379620895022325	3.226863231348628	0.
0.21379620895022325	3.791233720635773	0.
0.21379620895022325	4.454311228579265	0.
0.21379620895022325	5.23335937139747	0.
0.21379620895022325	6.14866112957476	0.
0.21379620895022325	7.2240469272891135	0.
0.21379620895022325	8.487515071640402	0.
0.21379620895022325	9.971960705182715	0.
0.21379620895022325	11.716032250472235	0.
0.21379620895022325	13.765137644672505	0.
0.21379620895022325	16.172626562131803	0.
0.21379620895022325	19.001179404798737	0.
0.21379620895022325	22.324439223665383	0.
0.21379620895022325	26.228929059280592	0.
0.21379620895022325	30.816304620431147	0.
0.21379620895022325	36.20600095081629	0.
0.21379620895022325	42.538341991252324	0.
0.21379620895022325	49.97819399670388	0.
0.21379620895022325	58.71925792702087	0.
0.21379620895022325	68.98911256632039	0.
0.21379620895022325	81.05513967161784	0.
0.21379620895022325	95.23148541546583	0.
0.21379620895022325	111.88723936789023	0.
0.21379620895022325	131.45604396226818	0.
0.25118864315095807	0.548	0.
0.25118864315095807	0.6438438601068622	0.
0.25118864315095807	0.7564505770023809	0.
0.25118864315095807	0.8887519333526938	0.
0.25118864315095807	1.0441924734438597	0.
0.25118864315095807	1.2268191839354503	0.
0.25118864315095807	1.4413868595586694	0.
0.25118864315095807	1.693481897017448	0.
0.25118864315095807	1.9896677401401557	0.
0.25118864315095807	2.3376557630327284	0.
0.25118864315095807	2.7465060402774526	0.
0.25118864315095807	3.226863231348628	0.
0.25118864315095807	3.791233720635773	0.
0.25118864315095807	4.454311228579265	0.
0.25118864315095807	5.23335937139747	0.
0.25118864315095807	6.14866112957476	0.
0.25118864315095807	7.2240469272891135	0.
0.25118864315095807	8.487515071640402	0.
0.25118864315095807	9.971960705182715	0.
0.25118864315095807	11.716032250472235	0.
0.25118864315095807	13.765137644672505	0.
0.25118864315095807	16.172626562131803	0.
0.25118864315095807	19.001179404798737	0.
0.25118864315095807	22.324439223665383	0.
0.25118864315095807	26.228929059280592	0.
0.25118864315095807	30.816304620431147	0.
0.25118864315095807	36.20600095081629	0.
0.25118864315095807	42.538341991252324	0.
0.25118864315095807	49.97819399670388	0.
0.25118864315095807	58.71925792702087	0.
0.25118864315095807	68.98911256632039	0.
0.25118864315095807	81.05513967161784	0.
0.25118864315095807	95.23148541546583	0.
0.25118864315095807	111.88723936789023	0.
0.25118864315095807	131.45604396226818	0.