0.00001	0.1350934627642213	4.321657641833575e-10
0.00001	0.15872097908999802	1.3890189316140175e-6
0.00001	0.18648089025044684	0.0002412844676768233
0.00001	0.21909594199819674	0.00040801213087159635
0.00001	0.2574152865508543	2.2514134465208973e-6
0.00001	0.30243659077265717	2.2688986430541237e-7
0.00001	0.35533201102304196	0.00010344768441058042
0.00001	0.417478710942718	0.00018676791208867605
0.00001	0.49049471672590594	0.00005093942413340531
0.00001	0.5762810433920241	0.000025794107936927334
0.00001	0.6770711888392901	0.00021989711094522573
0.00001	0.7954892842872823	0.00016215767055159273
0.00001	0.9346184150897244	0.00024423770728096336
0.00001	1.0980808906903756	0.00019795692853447124
0.00001	1.290132553597943	0.00015363091958780662
0.00001	1.5157735827701146	0.00014229455375068287
0.00001	1.7808786762385385	0.0002453993856120972
0.00001	2.0923500023566053	0.00030555374032763055
0.00001	2.4582969018464946	0.0002469667313609461
0.00001	2.8882470192948664	0.00025384851929989187
0.00001	3.393394361030923	0.0003767047942228111
0.00001	3.9868907377208194	0.000258416225042499
0.00001	4.6841881795592455	0.0001889898665753773
0.00001	5.5034412390408045	0.00025443448855224266
0.00001	6.465979655502418	0.00022360504717907178
0.00001	7.596863687538533	0.00023680289741776083
0.00001	8.925536571697922	0.00021357017608760056
0.00001	10.486591094611235	0.00020248072038818267
0.00001	12.320670236709386	0.00020461859770600066
0.00001	14.475525336326095	0.00015335629691882031
0.00001	17.007259324114735	0.00017287244044563528
0.00001	19.98178739612493	0.00016224585083111074
0.00001	23.47655315502868	0.00015048653900481777
0.00001	27.582544900251083	0.0001165214825296724
0.00001	32.40666456231481	0.00009499816174729355
0.00001	38.07451095800916	0.00005619823137700515
0.00001	44.73364983008331	0.0000451590375946741
0.00001	52.55745580888596	0.00003058931531628043
0.00001	61.74962632370247	0.000011830422966762833
0.00001	72.54948498614769	8.613882903751528e-6
0.00001	85.238212522347	2.8052873016206385e-6
0.00001	100.14616747992149	1.8839199495160162e-6
0.00001	102.5731176646924	1.712127261471929e-6
0.00001	105.91789324071497	1.5292170729312126e-6
0.00001	109.26266881673756	1.5657129016266667e-6
0.00001	111.49251920075261	1.5874500060306784e-6
0.00003	0.1350934627642213	1.2964972925500725e-9
0.00003	0.15872097908999802	4.1670567948420525e-6
0.00003	0.18648089025044684	0.0007238534030304699
0.00003	0.21909594199819674	0.0012240363926147892
0.00003	0.2574152865508543	6.754240339562692e-6
0.00003	0.30243659077265717	6.806695929162371e-7
0.00003	0.35533201102304196	0.00031034305323174126
0.00003	0.417478710942718	0.0005603037362660282
0.00003	0.49049471672590594	0.00015281827240021595
0.00003	0.5762810433920241	0.000077382323810782
0.00003	0.6770711888392901	0.0006596913328356772
0.00003	0.7954892842872823	0.0004864730116547782
0.00003	0.9346184150897244	0.0007327131218428902
0.00003	1.0980808906903756	0.0005938707856034137
0.00003	1.290132553597943	0.0004608927587634199
0.00003	1.5157735827701146	0.0004268836612520486
0.00003	1.7808786762385385	0.0007361981568362916
0.00003	2.0923500023566053	0.0009166612209828916
0.00003	2.4582969018464946	0.0007409001940828384
0.00003	2.8882470192948664	0.0007615455578996756
0.00003	3.393394361030923	0.0011301143826684334
0.00003	3.9868907377208194	0.0007752486751274971
0.00003	4.6841881795592455	0.0005669695997261319
0.00003	5.5034412390408045	0.000763303465656728
0.00003	6.465979655502418	0.0006708151415372154
0.00003	7.596863687538533	0.0007104086922532825
0.00003	8.925536571697922	0.0006407105282628017
0.00003	10.486591094611235	0.0006074421611645481
0.00003	12.320670236709386	0.000613855793118002
0.00003	14.475525336326095	0.00046006889075646094
0.00003	17.007259324114735	0.0005186173213369058
0.00003	19.98178739612493	0.0004867375524933322
0.00003	23.47655315502868	0.00045145961701445334
0.00003	27.582544900251083	0.00034956444758901724
0.00003	32.40666456231481	0.0002849944852418807
0.00003	38.07451095800916	0.00016859469413101546
0.00003	44.73364983008331	0.0001354771127840223
0.00003	52.55745580888596	0.0000917679459488413
0.00003	61.74962632370247	0.0000354912689002885
0.00003	72.54948498614769	0.000025841648711254587
0.00003	85.238212522347	8.415861904861916e-6
0.00003	100.14616747992149	5.651759848548049e-6
0.00003	102.5731176646924	5.136381784415788e-6
0.00003	105.91789324071497	4.587651218793638e-6
0.00003	109.26266881673756	4.69713870488e-6
0.00003	111.49251920075261	4.762350018092036e-6
0.00006	0.1350934627642213	2.592994585100145e-9
0.00006	0.15872097908999802	8.334113589684105e-6
0.00006	0.18648089025044684	0.0014477068060609398
0.00006	0.21909594199819674	0.0024480727852295783
0.00006	0.2574152865508543	0.000013508480679125384
0.00006	0.30243659077265717	1.3613391858324743e-6
0.00006	0.35533201102304196	0.0006206861064634825
0.00006	0.417478710942718	0.0011206074725320565
0.00006	0.49049471672590594	0.0003056365448004319
0.00006	0.5762810433920241	0.000154764647621564
0.00006	0.6770711888392901	0.0013193826656713544
0.00006	0.7954892842872823	0.0009729460233095564
0.00006	0.9346184150897244	0.0014654262436857805
0.00006	1.0980808906903756	0.0011877415712068275
0.00006	1.290132553597943	0.0009217855175268398
0.00006	1.5157735827701146	0.0008537673225040972
0.00006	1.7808786762385385	0.0014723963136725833
0.00006	2.0923500023566053	0.0018333224419657833
0.00006	2.4582969018464946	0.0014818003881656768
0.00006	2.8882470192948664	0.0015230911157993513
0.00006	3.393394361030923	0.0022602287653368668
0.00006	3.9868907377208194	0.0015504973502549941
0.00006	4.6841881795592455	0.0011339391994522638
0.00006	5.5034412390408045	0.001526606931313456
0.00006	6.465979655502418	0.0013416302830744308
0.00006	7.596863687538533	0.001420817384506565
0.00006	8.925536571697922	0.0012814210565256035
0.00006	10.486591094611235	0.0012148843223290962
0.00006	12.320670236709386	0.001227711586236004
0.00006	14.475525336326095	0.0009201377815129219
0.00006	17.007259324114735	0.0010372346426738117
0.00006	19.98178739612493	0.0009734751049866644
0.00006	23.47655315502868	0.0009029192340289067
0.00006	27.582544900251083	0.0006991288951780345
0.00006	32.40666456231481	0.0005699889704837614
0.00006	38.07451095800916	0.0003371893882620309
0.00006	44.73364983008331	0.0002709542255680446
0.00006	52.55745580888596	0.0001835358918976826
0.00006	61.74962632370247	0.000070982537800577
0.00006	72.54948498614769	0.000051683297422509174
0.00006	85.238212522347	0.000016831723809723832
0.00006	100.14616747992149	0.000011303519697096098
0.00006	102.5731176646924	0.000010272763568831576
0.00006	105.91789324071497	9.175302437587275e-6
0.00006	109.26266881673756	9.39427740976e-6
0.00006	111.49251920075261	9.524700036184072e-6
0.0001	0.1350934627642213	4.321657641833575e-9
0.0001	0.15872097908999802	0.000013890189316140175
0.0001	0.18648089025044684	0.002412844676768233
0.0001	0.21909594199819674	0.004080121308715964
0.0001	0.2574152865508543	0.00002251413446520897
0.0001	0.30243659077265717	2.268898643054124e-6
0.0001	0.35533201102304196	0.0010344768441058042
0.0001	0.417478710942718	0.0018676791208867606
0.0001	0.49049471672590594	0.0005093942413340531
0.0001	0.5762810433920241	0.00025794107936927334
0.0001	0.6770711888392901	0.0021989711094522572
0.0001	0.7954892842872823	0.0016215767055159274
0.0001	0.9346184150897244	0.002442377072809634
0.0001	1.0980808906903756	0.0019795692853447123
0.0001	1.290132553597943	0.0015363091958780662
0.0001	1.5157735827701146	0.0014229455375068287
0.0001	1.7808786762385385	0.002453993856120972
0.0001	2.0923500023566053	0.0030555374032763052
0.0001	2.4582969018464946	0.0024696673136094614
0.0001	2.8882470192948664	0.002538485192998919
0.0001	3.393394361030923	0.0037670479422281114
0.0001	3.9868907377208194	0.0025841622504249903
0.0001	4.6841881795592455	0.001889898665753773
0.0001	5.5034412390408045	0.0025443448855224267
0.0001	6.465979655502418	0.002236050471790718
0.0001	7.596863687538533	0.0023680289741776083
0.0001	8.925536571697922	0.0021357017608760057
0.0001	10.486591094611235	0.0020248072038818268
0.0001	12.320670236709386	0.0020461859770600065
0.0001	14.475525336326095	0.0015335629691882032
0.0001	17.007259324114735	0.0017287244044563528
0.0001	19.98178739612493	0.0016224585083111074
0.0001	23.47655315502868	0.0015048653900481778
0.0001	27.582544900251083	0.0011652148252967241
0.0001	32.40666456231481	0.0009499816174729355
0.0001	38.07451095800916	0.0005619823137700514
0.0001	44.73364983008331	0.000451590375946741
0.0001	52.55745580888596	0.00030589315316280433
0.0001	61.74962632370247	0.00011830422966762832
0.0001	72.54948498614769	0.00008613882903751528
0.0001	85.238212522347	0.000028052873016206386
0.0001	100.14616747992149	0.000018839199495160165
0.0001	102.5731176646924	0.00001712127261471929
0.0001	105.91789324071497	0.000015292170729312126
0.0001	109.26266881673756	0.000015657129016266667
0.0001	111.49251920075261	0.000015874500060306786
0.0003	0.1350934627642213	1.2964972925500725e-8
0.0003	0.15872097908999802	0.000041670567948420525
0.0003	0.18648089025044684	0.0072385340303046984
0.0003	0.21909594199819674	0.01224036392614789
0.0003	0.2574152865508543	0.0000675424033956269
0.0003	0.30243659077265717	6.806695929162371e-6
0.0003	0.35533201102304196	0.0031034305323174123
0.0003	0.417478710942718	0.005603037362660281
0.0003	0.49049471672590594	0.0015281827240021591
0.0003	0.5762810433920241	0.00077382323810782
0.0003	0.6770711888392901	0.006596913328356772
0.0003	0.7954892842872823	0.004864730116547781
0.0003	0.9346184150897244	0.007327131218428901
0.0003	1.0980808906903756	0.0059387078560341365
0.0003	1.290132553597943	0.004608927587634198
0.0003	1.5157735827701146	0.0042688366125204855
0.0003	1.7808786762385385	0.007361981568362915
0.0003	2.0923500023566053	0.009166612209828916
0.0003	2.4582969018464946	0.007409001940828382
0.0003	2.8882470192948664	0.007615455578996755
0.0003	3.393394361030923	0.011301143826684333
0.0003	3.9868907377208194	0.00775248675127497
0.0003	4.6841881795592455	0.005669695997261318
0.0003	5.5034412390408045	0.00763303465656728
0.0003	6.465979655502418	0.006708151415372153
0.0003	7.596863687538533	0.007104086922532824
0.0003	8.925536571697922	0.006407105282628016
0.0003	10.486591094611235	0.00607442161164548
0.0003	12.320670236709386	0.00613855793118002
0.0003	14.475525336326095	0.004600688907564609
0.0003	17.007259324114735	0.005186173213369058
0.0003	19.98178739612493	0.004867375524933322
0.0003	23.47655315502868	0.004514596170144533
0.0003	27.582544900251083	0.003495644475890172
0.0003	32.40666456231481	0.0028499448524188066
0.0003	38.07451095800916	0.0016859469413101544
0.0003	44.73364983008331	0.0013547711278402228
0.0003	52.55745580888596	0.0009176794594884129
0.0003	61.74962632370247	0.00035491268900288494
0.0003	72.54948498614769	0.0002584164871125458
0.0003	85.238212522347	0.00008415861904861915
0.0003	100.14616747992149	0.00005651759848548048
0.0003	102.5731176646924	0.00005136381784415787
0.0003	105.91789324071497	0.00004587651218793637
0.0003	109.26266881673756	0.0000469713870488
0.0003	111.49251920075261	0.00004762350018092035
0.0006	0.1350934627642213	2.592994585100145e-8
0.0006	0.15872097908999802	0.00008334113589684105
0.0006	0.18648089025044684	0.014477068060609397
0.0006	0.21909594199819674	0.02448072785229578
0.0006	0.2574152865508543	0.0001350848067912538
0.0006	0.30243659077265717	0.000013613391858324741
0.0006	0.35533201102304196	0.0062068610646348246
0.0006	0.417478710942718	0.011206074725320562
0.0006	0.49049471672590594	0.0030563654480043182
0.0006	0.5762810433920241	0.00154764647621564
0.0006	0.6770711888392901	0.013193826656713543
0.0006	0.7954892842872823	0.009729460233095562
0.0006	0.9346184150897244	0.014654262436857801
0.0006	1.0980808906903756	0.011877415712068273
0.0006	1.290132553597943	0.009217855175268396
0.0006	1.5157735827701146	0.008537673225040971
0.0006	1.7808786762385385	0.01472396313672583
0.0006	2.0923500023566053	0.01833322441965783
0.0006	2.4582969018464946	0.014818003881656765
0.0006	2.8882470192948664	0.01523091115799351
0.0006	3.393394361030923	0.022602287653368667
0.0006	3.9868907377208194	0.01550497350254994
0.0006	4.6841881795592455	0.011339391994522637
0.0006	5.5034412390408045	0.01526606931313456
0.0006	6.465979655502418	0.013416302830744306
0.0006	7.596863687538533	0.014208173845065649
0.0006	8.925536571697922	0.012814210565256032
0.0006	10.486591094611235	0.01214884322329096
0.0006	12.320670236709386	0.01227711586236004
0.0006	14.475525336326095	0.009201377815129218
0.0006	17.007259324114735	0.010372346426738116
0.0006	19.98178739612493	0.009734751049866644
0.0006	23.47655315502868	0.009029192340289066
0.0006	27.582544900251083	0.006991288951780344
0.0006	32.40666456231481	0.005699889704837613
0.0006	38.07451095800916	0.003371893882620309
0.0006	44.73364983008331	0.0027095422556804457
0.0006	52.55745580888596	0.0018353589189768259
0.0006	61.74962632370247	0.0007098253780057699
0.0006	72.54948498614769	0.0005168329742250916
0.0006	85.238212522347	0.0001683172380972383
0.0006	100.14616747992149	0.00011303519697096096
0.0006	102.5731176646924	0.00010272763568831574
0.0006	105.91789324071497	0.00009175302437587274
0.0006	109.26266881673756	0.0000939427740976
0.0006	111.49251920075261	0.0000952470003618407
0.001	0.1350934627642213	4.321657641833575e-8
0.001	0.15872097908999802	0.00013890189316140175
0.001	0.18648089025044684	0.02412844676768233
0.001	0.21909594199819674	0.040801213087159637
0.001	0.2574152865508543	0.0002251413446520897
0.001	0.30243659077265717	0.000022688986430541237
0.001	0.35533201102304196	0.010344768441058041
0.001	0.417478710942718	0.018676791208867605
0.001	0.49049471672590594	0.005093942413340531
0.001	0.5762810433920241	0.0025794107936927334
0.001	0.6770711888392901	0.021989711094522572
0.001	0.7954892842872823	0.016215767055159272
0.001	0.9346184150897244	0.024423770728096338
0.001	1.0980808906903756	0.019795692853447122
0.001	1.290132553597943	0.015363091958780661
0.001	1.5157735827701146	0.014229455375068286
0.001	1.7808786762385385	0.02453993856120972
0.001	2.0923500023566053	0.030555374032763052
0.001	2.4582969018464946	0.02469667313609461
0.001	2.8882470192948664	0.025384851929989186
0.001	3.393394361030923	0.03767047942228111
0.001	3.9868907377208194	0.0258416225042499
0.001	4.6841881795592455	0.01889898665753773
0.001	5.5034412390408045	0.025443448855224267
0.001	6.465979655502418	0.022360504717907178
0.001	7.596863687538533	0.02368028974177608
0.001	8.925536571697922	0.021357017608760055
0.001	10.486591094611235	0.020248072038818267
0.001	12.320670236709386	0.020461859770600065
0.001	14.475525336326095	0.01533562969188203
0.001	17.007259324114735	0.017287244044563527
0.001	19.98178739612493	0.016224585083111073
0.001	23.47655315502868	0.015048653900481776
0.001	27.582544900251083	0.01165214825296724
0.001	32.40666456231481	0.009499816174729355
0.001	38.07451095800916	0.0056198231377005145
0.001	44.73364983008331	0.00451590375946741
0.001	52.55745580888596	0.003058931531628043
0.001	61.74962632370247	0.0011830422966762832
0.001	72.54948498614769	0.0008613882903751528
0.001	85.238212522347	0.00028052873016206384
0.001	100.14616747992149	0.00018839199495160162
0.001	102.5731176646924	0.0001712127261471929
0.001	105.91789324071497	0.00015292170729312124
0.001	109.26266881673756	0.00015657129016266667
0.001	111.49251920075261	0.00015874500060306785
0.002	0.1350934627642213	8.64331528366715e-8
0.002	0.15872097908999802	0.0002778037863228035
0.002	0.18648089025044684	0.04825689353536466
0.002	0.21909594199819674	0.08160242617431927
0.002	0.2574152865508543	0.0004502826893041794
0.002	0.30243659077265717	0.000045377972861082474
0.002	0.35533201102304196	0.020689536882116083
0.002	0.417478710942718	0.03735358241773521
0.002	0.49049471672590594	0.010187884826681062
0.002	0.5762810433920241	0.005158821587385467
0.002	0.6770711888392901	0.043979422189045145
0.002	0.7954892842872823	0.032431534110318544
0.002	0.9346184150897244	0.048847541456192675
0.002	1.0980808906903756	0.039591385706894244
0.002	1.290132553597943	0.030726183917561323
0.002	1.5157735827701146	0.02845891075013657
0.002	1.7808786762385385	0.04907987712241944
0.002	2.0923500023566053	0.061110748065526105
0.002	2.4582969018464946	0.04939334627218922
0.002	2.8882470192948664	0.05076970385997837
0.002	3.393394361030923	0.07534095884456223
0.002	3.9868907377208194	0.0516832450084998
0.002	4.6841881795592455	0.03779797331507546
0.002	5.5034412390408045	0.050886897710448534
0.002	6.465979655502418	0.044721009435814356
0.002	7.596863687538533	0.04736057948355216
0.002	8.925536571697922	0.04271403521752011
0.002	10.486591094611235	0.040496144077636534
0.002	12.320670236709386	0.04092371954120013
0.002	14.475525336326095	0.03067125938376406
0.002	17.007259324114735	0.03457448808912705
0.002	19.98178739612493	0.03244917016622215
0.002	23.47655315502868	0.030097307800963553
0.002	27.582544900251083	0.02330429650593448
0.002	32.40666456231481	0.01899963234945871
0.002	38.07451095800916	0.011239646275401029
0.002	44.73364983008331	0.00903180751893482
0.002	52.55745580888596	0.006117863063256086
0.002	61.74962632370247	0.0023660845933525664
0.002	72.54948498614769	0.0017227765807503056
0.002	85.238212522347	0.0005610574603241277
0.002	100.14616747992149	0.00037678398990320325
0.002	102.5731176646924	0.0003424254522943858
0.002	105.91789324071497	0.0003058434145862425
0.002	109.26266881673756	0.00031314258032533334
0.002	111.49251920075261	0.0003174900012061357
0.004	0.1350934627642213	1.72866305673343e-7
0.004	0.15872097908999802	0.000555607572645607
0.004	0.18648089025044684	0.09651378707072931
0.004	0.21909594199819674	0.16320485234863855
0.004	0.2574152865508543	0.0009005653786083588
0.004	0.30243659077265717	0.00009075594572216495
0.004	0.35533201102304196	0.041379073764232166
0.004	0.417478710942718	0.07470716483547042
0.004	0.49049471672590594	0.020375769653362123
0.004	0.5762810433920241	0.010317643174770933
0.004	0.6770711888392901	0.08795884437809029
0.004	0.7954892842872823	0.06486306822063709
0.004	0.9346184150897244	0.09769508291238535
0.004	1.0980808906903756	0.07918277141378849
0.004	1.290132553597943	0.061452367835122645
0.004	1.5157735827701146	0.05691782150027314
0.004	1.7808786762385385	0.09815975424483887
0.004	2.0923500023566053	0.12222149613105221
0.004	2.4582969018464946	0.09878669254437844
0.004	2.8882470192948664	0.10153940771995675
0.004	3.393394361030923	0.15068191768912445
0.004	3.9868907377208194	0.1033664900169996
0.004	4.6841881795592455	0.07559594663015091
0.004	5.5034412390408045	0.10177379542089707
0.004	6.465979655502418	0.08944201887162871
0.004	7.596863687538533	0.09472115896710433
0.004	8.925536571697922	0.08542807043504022
0.004	10.486591094611235	0.08099228815527307
0.004	12.320670236709386	0.08184743908240026
0.004	14.475525336326095	0.06134251876752812
0.004	17.007259324114735	0.0691489761782541
0.004	19.98178739612493	0.0648983403324443
0.004	23.47655315502868	0.060194615601927105
0.004	27.582544900251083	0.04660859301186896
0.004	32.40666456231481	0.03799926469891742
0.004	38.07451095800916	0.022479292550802058
0.004	44.73364983008331	0.01806361503786964
0.004	52.55745580888596	0.012235726126512173
0.004	61.74962632370247	0.004732169186705133
0.004	72.54948498614769	0.003445553161500611
0.004	85.238212522347	0.0011221149206482553
0.004	100.14616747992149	0.0007535679798064065
0.004	102.5731176646924	0.0006848509045887716
0.004	105.91789324071497	0.000611686829172485
0.004	109.26266881673756	0.0006262851606506667
0.004	111.49251920075261	0.0006349800024122714
0.006	0.1350934627642213	6.843898586963408e-6
0.006	0.15872097908999802	0.015977981042252336
0.006	0.18648089025044684	0.05295023553482006
0.006	0.21909594199819674	0.00029669746640513414
0.006	0.2574152865508543	0.007239671009077551
0.006	0.30243659077265717	0.027447930329949504
0.006	0.35533201102304196	0.038560686921392515
0.006	0.417478710942718	0.07286851431385939
0.006	0.49049471672590594	0.02786443909878593
0.006	0.5762810433920241	0.06307955541066838
0.006	0.6770711888392901	0.03926250166100331
0.006	0.7954892842872823	0.08755951001114895
0.006	0.9346184150897244	0.1204391691547561
0.006	1.0980808906903756	0.08501992092233983
0.006	1.290132553597943	0.10280619885815512
0.006	1.5157735827701146	0.09135349617855817
0.006	1.7808786762385385	0.11009514636317869
0.006	2.0923500023566053	0.121845649497569
0.006	2.4582969018464946	0.1479588471940613
0.006	2.8882470192948664	0.17018572603530885
0.006	3.393394361030923	0.15183623718075126
0.006	3.9868907377208194	0.12952868578436158
0.006	4.6841881795592455	0.13954620780039945
0.006	5.5034412390408045	0.13991248110823742
0.006	6.465979655502418	0.13926209840987613
0.006	7.596863687538533	0.15279446956883502
0.006	8.925536571697922	0.13437825936623785
0.006	10.486591094611235	0.11568658420228506
0.006	12.320670236709386	0.10327939799070614
0.006	14.475525336326095	0.08677340134164915
0.006	17.007259324114735	0.09316853238858251
0.006	19.98178739612493	0.08495829995507874
0.006	23.47655315502868	0.0696726379331269
0.006	27.582544900251083	0.05369658470045557
0.006	32.40666456231481	0.04633218390959024
0.006	38.07451095800916	0.027599483657617725
0.006	44.73364983008331	0.0199954400392275
0.006	52.55745580888596	0.014818843930703762
0.006	61.74962632370247	0.008658964609239475
0.006	72.54948498614769	0.0028427129529412505
0.006	85.238212522347	0.0012195925116568489
0.006	100.14616747992149	0.0002760851753523917
0.006	102.5731176646924	0.0002419167230544967
0.006	105.91789324071497	0.00021520138854694596
0.006	109.26266881673756	0.00019975354270854214
0.006	111.49251920075261	0.00019011634545814123
0.008	0.1350934627642213	0.08567022995485155
0.008	0.15872097908999802	0.0022441039332334193
0.008	0.18648089025044684	0.0025524855696054953
0.008	0.21909594199819674	0.028263959414881096
0.008	0.2574152865508543	0.06263536418157194
0.008	0.30243659077265717	0.037276816566246575
0.008	0.35533201102304196	0.006139296690681009
0.008	0.417478710942718	0.08786365391688898
0.008	0.49049471672590594	0.09041374058625228
0.008	0.5762810433920241	0.11288867584430216
0.008	0.6770711888392901	0.1016344081237532
0.008	0.7954892842872823	0.1042832870668673
0.008	0.9346184150897244	0.1334008717181971
0.008	1.0980808906903756	0.1637906311487677
0.008	1.290132553597943	0.15309736266358176
0.008	1.5157735827701146	0.12969731685196945
0.008	1.7808786762385385	0.15803045874198207
0.008	2.0923500023566053	0.16929043931897034
0.008	2.4582969018464946	0.20013359391098032
0.008	2.8882470192948664	0.17951428332386135
0.008	3.393394361030923	0.15458205933205102
0.008	3.9868907377208194	0.17707915688948558
0.008	4.6841881795592455	0.19187193242308362
0.008	5.5034412390408045	0.17911663713154874
0.008	6.465979655502418	0.16790374060428626
0.008	7.596863687538533	0.1612962583925425
0.008	8.925536571697922	0.16262500085907095
0.008	10.486591094611235	0.14350333073854094
0.008	12.320670236709386	0.14972269943021344
0.008	14.475525336326095	0.1326740126655875
0.008	17.007259324114735	0.12215973086482021
0.008	19.98178739612493	0.10657920157951278
0.008	23.47655315502868	0.08549885967143173
0.008	27.582544900251083	0.06552707081031499
0.008	32.40666456231481	0.053809571695257054
0.008	38.07451095800916	0.030086659108058238
0.008	44.73364983008331	0.019223390584855133
0.008	52.55745580888596	0.012954362134918131
0.008	61.74962632370247	0.008819113162706718
0.008	72.54948498614769	0.0032545848616795745
0.008	85.238212522347	0.001006250323503485
0.008	100.14616747992149	0.00005934244342848696
0.008	102.5731176646924	0.00002808900703235447
0.008	105.91789324071497	7.812739127718913e-6
0.008	109.26266881673756	4.04878577798294e-6
0.008	111.49251920075261	1.723206179314658e-6
0.01	0.1350934627642213	0.004001386048385534
0.01	0.15872097908999802	0.02370466191181847
0.01	0.18648089025044684	0.02415689001181102
0.01	0.21909594199819674	0.1044261193489352
0.01	0.2574152865508543	0.08177506988474062
0.01	0.30243659077265717	0.1138877695066448
0.01	0.35533201102304196	0.11108318904055524
0.01	0.417478710942718	0.07979996690632117
0.01	0.49049471672590594	0.0931301678238748
0.01	0.5762810433920241	0.15817135414933317
0.01	0.6770711888392901	0.16602640820991144
0.01	0.7954892842872823	0.12168442257392277
0.01	0.9346184150897244	0.10232418537281013
0.01	1.0980808906903756	0.18597326903638217
0.01	1.290132553597943	0.18536296503576177
0.01	1.5157735827701146	0.21683775495926808
0.01	1.7808786762385385	0.17252151629495374
0.01	2.0923500023566053	0.2063286014983211
0.01	2.4582969018464946	0.2695097350344965
0.01	2.8882470192948664	0.24267864602802866
0.01	3.393394361030923	0.2250385758382973
0.01	3.9868907377208194	0.2539745161364661
0.01	4.6841881795592455	0.25655561093458756
0.01	5.5034412390408045	0.2337347212121009
0.01	6.465979655502418	0.24201245335006907
0.01	7.596863687538533	0.2078746791469509
0.01	8.925536571697922	0.1954281960726358
0.01	10.486591094611235	0.18103781404137945
0.01	12.320670236709386	0.17509175399069438
0.01	14.475525336326095	0.1465287240219609
0.01	17.007259324114735	0.1407145317524235
0.01	19.98178739612493	0.11939276070790684
0.01	23.47655315502868	0.09795148584931813
0.01	27.582544900251083	0.06929633924622897
0.01	32.40666456231481	0.04681317106938202
0.01	38.07451095800916	0.0330214107483103
0.01	44.73364983008331	0.020238050049736424
0.01	52.55745580888596	0.010847930516909026
0.01	61.74962632370247	0.0052582720416044565
0.01	72.54948498614769	0.0019722561841563533
0.01	85.238212522347	0.0009268612686748519
0.01	100.14616747992149	0.00010535733018752659
0.01	102.5731176646924	0.00006180832585828509
0.01	105.91789324071497	0.000024278455466486257
0.01	109.26266881673756	0.00001357791751024956
0.01	111.49251920075261	6.9654842386712815e-6
0.011748975549395297	0.1350934627642213	0.00012426692254835647
0.011748975549395297	0.15872097908999802	0.033810435333714105
0.011748975549395297	0.18648089025044684	0.022670227356338023
0.011748975549395297	0.21909594199819674	0.029134582765984993
0.011748975549395297	0.2574152865508543	0.010147609118710483
0.011748975549395297	0.30243659077265717	0.021426134061894357
0.011748975549395297	0.35533201102304196	0.12403690244315886
0.011748975549395297	0.417478710942718	0.0647978584373274
0.011748975549395297	0.49049471672590594	0.16762061740532824
0.011748975549395297	0.5762810433920241	0.18207735714482717
0.011748975549395297	0.6770711888392901	0.15482519397730296
0.011748975549395297	0.7954892842872823	0.16607917681653114
0.011748975549395297	0.9346184150897244	0.21546469826445497
0.011748975549395297	1.0980808906903756	0.18744011655849935
0.011748975549395297	1.290132553597943	0.28606089038732424
0.011748975549395297	1.5157735827701146	0.26244006135391085
0.011748975549395297	1.7808786762385385	0.2559162785076303
0.011748975549395297	2.0923500023566053	0.23653042250458112
0.011748975549395297	2.4582969018464946	0.22325168233222467
0.011748975549395297	2.8882470192948664	0.2603267858175127
0.011748975549395297	3.393394361030923	0.2420505566458239
0.011748975549395297	3.9868907377208194	0.25804397256569717
0.011748975549395297	4.6841881795592455	0.2697049920958854
0.011748975549395297	5.5034412390408045	0.2460210222584313
0.011748975549395297	6.465979655502418	0.24432731748521125
0.011748975549395297	7.596863687538533	0.24784072728085715
0.011748975549395297	8.925536571697922	0.21820920754666887
0.011748975549395297	10.486591094611235	0.20864718510752214
0.011748975549395297	12.320670236709386	0.2040964066312192
0.011748975549395297	14.475525336326095	0.1810751960845559
0.011748975549395297	17.007259324114735	0.1529995309766757
0.011748975549395297	19.98178739612493	0.1223048781282078
0.011748975549395297	23.47655315502868	0.09287479710626934
0.011748975549395297	27.582544900251083	0.0754077586910221
0.011748975549395297	32.40666456231481	0.044579551829325055
0.011748975549395297	38.07451095800916	0.031291286190711864
0.011748975549395297	44.73364983008331	0.0192912409926872
0.011748975549395297	52.55745580888596	0.010191174973318142
0.011748975549395297	61.74962632370247	0.004106832581975663
0.011748975549395297	72.54948498614769	0.0012830304245000546
0.011748975549395297	85.238212522347	0.0004596979647086954
0.011748975549395297	100.14616747992149	0.00003175147899324793
0.011748975549395297	102.5731176646924	0.000014289642088173205
0.011748975549395297	105.91789324071497	3.5758444152665824e-6
0.011748975549395297	109.26266881673756	1.6983626350867023e-6
0.011748975549395297	111.49251920075261	5.385125427304835e-7
0.013803842646028852	0.1350934627642213	2.43347344037194e-8
0.013803842646028852	0.15872097908999802	0.00018361331789641693
0.013803842646028852	0.18648089025044684	0.0019858022819773716
0.013803842646028852	0.21909594199819674	0.027594240609426016
0.013803842646028852	0.2574152865508543	0.05324334433236063
0.013803842646028852	0.30243659077265717	0.10395891994443056
0.013803842646028852	0.35533201102304196	0.06129143212909383
0.013803842646028852	0.417478710942718	0.1691882639472507
0.013803842646028852	0.49049471672590594	0.14687708836691749
0.013803842646028852	0.5762810433920241	0.1305244361020574
0.013803842646028852	0.6770711888392901	0.11055260276670703
0.013803842646028852	0.7954892842872823	0.19345111303064305
0.013803842646028852	0.9346184150897244	0.23002788158581833
0.013803842646028852	1.0980808906903756	0.25073214271749433
0.013803842646028852	1.290132553597943	0.27105780933128854
0.013803842646028852	1.5157735827701146	0.3432723176543435
0.013803842646028852	1.7808786762385385	0.30252824945656875
0.013803842646028852	2.0923500023566053	0.29759065163073434
0.013803842646028852	2.4582969018464946	0.30118356387641143
0.013803842646028852	2.8882470192948664	0.32919487529136165
0.013803842646028852	3.393394361030923	0.2770271345106848
0.013803842646028852	3.9868907377208194	0.35177418349887807
0.013803842646028852	4.6841881795592455	0.32141112057929966
0.013803842646028852	5.5034412390408045	0.2832370272909618
0.013803842646028852	6.465979655502418	0.28735832161455555
0.013803842646028852	7.596863687538533	0.27457902171589704
0.013803842646028852	8.925536571697922	0.25753000791779435
0.013803842646028852	10.486591094611235	0.24562685647814914
0.013803842646028852	12.320670236709386	0.20775060318307584
0.013803842646028852	14.475525336326095	0.19288641242770604
0.013803842646028852	17.007259324114735	0.15795402280047705
0.013803842646028852	19.98178739612493	0.1294446754507009
0.013803842646028852	23.47655315502868	0.10192919425081601
0.013803842646028852	27.582544900251083	0.06473040028575933
0.013803842646028852	32.40666456231481	0.04802148300087159
0.013803842646028852	38.07451095800916	0.02595576405999901
0.013803842646028852	44.73364983008331	0.017527920575147203
0.013803842646028852	52.55745580888596	0.0074494263119625525
0.013803842646028852	61.74962632370247	0.0034319315266874424
0.013803842646028852	72.54948498614769	0.0013313460275213183
0.013803842646028852	85.238212522347	0.0003003779986450253
0.013803842646028852	100.14616747992149	0.00007561838789465563
0.013803842646028852	102.5731176646924	0.000038539153111635036
0.013803842646028852	105.91789324071497	0.00001100611020949602
0.013803842646028852	109.26266881673756	5.632087835395238e-6
0.013803842646028852	111.49251920075261	2.31179328666115e-6
0.0162181009735893	0.1350934627642213	0.0009310683996444284
0.0162181009735893	0.15872097908999802	0.05536848782049696
0.0162181009735893	0.18648089025044684	0.08620546143563552
0.0162181009735893	0.21909594199819674	0.08243750522000147
0.0162181009735893	0.2574152865508543	0.09031626864059916
0.0162181009735893	0.30243659077265717	0.07798044728768135
0.0162181009735893	0.35533201102304196	0.10595931860107112
0.0162181009735893	0.417478710942718	0.17933739722206987
0.0162181009735893	0.49049471672590594	0.1478065812563643
0.0162181009735893	0.5762810433920241	0.2425342589136583
0.0162181009735893	0.6770711888392901	0.21679546567627503
0.0162181009735893	0.7954892842872823	0.2811165493846465
0.0162181009735893	0.9346184150897244	0.2676863236009026
0.0162181009735893	1.0980808906903756	0.2542964865115337
0.0162181009735893	1.290132553597943	0.34382234930499006
0.0162181009735893	1.5157735827701146	0.3038781164931257
0.0162181009735893	1.7808786762385385	0.37394066024375544
0.0162181009735893	2.0923500023566053	0.3194911164981723
0.0162181009735893	2.4582969018464946	0.33726923671025494
0.0162181009735893	2.8882470192948664	0.35092689420868706
0.0162181009735893	3.393394361030923	0.36722403166002626
0.0162181009735893	3.9868907377208194	0.38372046949623817
0.0162181009735893	4.6841881795592455	0.3433177220070549
0.0162181009735893	5.5034412390408045	0.3286196059527945
0.0162181009735893	6.465979655502418	0.336252773342405
0.0162181009735893	7.596863687538533	0.3247497699127483
0.0162181009735893	8.925536571697922	0.29534769365686275
0.0162181009735893	10.486591094611235	0.26405575796277697
0.0162181009735893	12.320670236709386	0.24070833267151426
0.0162181009735893	14.475525336326095	0.2000085222120197
0.0162181009735893	17.007259324114735	0.15775897911469888
0.0162181009735893	19.98178739612493	0.12370106874256878
0.0162181009735893	23.47655315502868	0.09371460146784155
0.0162181009735893	27.582544900251083	0.05612460842275604
0.0162181009735893	32.40666456231481	0.037243463502651855
0.0162181009735893	38.07451095800916	0.0223607369034392
0.0162181009735893	44.73364983008331	0.011629026276780164
0.0162181009735893	52.55745580888596	0.0037587026673436765
0.0162181009735893	61.74962632370247	0.0017109448991279503
0.0162181009735893	72.54948498614769	0.0003108895448133477
0.0162181009735893	85.238212522347	0.00009603088696495001
0.0162181009735893	100.14616747992149	5.073670532512316e-7
0.0162181009735893	102.5731176646924	1.300695707123608e-7
0.0162181009735893	105.91789324071497	1.552988254557435e-8
0.0162181009735893	109.26266881673756	6.587372842116156e-9
0.0162181009735893	111.49251920075261	1.063727266120617e-9
0.019054607179632473	0.1350934627642213	0.006621537368354402
0.019054607179632473	0.15872097908999802	0.08418915690241716
0.019054607179632473	0.18648089025044684	0.04384356967149651
0.019054607179632473	0.21909594199819674	0.0683435709202087
0.019054607179632473	0.2574152865508543	0.08950047307424266
0.019054607179632473	0.30243659077265717	0.10161672859368281
0.019054607179632473	0.35533201102304196	0.14507954100155304
0.019054607179632473	0.417478710942718	0.11482438563256912
0.019054607179632473	0.49049471672590594	0.19469361244729688
0.019054607179632473	0.5762810433920241	0.19958593933341626
0.019054607179632473	0.6770711888392901	0.2520511530219114
0.019054607179632473	0.7954892842872823	0.26057411025854205
0.019054607179632473	0.9346184150897244	0.31547629020396395
0.019054607179632473	1.0980808906903756	0.33346064320038166
0.019054607179632473	1.290132553597943	0.42315126704612227
0.019054607179632473	1.5157735827701146	0.4229322011790194
0.019054607179632473	1.7808786762385385	0.40700857187715733
0.019054607179632473	2.0923500023566053	0.3929872970938207
0.019054607179632473	2.4582969018464946	0.4079266881609216
0.019054607179632473	2.8882470192948664	0.4056435535712273
0.019054607179632473	3.393394361030923	0.4197516736174155
0.019054607179632473	3.9868907377208194	0.3803601343194952
0.019054607179632473	4.6841881795592455	0.4045319438190969
0.019054607179632473	5.5034412390408045	0.3691875758138139
0.019054607179632473	6.465979655502418	0.4076921864288918
0.019054607179632473	7.596863687538533	0.3696185219398788
0.019054607179632473	8.925536571697922	0.31792583322372175
0.019054607179632473	10.486591094611235	0.29764651594994185
0.019054607179632473	12.320670236709386	0.2554723248882092
0.019054607179632473	14.475525336326095	0.21183685225587698
0.019054607179632473	17.007259324114735	0.16294477198532112
0.019054607179632473	19.98178739612493	0.11402609340575466
0.019054607179632473	23.47655315502868	0.07591254073115704
0.019054607179632473	27.582544900251083	0.05810167641064329
0.019054607179632473	32.40666456231481	0.031202614601586378
0.019054607179632473	38.07451095800916	0.019106753108622497
0.019054607179632473	44.73364983008331	0.008450965863108902
0.019054607179632473	52.55745580888596	0.004107616625083819
0.019054607179632473	61.74962632370247	0.000924033998969753
0.019054607179632473	72.54948498614769	0.00017804561432158394
0.019054607179632473	85.238212522347	0.00003088665627361038
0.019054607179632473	100.14616747992149	2.6869193432874748e-8
0.019054607179632473	102.5731176646924	3.236222991665108e-9
0.019054607179632473	105.91789324071497	1.463485252865899e-10
0.019054607179632473	109.26266881673756	5.587828630420201e-11
0.019054607179632473	111.49251920075261	1.7098393128395328e-15
0.0223872113856834	0.1350934627642213	0.00014799501047570342
0.0223872113856834	0.15872097908999802	0.01827701226489861
0.0223872113856834	0.18648089025044684	0.08206030589422329
0.0223872113856834	0.21909594199819674	0.12408034677798947
0.0223872113856834	0.2574152865508543	0.10141465933721926
0.0223872113856834	0.30243659077265717	0.12424976414756822
0.0223872113856834	0.35533201102304196	0.1680080484026537
0.0223872113856834	0.417478710942718	0.23410007260696128
0.0223872113856834	0.49049471672590594	0.22960821948329174
0.0223872113856834	0.5762810433920241	0.2754522090835724
0.0223872113856834	0.6770711888392901	0.3044846577251018
0.0223872113856834	0.7954892842872823	0.36213342173542423
0.0223872113856834	0.9346184150897244	0.3566840854949405
0.0223872113856834	1.0980808906903756	0.3781503758546686
0.0223872113856834	1.290132553597943	0.40738047360213303
0.0223872113856834	1.5157735827701146	0.4326465050183583
0.0223872113856834	1.7808786762385385	0.4556713090279728
0.0223872113856834	2.0923500023566053	0.45957568673796045
0.0223872113856834	2.4582969018464946	0.49055391429304124
0.0223872113856834	2.8882470192948664	0.45831199391000094
0.0223872113856834	3.393394361030923	0.48798236190222366
0.0223872113856834	3.9868907377208194	0.46701058984110133
0.0223872113856834	4.6841881795592455	0.471924362939694
0.0223872113856834	5.5034412390408045	0.45486634425238365
0.0223872113856834	6.465979655502418	0.43099030895271906
0.0223872113856834	7.596863687538533	0.41135903173765437
0.0223872113856834	8.925536571697922	0.34711778828670203
0.0223872113856834	10.486591094611235	0.30222036740981667
0.0223872113856834	12.320670236709386	0.25848339235682977
0.0223872113856834	14.475525336326095	0.18956776102409742
0.0223872113856834	17.007259324114735	0.14842058159025706
0.0223872113856834	19.98178739612493	0.10153382004248312
0.0223872113856834	23.47655315502868	0.07261046708464304
0.0223872113856834	27.582544900251083	0.0449836924011095
0.0223872113856834	32.40666456231481	0.025870623422445786
0.0223872113856834	38.07451095800916	0.013761412211636122
0.0223872113856834	44.73364983008331	0.0051759713008728316
0.0223872113856834	52.55745580888596	0.0020583125560660965
0.0223872113856834	61.74962632370247	0.0005582991839370106
0.0223872113856834	72.54948498614769	0.00004746091835018823
0.0223872113856834	85.238212522347	0.000031284683050374746
0.0223872113856834	100.14616747992149	2.2748287494222467e-7
0.0223872113856834	102.5731176646924	4.3747207716105805e-8
0.0223872113856834	105.91789324071497	3.451298946496706e-9
0.0223872113856834	109.26266881673756	2.0786059904368194e-9
0.0223872113856834	111.49251920075261	1.2301753762358434e-9
0.026302679918953815	0.1350934627642213	0.005079013773747825
0.026302679918953815	0.15872097908999802	0.09617048060777403
0.026302679918953815	0.18648089025044684	0.13717152975659708
0.026302679918953815	0.21909594199819674	0.11536274061299512
0.026302679918953815	0.2574152865508543	0.1382262945810507
0.026302679918953815	0.30243659077265717	0.17523127995843885
0.026302679918953815	0.35533201102304196	0.16883677315921616
0.026302679918953815	0.417478710942718	0.2847314473917282
0.026302679918953815	0.49049471672590594	0.24021070576468648
0.026302679918953815	0.5762810433920241	0.2871832140927892
0.026302679918953815	0.6770711888392901	0.32235745642613917
0.026302679918953815	0.7954892842872823	0.38914246256135426
0.026302679918953815	0.9346184150897244	0.36682541992342543
0.026302679918953815	1.0980808906903756	0.47265925332979547
0.026302679918953815	1.290132553597943	0.45457813415887827
0.026302679918953815	1.5157735827701146	0.5190906435701251
0.026302679918953815	1.7808786762385385	0.5214947664961447
0.026302679918953815	2.0923500023566053	0.5345625560387028
0.026302679918953815	2.4582969018464946	0.5744123423399774
0.026302679918953815	2.8882470192948664	0.582804716904168
0.026302679918953815	3.393394361030923	0.542555432926949
0.026302679918953815	3.9868907377208194	0.5675468540634638
0.026302679918953815	4.6841881795592455	0.5433054941086094
0.026302679918953815	5.5034412390408045	0.5109894395181439
0.026302679918953815	6.465979655502418	0.45519599260835963
0.026302679918953815	7.596863687538533	0.4300452288633134
0.026302679918953815	8.925536571697922	0.3714659210479667
0.026302679918953815	10.486591094611235	0.2961298155474267
0.026302679918953815	12.320670236709386	0.2376787766004093
0.026302679918953815	14.475525336326095	0.17992479583751095
0.026302679918953815	17.007259324114735	0.13393952925438182
0.026302679918953815	19.98178739612493	0.09535864640332574
0.026302679918953815	23.47655315502868	0.06072180788853014
0.026302679918953815	27.582544900251083	0.033510318683898
0.026302679918953815	32.40666456231481	0.016983332407951735
0.026302679918953815	38.07451095800916	0.007841560229974856
0.026302679918953815	44.73364983008331	0.003081178160560112
0.026302679918953815	52.55745580888596	0.0010375149368281097
0.026302679918953815	61.74962632370247	0.00015157571121718845
0.026302679918953815	72.54948498614769	0.00003280758146603122
0.026302679918953815	85.238212522347	3.6542070474827254e-8
0.026302679918953815	100.14616747992149	9.914507450130886e-16
0.026302679918953815	102.5731176646924	1.881660436565913e-18
0.026302679918953815	105.91789324071497	5.088992034544865e-18
0.026302679918953815	109.26266881673756	3.1982568509037466e-18
0.026302679918953815	111.49251920075261	2.029466399278017e-18
0.030902954325135904	0.1350934627642213	0.00886797898959485
0.030902954325135904	0.15872097908999802	0.0724138292389671
0.030902954325135904	0.18648089025044684	0.13621132212470602
0.030902954325135904	0.21909594199819674	0.15861931729834206
0.030902954325135904	0.2574152865508543	0.15144090733606613
0.030902954325135904	0.30243659077265717	0.207017913568304
0.030902954325135904	0.35533201102304196	0.22022856677255206
0.030902954325135904	0.417478710942718	0.2478369348259986
0.030902954325135904	0.49049471672590594	0.2776358091580405
0.030902954325135904	0.5762810433920241	0.3567967286066785
0.030902954325135904	0.6770711888392901	0.3828621772881701
0.030902954325135904	0.7954892842872823	0.44112257803479765
0.030902954325135904	0.9346184150897244	0.46365898453473053
0.030902954325135904	1.0980808906903756	0.5547977683940669
0.030902954325135904	1.290132553597943	0.5824070143407934
0.030902954325135904	1.5157735827701146	0.6076708902117035
0.030902954325135904	1.7808786762385385	0.620977712486453
0.030902954325135904	2.0923500023566053	0.6215159312070377
0.030902954325135904	2.4582969018464946	0.6520821921961871
0.030902954325135904	2.8882470192948664	0.6296341247735772
0.030902954325135904	3.393394361030923	0.6510314547968423
0.030902954325135904	3.9868907377208194	0.6263250324169363
0.030902954325135904	4.6841881795592455	0.5843384226332946
0.030902954325135904	5.5034412390408045	0.571030004765873
0.030902954325135904	6.465979655502418	0.5322733742080168
0.030902954325135904	7.596863687538533	0.4516344822305291
0.030902954325135904	8.925536571697922	0.3672361478759183
0.030902954325135904	10.486591094611235	0.28709147729175355
0.030902954325135904	12.320670236709386	0.21064326911368653
0.030902954325135904	14.475525336326095	0.15562842861498946
0.030902954325135904	17.007259324114735	0.10776529315774115
0.030902954325135904	19.98178739612493	0.07377708211806351
0.030902954325135904	23.47655315502868	0.04405465627538016
0.030902954325135904	27.582544900251083	0.022490628903010946
0.030902954325135904	32.40666456231481	0.010162286133447539
0.030902954325135904	38.07451095800916	0.004015785986771675
0.030902954325135904	44.73364983008331	0.001104707989706487
0.030902954325135904	52.55745580888596	0.00028924023134761534
0.030902954325135904	61.74962632370247	0.00007406777370542179
0.030902954325135904	72.54948498614769	2.922021889174187e-7
0.030902954325135904	85.238212522347	5.65179253140994e-12
0.030902954325135904	100.14616747992149	1.893556823317066e-20
0.030902954325135904	102.5731176646924	2.61851983105291e-19
0.030902954325135904	105.91789324071497	9.487671806046117e-19
0.030902954325135904	109.26266881673756	3.622481380599054e-19
0.030902954325135904	111.49251920075261	0.
0.03630780547701014	0.1350934627642213	0.008129069717802254
0.03630780547701014	0.15872097908999802	0.11284301017213912
0.03630780547701014	0.18648089025044684	0.16038613767898102
0.03630780547701014	0.21909594199819674	0.24442282924602238
0.03630780547701014	0.2574152865508543	0.15705501653725149
0.03630780547701014	0.30243659077265717	0.18996090889232994
0.03630780547701014	0.35533201102304196	0.2783356571258754
0.03630780547701014	0.417478710942718	0.3680133481662119
0.03630780547701014	0.49049471672590594	0.3754360228675118
0.03630780547701014	0.5762810433920241	0.42657655264593597
0.03630780547701014	0.6770711888392901	0.46443897544032886
0.03630780547701014	0.7954892842872823	0.5233881217177732
0.03630780547701014	0.9346184150897244	0.6037386479982246
0.03630780547701014	1.0980808906903756	0.6590937551659132
0.03630780547701014	1.290132553597943	0.6436055025909754
0.03630780547701014	1.5157735827701146	0.6482257820308427
0.03630780547701014	1.7808786762385385	0.6898393356538756
0.03630780547701014	2.0923500023566053	0.738143288275357
0.03630780547701014	2.4582969018464946	0.7661919323446503
0.03630780547701014	2.8882470192948664	0.7245076047037781
0.03630780547701014	3.393394361030923	0.7252391127939746
0.03630780547701014	3.9868907377208194	0.6753134217127631
0.03630780547701014	4.6841881795592455	0.638730903080968
0.03630780547701014	5.5034412390408045	0.5531308516521353
0.03630780547701014	6.465979655502418	0.510222069402062
0.03630780547701014	7.596863687538533	0.4268695758372135
0.03630780547701014	8.925536571697922	0.3235165380413626
0.03630780547701014	10.486591094611235	0.2556065593587781
0.03630780547701014	12.320670236709386	0.19557398192329722
0.03630780547701014	14.475525336326095	0.12969046416621058
0.03630780547701014	17.007259324114735	0.08504491693661934
0.03630780547701014	19.98178739612493	0.05708157161401693
0.03630780547701014	23.47655315502868	0.030141256529073412
0.03630780547701014	27.582544900251083	0.012903414208170877
0.03630780547701014	32.40666456231481	0.004639950455184233
0.03630780547701014	38.07451095800916	0.0016858584241504586
0.03630780547701014	44.73364983008331	0.00017356965768112144
0.03630780547701014	52.55745580888596	0.0000679138755018264
0.03630780547701014	61.74962632370247	0.000023713152903592587
0.03630780547701014	72.54948498614769	2.6162773383135774e-8
0.03630780547701014	85.238212522347	0.
0.03630780547701014	100.14616747992149	0.
0.03630780547701014	102.5731176646924	0.
0.03630780547701014	105.91789324071497	0.
0.03630780547701014	109.26266881673756	0.
0.03630780547701014	111.49251920075261	0.
0.04265795188015928	0.1350934627642213	0.02653857591119596
0.04265795188015928	0.15872097908999802	0.09424092545308854
0.04265795188015928	0.18648089025044684	0.1648279623399233
0.04265795188015928	0.21909594199819674	0.18232020684725656
0.04265795188015928	0.2574152865508543	0.21493800295459306
0.04265795188015928	0.30243659077265717	0.25389875604484213
0.04265795188015928	0.35533201102304196	0.2944107252758493
0.04265795188015928	0.417478710942718	0.3518085090327518
0.04265795188015928	0.49049471672590594	0.3599521288223434
0.04265795188015928	0.5762810433920241	0.4501500213078849
0.04265795188015928	0.6770711888392901	0.5368141858748505
0.04265795188015928	0.7954892842872823	0.5929987747864127
0.04265795188015928	0.9346184150897244	0.6846601886236912
0.04265795188015928	1.0980808906903756	0.7004461316275965
0.04265795188015928	1.290132553597943	0.7841383262334594
0.04265795188015928	1.5157735827701146	0.7853509170355246
0.04265795188015928	1.7808786762385385	0.7899131153902141
0.04265795188015928	2.0923500023566053	0.7693838028374442
0.04265795188015928	2.4582969018464946	0.8180996114330901
0.04265795188015928	2.8882470192948664	0.7564753046909433
0.04265795188015928	3.393394361030923	0.7464649880391648
0.04265795188015928	3.9868907377208194	0.684731426347068
0.04265795188015928	4.6841881795592455	0.6593892746059882
0.04265795188015928	5.5034412390408045	0.5621546321768227
0.04265795188015928	6.465979655502418	0.5097066730725931
0.04265795188015928	7.596863687538533	0.39522845384720073
0.04265795188015928	8.925536571697922	0.32069952768007987
0.04265795188015928	10.486591094611235	0.24018613336177397
0.04265795188015928	12.320670236709386	0.15925008521863648
0.04265795188015928	14.475525336326095	0.11075108207406231
0.04265795188015928	17.007259324114735	0.06456573386238922
0.04265795188015928	19.98178739612493	0.034335052147069105
0.04265795188015928	23.47655315502868	0.01782936946005024
0.04265795188015928	27.582544900251083	0.007480784477203763
0.04265795188015928	32.40666456231481	0.002333163551589582
0.04265795188015928	38.07451095800916	0.0004679789222871603
0.04265795188015928	44.73364983008331	0.00003671248230883951
0.04265795188015928	52.55745580888596	1.5493409174926535e-7
0.04265795188015928	61.74962632370247	3.3512371298536443e-12
0.04265795188015928	72.54948498614769	0.
0.04265795188015928	85.238212522347	3.22877641358585e-20
0.04265795188015928	100.14616747992149	0.
0.04265795188015928	102.5731176646924	1.7783157319015835e-20
0.04265795188015928	105.91789324071497	6.44336385454321e-20
0.04265795188015928	109.26266881673756	2.4601362767031478e-20
0.04265795188015928	111.49251920075261	0.
0.05011872336272725	0.1350934627642213	0.026026887653548478
0.05011872336272725	0.15872097908999802	0.17744008159139787
0.05011872336272725	0.18648089025044684	0.174016999465349
0.05011872336272725	0.21909594199819674	0.19225916726119907
0.05011872336272725	0.2574152865508543	0.22506295665615172
0.05011872336272725	0.30243659077265717	0.3980719293998344
0.05011872336272725	0.35533201102304196	0.36129704363378284
0.05011872336272725	0.417478710942718	0.4967269557900758
0.05011872336272725	0.49049471672590594	0.5510048543702626
0.05011872336272725	0.5762810433920241	0.595927494122186
0.05011872336272725	0.6770711888392901	0.6165636427438038
0.05011872336272725	0.7954892842872823	0.6761550431755895
0.05011872336272725	0.9346184150897244	0.7679433989110576
0.05011872336272725	1.0980808906903756	0.8681356620770302
0.05011872336272725	1.290132553597943	0.9069602151921314
0.05011872336272725	1.5157735827701146	0.9100673337311385
0.05011872336272725	1.7808786762385385	0.9598304439029995
0.05011872336272725	2.0923500023566053	0.9251992847614702
0.05011872336272725	2.4582969018464946	0.8993652828950841
0.05011872336272725	2.8882470192948664	0.8759491978153597
0.05011872336272725	3.393394361030923	0.7923577454715158
0.05011872336272725	3.9868907377208194	0.7493702279213346
0.05011872336272725	4.6841881795592455	0.671388283031388
0.05011872336272725	5.5034412390408045	0.5739348500385979
0.05011872336272725	6.465979655502418	0.44545914334235553
0.05011872336272725	7.596863687538533	0.36257498826804946
0.05011872336272725	8.925536571697922	0.2704740970025375
0.05011872336272725	10.486591094611235	0.1866999844288554
0.05011872336272725	12.320670236709386	0.12939255587653473
0.05011872336272725	14.475525336326095	0.07452421204234218
0.05011872336272725	17.007259324114735	0.04226095621129578
0.05011872336272725	19.98178739612493	0.019813694039056164
0.05011872336272725	23.47655315502868	0.00876978890810651
0.05011872336272725	27.582544900251083	0.0028021116751486006
0.05011872336272725	32.40666456231481	0.0006703889421584452
0.05011872336272725	38.07451095800916	0.00003076460600073205
0.05011872336272725	44.73364983008331	2.220254373968202e-8
0.05011872336272725	52.55745580888596	2.7297073993864277e-12
0.05011872336272725	61.74962632370247	0.
0.05011872336272725	72.54948498614769	0.
0.05011872336272725	85.238212522347	0.
0.05011872336272725	100.14616747992149	0.
0.05011872336272725	102.5731176646924	1.0243972230724787e-20
0.05011872336272725	105.91789324071497	3.711694116759318e-20
0.05011872336272725	109.26266881673756	1.4171593519783612e-20
0.05011872336272725	111.49251920075261	0.
0.0588843655355589	0.1350934627642213	0.07805257375459357
0.0588843655355589	0.15872097908999802	0.16717478341326708
0.0588843655355589	0.18648089025044684	0.1847547194573993
0.0588843655355589	0.21909594199819674	0.26014833257114384
0.0588843655355589	0.2574152865508543	0.2802757679595655
0.0588843655355589	0.30243659077265717	0.3952531847249519
0.0588843655355589	0.35533201102304196	0.44939165943195025
0.0588843655355589	0.417478710942718	0.44741784741141355
0.0588843655355589	0.49049471672590594	0.6010295701315831
0.0588843655355589	0.5762810433920241	0.6458654330779018
0.0588843655355589	0.6770711888392901	0.7513544726560238
0.0588843655355589	0.7954892842872823	0.8653051850357191
0.0588843655355589	0.9346184150897244	0.8809773740266803
0.0588843655355589	1.0980808906903756	0.9874342650902304
0.0588843655355589	1.290132553597943	1.0182763124988765
0.0588843655355589	1.5157735827701146	1.0125894568982867
0.0588843655355589	1.7808786762385385	1.0130195497609031
0.0588843655355589	2.0923500023566053	1.0248059948296593
0.0588843655355589	2.4582969018464946	0.9773153254534107
0.0588843655355589	2.8882470192948664	0.9417901603974431
0.0588843655355589	3.393394361030923	0.8313655404646684
0.0588843655355589	3.9868907377208194	0.7554188607604523
0.0588843655355589	4.6841881795592455	0.6428059091012474
0.0588843655355589	5.5034412390408045	0.51631888597205
0.0588843655355589	6.465979655502418	0.4025362732864456
0.0588843655355589	7.596863687538533	0.30224389045514843
0.0588843655355589	8.925536571697922	0.22043000394850532
0.0588843655355589	10.486591094611235	0.1434743600395373
0.0588843655355589	12.320670236709386	0.089671842018573
0.0588843655355589	14.475525336326095	0.04930094991116944
0.0588843655355589	17.007259324114735	0.02338962877643406
0.0588843655355589	19.98178739612493	0.008620827076909646
0.0588843655355589	23.47655315502868	0.0028806500929026532
0.0588843655355589	27.582544900251083	0.0007044862013209998
0.0588843655355589	32.40666456231481	0.0001476921782367169
0.0588843655355589	38.07451095800916	0.000016909340640069544
0.0588843655355589	44.73364983008331	9.472997336272577e-9
0.0588843655355589	52.55745580888596	0.
0.0588843655355589	61.74962632370247	0.
0.0588843655355589	72.54948498614769	0.
0.0588843655355589	85.238212522347	0.
0.0588843655355589	100.14616747992149	0.
0.0588843655355589	102.5731176646924	0.
0.0588843655355589	105.91789324071497	0.
0.0588843655355589	109.26266881673756	0.
0.0588843655355589	111.49251920075261	0.
0.06918309709189366	0.1350934627642213	0.04380498931647676
0.06918309709189366	0.15872097908999802	0.1430613751298364
0.06918309709189366	0.18648089025044684	0.23497895609462283
0.06918309709189366	0.21909594199819674	0.3715764927026163
0.06918309709189366	0.2574152865508543	0.3375139098499651
0.06918309709189366	0.30243659077265717	0.3581102331124791
0.06918309709189366	0.35533201102304196	0.4853938012976986
0.06918309709189366	0.417478710942718	0.6165725704681884
0.06918309709189366	0.49049471672590594	0.7035774225837601
0.06918309709189366	0.5762810433920241	0.8092851969952622
0.06918309709189366	0.6770711888392901	0.8791237514265219
0.06918309709189366	0.7954892842872823	0.9405417586140049
0.06918309709189366	0.9346184150897244	1.0072655006093805
0.06918309709189366	1.0980808906903756	1.077500476369966
0.06918309709189366	1.290132553597943	1.117341112850184
0.06918309709189366	1.5157735827701146	1.1639244342801989
0.06918309709189366	1.7808786762385385	1.0750559766845107
0.06918309709189366	2.0923500023566053	1.0811434824032649
0.06918309709189366	2.4582969018464946	1.041640631644988
0.06918309709189366	2.8882470192948664	0.9169152373422321
0.06918309709189366	3.393394361030923	0.8301825135704937
0.06918309709189366	3.9868907377208194	0.7175587658323794
0.06918309709189366	4.6841881795592455	0.592488411054191
0.06918309709189366	5.5034412390408045	0.4591829306960188
0.06918309709189366	6.465979655502418	0.3399011473807682
0.06918309709189366	7.596863687538533	0.24916259776881985
0.06918309709189366	8.925536571697922	0.16814277677652997
0.06918309709189366	10.486591094611235	0.1065915018265482
0.06918309709189366	12.320670236709386	0.05805728039547455
0.06918309709189366	14.475525336326095	0.0279887829864115
0.06918309709189366	17.007259324114735	0.010634606809245713
0.06918309709189366	19.98178739612493	0.003931392468985891
0.06918309709189366	23.47655315502868	0.0008143721568319673
0.06918309709189366	27.582544900251083	0.00009806950973112714
0.06918309709189366	32.40666456231481	9.690400291823884e-7
0.06918309709189366	38.07451095800916	4.415846949396476e-11
0.06918309709189366	44.73364983008331	4.794606017139238e-16
0.06918309709189366	52.55745580888596	0.
0.06918309709189366	61.74962632370247	0.
0.06918309709189366	72.54948498614769	2.396438567889004e-20
0.06918309709189366	85.238212522347	0.
0.06918309709189366	100.14616747992149	0.
0.06918309709189366	102.5731176646924	0.
0.06918309709189366	105.91789324071497	0.
0.06918309709189366	109.26266881673756	0.
0.06918309709189366	111.49251920075261	0.
0.08128305161640995	0.1350934627642213	0.0628583521309179
0.08128305161640995	0.15872097908999802	0.22390013171905826
0.08128305161640995	0.18648089025044684	0.21663021748953792
0.08128305161640995	0.21909594199819674	0.3787204040116274
0.08128305161640995	0.2574152865508543	0.4080222259035051
0.08128305161640995	0.30243659077265717	0.5026006204792054
0.08128305161640995	0.35533201102304196	0.5677253185858152
0.08128305161640995	0.417478710942718	0.6943686191378673
0.08128305161640995	0.49049471672590594	0.79956611372013
0.08128305161640995	0.5762810433920241	0.9874401682860907
0.08128305161640995	0.6770711888392901	1.0215940663867182
0.08128305161640995	0.7954892842872823	1.110351781487095
0.08128305161640995	0.9346184150897244	1.1577998758414463
0.08128305161640995	1.0980808906903756	1.1455940135289024
0.08128305161640995	1.290132553597943	1.1954735321206398
0.08128305161640995	1.5157735827701146	1.188681105165713
0.08128305161640995	1.7808786762385385	1.1546568836398328
0.08128305161640995	2.0923500023566053	1.107037537388933
0.08128305161640995	2.4582969018464946	1.079522894193121
0.08128305161640995	2.8882470192948664	0.9300673662037804
0.08128305161640995	3.393394361030923	0.7830646707168775
0.08128305161640995	3.9868907377208194	0.6334205313056407
0.08128305161640995	4.6841881795592455	0.5056554812438364
0.08128305161640995	5.5034412390408045	0.3928260683300801
0.08128305161640995	6.465979655502418	0.29208193281261374
0.08128305161640995	7.596863687538533	0.18830995066052297
0.08128305161640995	8.925536571697922	0.1098771689617598
0.08128305161640995	10.486591094611235	0.0630379885098335
0.08128305161640995	12.320670236709386	0.029707293767775776
0.08128305161640995	14.475525336326095	0.012165563219690511
0.08128305161640995	17.007259324114735	0.00316659560214875
0.08128305161640995	19.98178739612493	0.0008993102124499881
0.08128305161640995	23.47655315502868	0.00008137684249710417
0.08128305161640995	27.582544900251083	0.00005921097054837157
0.08128305161640995	32.40666456231481	4.861875037632836e-6
0.08128305161640995	38.07451095800916	7.067376728511279e-10
0.08128305161640995	44.73364983008331	0.
0.08128305161640995	52.55745580888596	0.
0.08128305161640995	61.74962632370247	0.
0.08128305161640995	72.54948498614769	0.
0.08128305161640995	85.238212522347	0.
0.08128305161640995	100.14616747992149	0.
0.08128305161640995	102.5731176646924	0.
0.08128305161640995	105.91789324071497	0.
0.08128305161640995	109.26266881673756	0.
0.08128305161640995	111.49251920075261	0.
0.09549925860214359	0.1350934627642213	0.0649321031994317
0.09549925860214359	0.15872097908999802	0.3133553805752577
0.09549925860214359	0.18648089025044684	0.2863414685189132
0.09549925860214359	0.21909594199819674	0.4712775383581364
0.09549925860214359	0.2574152865508543	0.48652020895293563
0.09549925860214359	0.30243659077265717	0.566872886941308
0.09549925860214359	0.35533201102304196	0.7217038023914207
0.09549925860214359	0.417478710942718	0.7970719803492231
0.09549925860214359	0.49049471672590594	0.9407924900606228
0.09549925860214359	0.5762810433920241	1.0469984608401306
0.09549925860214359	0.6770711888392901	1.1437111075554536
0.09549925860214359	0.7954892842872823	1.223571543359722
0.09549925860214359	0.9346184150897244	1.3135273551507947
0.09549925860214359	1.0980808906903756	1.3579143996524246
0.09549925860214359	1.290132553597943	1.3163319123360835
0.09549925860214359	1.5157735827701146	1.288639514964522
0.09549925860214359	1.7808786762385385	1.2393010161312727
0.09549925860214359	2.0923500023566053	1.1403661163321879
0.09549925860214359	2.4582969018464946	1.036625158132259
0.09549925860214359	2.8882470192948664	0.8587073427763613
0.09549925860214359	3.393394361030923	0.7198853041728844
0.09549925860214359	3.9868907377208194	0.5834669636696658
0.09549925860214359	4.6841881795592455	0.4431878076189236
0.09549925860214359	5.5034412390408045	0.31381970798001074
0.09549925860214359	6.465979655502418	0.21764786925128793
0.09549925860214359	7.596863687538533	0.1270280529005545
0.09549925860214359	8.925536571697922	0.0695622695398138
0.09549925860214359	10.486591094611235	0.03585889548402505
0.09549925860214359	12.320670236709386	0.013489405881546655
0.09549925860214359	14.475525336326095	0.004946804805978342
0.09549925860214359	17.007259324114735	0.0011792352542751518
0.09549925860214359	19.98178739612493	0.0002005998243254279
0.09549925860214359	23.47655315502868	6.427057605473527e-6
0.09549925860214359	27.582544900251083	7.935842736316932e-10
0.09549925860214359	32.40666456231481	0.
0.09549925860214359	38.07451095800916	0.
0.09549925860214359	44.73364983008331	0.
0.09549925860214359	52.55745580888596	0.
0.09549925860214359	61.74962632370247	0.
0.09549925860214359	72.54948498614769	0.
0.09549925860214359	85.238212522347	0.
0.09549925860214359	100.14616747992149	0.
0.09549925860214359	102.5731176646924	0.
0.09549925860214359	105.91789324071497	0.
0.09549925860214359	109.26266881673756	0.
0.09549925860214359	111.49251920075261	0.
0.11220184543019636	0.1350934627642213	0.06275759503551046
0.11220184543019636	0.15872097908999802	0.3019327857062454
0.11220184543019636	0.18648089025044684	0.4573233025854401
0.11220184543019636	0.21909594199819674	0.45704692001896274
0.11220184543019636	0.2574152865508543	0.5443785273194365
0.11220184543019636	0.30243659077265717	0.6076899643007406
0.11220184543019636	0.35533201102304196	0.8094079779534327
0.11220184543019636	0.417478710942718	0.9809479063023829
0.11220184543019636	0.49049471672590594	1.0359192623989097
0.11220184543019636	0.5762810433920241	1.2140245838797514
0.11220184543019636	0.6770711888392901	1.357848956553626
0.11220184543019636	0.7954892842872823	1.3442632087902993
0.11220184543019636	0.9346184150897244	1.4449122480889272
0.11220184543019636	1.0980808906903756	1.3732154617965755
0.11220184543019636	1.290132553597943	1.4174457832499079
0.11220184543019636	1.5157735827701146	1.3911729931181482
0.11220184543019636	1.7808786762385385	1.2512104976397842
0.11220184543019636	2.0923500023566053	1.0987942156997788
0.11220184543019636	2.4582969018464946	0.9571996275901313
0.11220184543019636	2.8882470192948664	0.7950291078016118
0.11220184543019636	3.393394361030923	0.6276550651398308
0.11220184543019636	3.9868907377208194	0.4875555478991393
0.11220184543019636	4.6841881795592455	0.36076981668153085
0.11220184543019636	5.5034412390408045	0.24071210945868948
0.11220184543019636	6.465979655502418	0.14248936457561803
0.11220184543019636	7.596863687538533	0.08048932793784781
0.11220184543019636	8.925536571697922	0.04016465571745787
0.11220184543019636	10.486591094611235	0.015694900906870965
0.11220184543019636	12.320670236709386	0.004418365197341824
0.11220184543019636	14.475525336326095	0.001155545025999648
0.11220184543019636	17.007259324114735	0.00013752723634721488
0.11220184543019636	19.98178739612493	0.000023463257948857114
0.11220184543019636	23.47655315502868	1.4640282550330386e-8
0.11220184543019636	27.582544900251083	0.
0.11220184543019636	32.40666456231481	0.
0.11220184543019636	38.07451095800916	0.
0.11220184543019636	44.73364983008331	3.129121015818456e-19
0.11220184543019636	52.55745580888596	0.
0.11220184543019636	61.74962632370247	0.
0.11220184543019636	72.54948498614769	0.
0.11220184543019636	85.238212522347	0.
0.11220184543019636	100.14616747992149	0.
0.11220184543019636	102.5731176646924	0.
0.11220184543019636	105.91789324071497	0.
0.11220184543019636	109.26266881673756	0.
0.11220184543019636	111.49251920075261	0.
0.13182567385564073	0.1350934627642213	0.12998680172081883
0.13182567385564073	0.15872097908999802	0.4149064871518263
0.13182567385564073	0.18648089025044684	0.48079709007929766
0.13182567385564073	0.21909594199819674	0.5779912885981506
0.13182567385564073	0.2574152865508543	0.6222159787471025
0.13182567385564073	0.30243659077265717	0.7617767770833981
0.13182567385564073	0.35533201102304196	0.9042121925078802
0.13182567385564073	0.417478710942718	1.0609713416861974
0.13182567385564073	0.49049471672590594	1.18777548633264
0.13182567385564073	0.5762810433920241	1.3854248515820315
0.13182567385564073	0.6770711888392901	1.4635041639651845
0.13182567385564073	0.7954892842872823	1.5602881358226877
0.13182567385564073	0.9346184150897244	1.5369544524638128
0.13182567385564073	1.0980808906903756	1.4738179906105724
0.13182567385564073	1.290132553597943	1.4424052347071048
0.13182567385564073	1.5157735827701146	1.3377984897584305
0.13182567385564073	1.7808786762385385	1.2113258840826207
0.13182567385564073	2.0923500023566053	1.0484978115488068
0.13182567385564073	2.4582969018464946	0.8632978230533987
0.13182567385564073	2.8882470192948664	0.6747912753121743
0.13182567385564073	3.393394361030923	0.5340274970095843
0.13182567385564073	3.9868907377208194	0.38348603038869916
0.13182567385564073	4.6841881795592455	0.2651110442034596
0.13182567385564073	5.5034412390408045	0.15644819843584587
0.13182567385564073	6.465979655502418	0.09153762946789747
0.13182567385564073	7.596863687538533	0.04010348029534876
0.13182567385564073	8.925536571697922	0.017841074799210748
0.13182567385564073	10.486591094611235	0.005382880835000168
0.13182567385564073	12.320670236709386	0.0014759070695218057
0.13182567385564073	14.475525336326095	0.00022919132984438172
0.13182567385564073	17.007259324114735	8.127744850173497e-6
0.13182567385564073	19.98178739612493	2.3167443525470547e-9
0.13182567385564073	23.47655315502868	0.
0.13182567385564073	27.582544900251083	0.
0.13182567385564073	32.40666456231481	0.
0.13182567385564073	38.07451095800916	0.
0.13182567385564073	44.73364983008331	0.
0.13182567385564073	52.55745580888596	0.
0.13182567385564073	61.74962632370247	0.
0.13182567385564073	72.54948498614769	0.
0.13182567385564073	85.238212522347	0.
0.13182567385564073	100.14616747992149	0.
0.13182567385564073	102.5731176646924	0.
0.13182567385564073	105.91789324071497	0.
0.13182567385564073	109.26266881673756	0.
0.13182567385564073	111.49251920075261	0.
0.1548816618912482	0.1350934627642213	0.12282799030148044
0.1548816618912482	0.15872097908999802	0.4849614411286742
0.1548816618912482	0.18648089025044684	0.5168870259693316
0.1548816618912482	0.21909594199819674	0.7323911370590929
0.1548816618912482	0.2574152865508543	0.7487710299907885
0.1548816618912482	0.30243659077265717	0.8992675206341287
0.1548816618912482	0.35533201102304196	0.9734074672735767
0.1548816618912482	0.417478710942718	1.2240788493888148
0.1548816618912482	0.49049471672590594	1.3964635175808966
0.1548816618912482	0.5762810433920241	1.4943458504298177
0.1548816618912482	0.6770711888392901	1.6232434205625912
0.1548816618912482	0.7954892842872823	1.715781519819479
0.1548816618912482	0.9346184150897244	1.6893112516082407
0.1548816618912482	1.0980808906903756	1.5824378557652345
0.1548816618912482	1.290132553597943	1.4646000808414184
0.1548816618912482	1.5157735827701146	1.3482101874521177
0.1548816618912482	1.7808786762385385	1.1564794280369701
0.1548816618912482	2.0923500023566053	0.9449217585532842
0.1548816618912482	2.4582969018464946	0.7593639364427067
0.1548816618912482	2.8882470192948664	0.572203108742948
0.1548816618912482	3.393394361030923	0.40619828616742615
0.1548816618912482	3.9868907377208194	0.28615495547583286
0.1548816618912482	4.6841881795592455	0.17195236722918822
0.1548816618912482	5.5034412390408045	0.09341367635461274
0.1548816618912482	6.465979655502418	0.041906800298130265
0.1548816618912482	7.596863687538533	0.017298936391248586
0.1548816618912482	8.925536571697922	0.005301814596919884
0.1548816618912482	10.486591094611235	0.0009264457823595885
0.1548816618912482	12.320670236709386	0.0002067221264709475
0.1548816618912482	14.475525336326095	4.836701047442082e-6
0.1548816618912482	17.007259324114735	3.747862904325726e-10
0.1548816618912482	19.98178739612493	1.1713766125863028e-16
0.1548816618912482	23.47655315502868	2.761197525600805e-20
0.1548816618912482	27.582544900251083	1.9763576974025445e-19
0.1548816618912482	32.40666456231481	0.
0.1548816618912482	38.07451095800916	0.
0.1548816618912482	44.73364983008331	2.8942063663744273e-21
0.1548816618912482	52.55745580888596	1.3380278982448526e-19
0.1548816618912482	61.74962632370247	0.
0.1548816618912482	72.54948498614769	1.8022685522826974e-19
0.1548816618912482	85.238212522347	0.
0.1548816618912482	100.14616747992149	4.841080223762266e-19
0.1548816618912482	102.5731176646924	3.375807766359166e-19
0.1548816618912482	105.91789324071497	2.3282857775360233e-19
0.1548816618912482	109.26266881673756	8.889611751181224e-20
0.1548816618912482	111.49251920075261	0.
0.1852482839263479	0.1350934627642213	0.12922102170571861
0.1852482839263479	0.15872097908999802	0.4910205046186421
0.1852482839263479	0.18648089025044684	0.6409221344377438
0.1852482839263479	0.21909594199819674	0.8692214750122572
0.1852482839263479	0.2574152865508543	0.9162641405973544
0.1852482839263479	0.30243659077265717	1.0788412248545125
0.1852482839263479	0.35533201102304196	1.2486674391007102
0.1852482839263479	0.417478710942718	1.3741380948317365
0.1852482839263479	0.49049471672590594	1.619159456962327
0.1852482839263479	0.5762810433920241	1.7493690324985303
0.1852482839263479	0.6770711888392901	1.7244802072881733
0.1852482839263479	0.7954892842872823	1.733631802677891
0.1852482839263479	0.9346184150897244	1.6872838449229408
0.1852482839263479	1.0980808906903756	1.5863652952224607
0.1852482839263479	1.290132553597943	1.436152724061415
0.1852482839263479	1.5157735827701146	1.219892862861292
0.1852482839263479	1.7808786762385385	0.9940777478607876
0.1852482839263479	2.0923500023566053	0.7822242448203276
0.1852482839263479	2.4582969018464946	0.5850629056815339
0.1852482839263479	2.8882470192948664	0.41153127903802
0.1852482839263479	3.393394361030923	0.28685818843637806
0.1852482839263479	3.9868907377208194	0.1668819044569595
0.1852482839263479	4.6841881795592455	0.0895952360520732
0.1852482839263479	5.5034412390408045	0.04223904756573165
0.1852482839263479	6.465979655502418	0.016842638057989284
0.1852482839263479	7.596863687538533	0.005370892057595433
0.1852482839263479	8.925536571697922	0.0011899884102182783
0.1852482839263479	10.486591094611235	0.0002917215373127172
0.1852482839263479	12.320670236709386	0.00001492093609223255
0.1852482839263479	14.475525336326095	3.1697067317667378e-9
0.1852482839263479	17.007259324114735	1.7386209625008613e-15
0.1852482839263479	19.98178739612493	0.
0.1852482839263479	23.47655315502868	4.1031914440724086e-19
0.1852482839263479	27.582544900251083	1.8847642564170685e-19
0.1852482839263479	32.40666456231481	1.5870371515978914e-19
0.1852482839263479	38.07451095800916	2.5068911167413187e-19
0.1852482839263479	44.73364983008331	4.879852683872418e-19
0.1852482839263479	52.55745580888596	4.3330318008046565e-19
0.1852482839263479	61.74962632370247	2.6933542815513086e-19
0.1852482839263479	72.54948498614769	2.0638591156542592e-19
0.1852482839263479	85.238212522347	2.035980524744259e-19
0.1852482839263479	100.14616747992149	3.6609996193090384e-19
0.1852482839263479	102.5731176646924	3.3020668393100567e-19
0.1852482839263479	105.91789324071497	3.129990615597867e-19
0.1852482839263479	109.26266881673756	2.1327187033051998e-19
0.1852482839263479	111.49251920075261	1.51601237778433e-19
0.19128898883698964	0.1350934627642213	0.13913986950149115
0.19128898883698964	0.15872097908999802	0.5029157852243783
0.19128898883698964	0.18648089025044684	0.6542051769212279
0.19128898883698964	0.21909594199819674	0.8745471633828145
0.19128898883698964	0.2574152865508543	0.9254762633793961
0.19128898883698964	0.30243659077265717	1.0893893024542713
0.19128898883698964	0.35533201102304196	1.2512443323822118
0.19128898883698964	0.417478710942718	1.3907489041228622
0.19128898883698964	0.49049471672590594	1.6199712817176184
0.19128898883698964	0.5762810433920241	1.7588338277308087
0.19128898883698964	0.6770711888392901	1.7079268993326822
0.19128898883698964	0.7954892842872823	1.7374706324039046
0.19128898883698964	0.9346184150897244	1.6953616476257245
0.19128898883698964	1.0980808906903756	1.5860465641447696
0.19128898883698964	1.290132553597943	1.4161522048628241
0.19128898883698964	1.5157735827701146	1.18411549363411
0.19128898883698964	1.7808786762385385	0.9646391917725152
0.19128898883698964	2.0923500023566053	0.758822339161979
0.19128898883698964	2.4582969018464946	0.5589773252716804
0.19128898883698964	2.8882470192948664	0.39428018496307504
0.19128898883698964	3.393394361030923	0.263594159275619
0.19128898883698964	3.9868907377208194	0.1543053468773944
0.19128898883698964	4.6841881795592455	0.08138208613735513
0.19128898883698964	5.5034412390408045	0.0376044570336134
0.19128898883698964	6.465979655502418	0.014364535969054697
0.19128898883698964	7.596863687538533	0.004380804239500035
0.19128898883698964	8.925536571697922	0.0009184938999746062
0.19128898883698964	10.486591094611235	0.00025084403533992246
0.19128898883698964	12.320670236709386	6.51635862501757e-6
0.19128898883698964	14.475525336326095	2.832759398758633e-10
0.19128898883698964	17.007259324114735	0.
0.19128898883698964	19.98178739612493	0.
0.19128898883698964	23.47655315502868	0.
0.19128898883698964	27.582544900251083	6.547152652334276e-20
0.19128898883698964	32.40666456231481	0.
0.19128898883698964	38.07451095800916	5.1093805325416004e-20
0.19128898883698964	44.73364983008331	0.
0.19128898883698964	52.55745580888596	0.
0.19128898883698964	61.74962632370247	0.
0.19128898883698964	72.54948498614769	4.262026869811998e-21
0.19128898883698964	85.238212522347	0.
0.19128898883698964	100.14616747992149	0.
0.19128898883698964	102.5731176646924	0.
0.19128898883698964	105.91789324071497	0.
0.19128898883698964	109.26266881673756	0.
0.19128898883698964	111.49251920075261	0.
0.1993432620511787	0.1350934627642213	0.15413670526853818
0.1993432620511787	0.15872097908999802	0.5163995702145432
0.1993432620511787	0.18648089025044684	0.6717491906505787
0.1993432620511787	0.21909594199819674	0.8730701767923565
0.1993432620511787	0.2574152865508543	0.9325781850407714
0.1993432620511787	0.30243659077265717	1.0755251794170824
0.1993432620511787	0.35533201102304196	1.2428044832128682
0.1993432620511787	0.417478710942718	1.3872561867144866
0.1993432620511787	0.49049471672590594	1.5909777081627903
0.1993432620511787	0.5762810433920241	1.7396229253254432
0.1993432620511787	0.6770711888392901	1.679765807450878
0.1993432620511787	0.7954892842872823	1.7326618680355899
0.1993432620511787	0.9346184150897244	1.6940587142013637
0.1993432620511787	1.0980808906903756	1.5870961652508753
0.1993432620511787	1.290132553597943	1.3915063254322706
0.1993432620511787	1.5157735827701146	1.1313516413639633
0.1993432620511787	1.7808786762385385	0.9278691121727273
0.1993432620511787	2.0923500023566053	0.7323375233811881
0.1993432620511787	2.4582969018464946	0.533207963764676
0.1993432620511787	2.8882470192948664	0.37609628528618555
0.1993432620511787	3.393394361030923	0.23722240822869708
0.1993432620511787	3.9868907377208194	0.14394346605334643
0.1993432620511787	4.6841881795592455	0.07248541412315072
0.1993432620511787	5.5034412390408045	0.033164528646134624
0.1993432620511787	6.465979655502418	0.011846561730136436
0.1993432620511787	7.596863687538533	0.0031325358115691865
0.1993432620511787	8.925536571697922	0.0005965576427689016
0.1993432620511787	10.486591094611235	0.00014687803884954527
0.1993432620511787	12.320670236709386	2.6851971508670193e-6
0.1993432620511787	14.475525336326095	6.374770189039283e-11
0.1993432620511787	17.007259324114735	0.
0.1993432620511787	19.98178739612493	0.
0.1993432620511787	23.47655315502868	0.
0.1993432620511787	27.582544900251083	1.767572573309022e-19
0.1993432620511787	32.40666456231481	0.
0.1993432620511787	38.07451095800916	1.3794089393500944e-19
0.1993432620511787	44.73364983008331	0.
0.1993432620511787	52.55745580888596	0.
0.1993432620511787	61.74962632370247	0.
0.1993432620511787	72.54948498614769	1.1506439824799064e-20
0.1993432620511787	85.238212522347	0.
0.1993432620511787	100.14616747992149	0.
0.1993432620511787	102.5731176646924	0.
0.1993432620511787	105.91789324071497	0.
0.1993432620511787	109.26266881673756	0.
0.1993432620511787	111.49251920075261	0.