0.00001	1.0407193115149367	0.
0.00001	1.2227385744772497	1.1088914248049906e-16
0.00001	1.4365925614835666	2.287129837093167e-16
0.00001	1.6878490879313581	8.520178749940675e-17
0.00001	1.9830497665174678	5.448036868979415e-19
0.00001	2.3298803220047777	1.8298824499229326e-13
0.00001	2.737370693625137	4.9022893829078874e-11
0.00001	3.2161301349032976	1.1421830825926065e-9
0.00001	3.778623431865224	5.0883217789252277e-8
0.00001	4.439495431135667	3.381211095703189e-7
0.00001	5.215952327206507	2.8345964769404923e-6
0.00001	6.128209635916073	4.6914417267597145e-6
0.00001	7.20001851739466	0.00006404944522394232
0.00001	8.459284151606322	0.00001709659265089336
0.00001	9.93879226626098	0.00009674892536891263
0.00001	11.67706273268193	0.0009215059429610631
0.00001	13.719352453503504	0.0008144205923931466
0.00001	16.118833652974903	0.000692506374859721
0.00001	18.937978247357222	0.00019422496733399568
0.00001	22.25018433831799	0.00036144484637686724
0.00001	26.141687176043625	0.0005730013113598598
0.00001	30.713804345127713	0.0004382025179532669
0.00001	36.08557362798163	0.0005281368945423499
0.00001	42.396852224106	0.0004005291997608585
0.00001	49.811958015234694	0.000317710214354528
0.00001	58.52394767884976	0.00027229871248824627
0.00001	68.75964303328955	0.00018227762957703615
0.00001	80.7855364783267	0.00008825055071577183
0.00001	94.91472928286424	0.00004819579632801529
0.00001	100.48705190778543	0.000027257063628457172
0.00001	103.76380360043059	0.00001689615648567986
0.00001	107.04055529307578	0.000010884831049062917
0.00001	109.2250564215059	8.609142167494951e-6
0.00003	1.0407193115149367	0.
0.00003	1.2227385744772497	3.326674274414972e-16
0.00003	1.4365925614835666	6.861389511279501e-16
0.00003	1.6878490879313581	2.5560536249822025e-16
0.00003	1.9830497665174678	1.6344110606938246e-18
0.00003	2.3298803220047777	5.489647349768798e-13
0.00003	2.737370693625137	1.4706868148723662e-10
0.00003	3.2161301349032976	3.4265492477778195e-9
0.00003	3.778623431865224	1.5264965336775684e-7
0.00003	4.439495431135667	1.0143633287109566e-6
0.00003	5.215952327206507	8.503789430821477e-6
0.00003	6.128209635916073	0.000014074325180279145
0.00003	7.20001851739466	0.00019214833567182695
0.00003	8.459284151606322	0.00005128977795268008
0.00003	9.93879226626098	0.00029024677610673793
0.00003	11.67706273268193	0.0027645178288831893
0.00003	13.719352453503504	0.00244326177717944
0.00003	16.118833652974903	0.0020775191245791633
0.00003	18.937978247357222	0.000582674902001987
0.00003	22.25018433831799	0.0010843345391306017
0.00003	26.141687176043625	0.0017190039340795797
0.00003	30.713804345127713	0.0013146075538598009
0.00003	36.08557362798163	0.00158441068362705
0.00003	42.396852224106	0.0012015875992825757
0.00003	49.811958015234694	0.0009531306430635841
0.00003	58.52394767884976	0.0008168961374647388
0.00003	68.75964303328955	0.0005468328887311085
0.00003	80.7855364783267	0.0002647516521473155
0.00003	94.91472928286424	0.00014458738898404588
0.00003	100.48705190778543	0.00008177119088537152
0.00003	103.76380360043059	0.00005068846945703959
0.00003	107.04055529307578	0.00003265449314718875
0.00003	109.2250564215059	0.000025827426502484858
0.00006	1.0407193115149367	0.
0.00006	1.2227385744772497	6.653348548829944e-16
0.00006	1.4365925614835666	1.3722779022559003e-15
0.00006	1.6878490879313581	5.112107249964405e-16
0.00006	1.9830497665174678	3.2688221213876492e-18
0.00006	2.3298803220047777	1.0979294699537597e-12
0.00006	2.737370693625137	2.9413736297447325e-10
0.00006	3.2161301349032976	6.853098495555639e-9
0.00006	3.778623431865224	3.052993067355137e-7
0.00006	4.439495431135667	2.0287266574219132e-6
0.00006	5.215952327206507	0.000017007578861642954
0.00006	6.128209635916073	0.00002814865036055829
0.00006	7.20001851739466	0.0003842966713436539
0.00006	8.459284151606322	0.00010257955590536016
0.00006	9.93879226626098	0.0005804935522134759
0.00006	11.67706273268193	0.0055290356577663785
0.00006	13.719352453503504	0.00488652355435888
0.00006	16.118833652974903	0.004155038249158327
0.00006	18.937978247357222	0.001165349804003974
0.00006	22.25018433831799	0.0021686690782612033
0.00006	26.141687176043625	0.0034380078681591594
0.00006	30.713804345127713	0.0026292151077196018
0.00006	36.08557362798163	0.0031688213672541
0.00006	42.396852224106	0.0024031751985651513
0.00006	49.811958015234694	0.0019062612861271682
0.00006	58.52394767884976	0.0016337922749294776
0.00006	68.75964303328955	0.001093665777462217
0.00006	80.7855364783267	0.000529503304294631
0.00006	94.91472928286424	0.00028917477796809176
0.00006	100.48705190778543	0.00016354238177074303
0.00006	103.76380360043059	0.00010137693891407918
0.00006	107.04055529307578	0.0000653089862943775
0.00006	109.2250564215059	0.000051654853004969716
0.0001	1.0407193115149367	0.
0.0001	1.2227385744772497	1.1088914248049907e-15
0.0001	1.4365925614835666	2.2871298370931673e-15
0.0001	1.6878490879313581	8.520178749940675e-16
0.0001	1.9830497665174678	5.448036868979415e-18
0.0001	2.3298803220047777	1.829882449922933e-12
0.0001	2.737370693625137	4.902289382907887e-10
0.0001	3.2161301349032976	1.1421830825926064e-8
0.0001	3.778623431865224	5.088321778925228e-7
0.0001	4.439495431135667	3.381211095703189e-6
0.0001	5.215952327206507	0.000028345964769404923
0.0001	6.128209635916073	0.00004691441726759715
0.0001	7.20001851739466	0.0006404944522394231
0.0001	8.459284151606322	0.00017096592650893362
0.0001	9.93879226626098	0.0009674892536891263
0.0001	11.67706273268193	0.009215059429610631
0.0001	13.719352453503504	0.008144205923931466
0.0001	16.118833652974903	0.006925063748597211
0.0001	18.937978247357222	0.0019422496733399568
0.0001	22.25018433831799	0.003614448463768672
0.0001	26.141687176043625	0.005730013113598598
0.0001	30.713804345127713	0.0043820251795326694
0.0001	36.08557362798163	0.0052813689454235
0.0001	42.396852224106	0.004005291997608585
0.0001	49.811958015234694	0.0031771021435452805
0.0001	58.52394767884976	0.002722987124882463
0.0001	68.75964303328955	0.0018227762957703617
0.0001	80.7855364783267	0.0008825055071577184
0.0001	94.91472928286424	0.00048195796328015294
0.0001	100.48705190778543	0.0002725706362845717
0.0001	103.76380360043059	0.00016896156485679862
0.0001	107.04055529307578	0.00010884831049062918
0.0001	109.2250564215059	0.00008609142167494951
0.0003	1.0407193115149367	0.
0.0003	1.2227385744772497	3.3266742744149714e-15
0.0003	1.4365925614835666	6.8613895112795e-15
0.0003	1.6878490879313581	2.5560536249822024e-15
0.0003	1.9830497665174678	1.6344110606938244e-17
0.0003	2.3298803220047777	5.4896473497687976e-12
0.0003	2.737370693625137	1.470686814872366e-9
0.0003	3.2161301349032976	3.426549247777819e-8
0.0003	3.778623431865224	1.5264965336775683e-6
0.0003	4.439495431135667	0.000010143633287109565
0.0003	5.215952327206507	0.00008503789430821477
0.0003	6.128209635916073	0.00014074325180279143
0.0003	7.20001851739466	0.0019214833567182694
0.0003	8.459284151606322	0.0005128977795268008
0.0003	9.93879226626098	0.002902467761067379
0.0003	11.67706273268193	0.027645178288831892
0.0003	13.719352453503504	0.0244326177717944
0.0003	16.118833652974903	0.02077519124579163
0.0003	18.937978247357222	0.00582674902001987
0.0003	22.25018433831799	0.010843345391306016
0.0003	26.141687176043625	0.017190039340795795
0.0003	30.713804345127713	0.013146075538598007
0.0003	36.08557362798163	0.015844106836270497
0.0003	42.396852224106	0.012015875992825754
0.0003	49.811958015234694	0.009531306430635841
0.0003	58.52394767884976	0.008168961374647388
0.0003	68.75964303328955	0.005468328887311085
0.0003	80.7855364783267	0.002647516521473155
0.0003	94.91472928286424	0.0014458738898404588
0.0003	100.48705190778543	0.0008177119088537151
0.0003	103.76380360043059	0.0005068846945703959
0.0003	107.04055529307578	0.0003265449314718875
0.0003	109.2250564215059	0.00025827426502484854
0.0006	1.0407193115149367	4.354011242873461e-16
0.0006	1.2227385744772497	7.694282153862937e-15
0.0006	1.4365925614835666	1.2253278392566579e-14
0.0006	1.6878490879313581	7.973490121278386e-15
0.0006	1.9830497665174678	2.0479404936159198e-16
0.0006	2.3298803220047777	3.795229793199523e-8
0.0006	2.737370693625137	0.000010121297697291367
0.0006	3.2161301349032976	0.00004925032553397825
0.0006	3.778623431865224	0.0006826762047835522
0.0006	4.439495431135667	0.0004577502612458798
0.0006	5.215952327206507	0.000010528538566053197
0.0006	6.128209635916073	0.002643038432082903
0.0006	7.20001851739466	0.036153854196387204
0.0006	8.459284151606322	0.011597952154380772
0.0006	9.93879226626098	0.009635673134852142
0.0006	11.67706273268193	0.026084149404370885
0.0006	13.719352453503504	0.014032114175203513
0.0006	16.118833652974903	0.01564857532026549
0.0006	18.937978247357222	0.017975987885199534
0.0006	22.25018433831799	0.03436924748214259
0.0006	26.141687176043625	0.04036208732768102
0.0006	30.713804345127713	0.028613515636416773
0.0006	36.08557362798163	0.037792112857167125
0.0006	42.396852224106	0.026662352296628077
0.0006	49.811958015234694	0.016893277862085207
0.0006	58.52394767884976	0.014899483146405474
0.0006	68.75964303328955	0.0073042684157910865
0.0006	80.7855364783267	0.004555397505479125
0.0006	94.91472928286424	0.001230204708515216
0.0006	100.48705190778543	0.0004681342446055441
0.0006	103.76380360043059	0.00024728299367614796
0.0006	107.04055529307578	0.00014647967970983066
0.0006	109.2250564215059	0.00011485961589409192
0.001	1.0407193115149367	0.
0.001	1.2227385744772497	0.
0.001	1.4365925614835666	5.990893748292509e-16
0.001	1.6878490879313581	3.189800772508991e-15
0.001	1.9830497665174678	1.0613066848056531e-10
0.001	2.3298803220047777	0.000018816154974872203
0.001	2.737370693625137	0.00499243663885776
0.001	3.2161301349032976	0.01799338632305362
0.001	3.778623431865224	0.007827424724021334
0.001	4.439495431135667	0.022927706254962186
0.001	5.215952327206507	0.03551906584011605
0.001	6.128209635916073	0.013239418087239925
0.001	7.20001851739466	0.014411572540112586
0.001	8.459284151606322	0.016382126637964154
0.001	9.93879226626098	0.012423824622810317
0.001	11.67706273268193	0.01454634212453111
0.001	13.719352453503504	0.03893250178334887
0.001	16.118833652974903	0.05443017714542449
0.001	18.937978247357222	0.05410025447834059
0.001	22.25018433831799	0.05601906670096274
0.001	26.141687176043625	0.05878533361681666
0.001	30.713804345127713	0.04433713879811865
0.001	36.08557362798163	0.034975949734311486
0.001	42.396852224106	0.03290366117739333
0.001	49.811958015234694	0.02761177396710557
0.001	58.52394767884976	0.020593664611122286
0.001	68.75964303328955	0.011064713411528255
0.001	80.7855364783267	0.004705211410047585
0.001	94.91472928286424	0.002254483818508412
0.001	100.48705190778543	0.001338339081395164
0.001	103.76380360043059	0.0009658326781994257
0.001	107.04055529307578	0.0007903484776608822
0.001	109.2250564215059	0.0007441904789305968
0.002	1.0407193115149367	1.1067482793041732e-15
0.002	1.2227385744772497	2.261193002026421e-16
0.002	1.4365925614835666	2.0774338795763627e-6
0.002	1.6878490879313581	0.0026462344022550885
0.002	1.9830497665174678	0.04177326553026903
0.002	2.3298803220047777	0.044104672326130585
0.002	2.737370693625137	0.01592043689677185
0.002	3.2161301349032976	0.00230146848181642
0.002	3.778623431865224	0.007255291461341586
0.002	4.439495431135667	0.0387210795519474
0.002	5.215952327206507	0.01689571131728586
0.002	6.128209635916073	0.01885500106297387
0.002	7.20001851739466	0.041719238934488964
0.002	8.459284151606322	0.06064203899234343
0.002	9.93879226626098	0.0637499004015988
0.002	11.67706273268193	0.07545926357903024
0.002	13.719352453503504	0.07545495694250254
0.002	16.118833652974903	0.07513090477281086
0.002	18.937978247357222	0.09034265048901974
0.002	22.25018433831799	0.09247268434154163
0.002	26.141687176043625	0.09838500532167917
0.002	30.713804345127713	0.10724230341439972
0.002	36.08557362798163	0.07890217196271358
0.002	42.396852224106	0.06371223908475075
0.002	49.811958015234694	0.046421234105604364
0.002	58.52394767884976	0.03683890563745733
0.002	68.75964303328955	0.027345447557534406
0.002	80.7855364783267	0.01516093921294685
0.002	94.91472928286424	0.006728176974345152
0.002	100.48705190778543	0.0048713097341856705
0.002	103.76380360043059	0.004109248377979923
0.002	107.04055529307578	0.003650641931548018
0.002	109.2250564215059	0.0034591891040208753
0.004	1.0407193115149367	1.7499196371584614e-15
0.004	1.2227385744772497	6.82361144347207e-10
0.004	1.4365925614835666	3.4222379911132384e-6
0.004	1.6878490879313581	0.0013915916371857419
0.004	1.9830497665174678	0.018254145131771062
0.004	2.3298803220047777	0.022847895033017047
0.004	2.737370693625137	0.022220295628960284
0.004	3.2161301349032976	0.029923963331426332
0.004	3.778623431865224	0.04039032038981938
0.004	4.439495431135667	0.04675568963467634
0.004	5.215952327206507	0.06756236589903343
0.004	6.128209635916073	0.0684509568977937
0.004	7.20001851739466	0.09059189472222502
0.004	8.459284151606322	0.08222039261988283
0.004	9.93879226626098	0.11151430075317063
0.004	11.67706273268193	0.1422437333072304
0.004	13.719352453503504	0.1648623221427586
0.004	16.118833652974903	0.1604987561102955
0.004	18.937978247357222	0.1851112071912608
0.004	22.25018433831799	0.19074014434608524
0.004	26.141687176043625	0.1840852980538305
0.004	30.713804345127713	0.16095367083213435
0.004	36.08557362798163	0.14245180639156535
0.004	42.396852224106	0.12035968615833377
0.004	49.811958015234694	0.09811480853510074
0.004	58.52394767884976	0.06202009960423685
0.004	68.75964303328955	0.034004839307345616
0.004	80.7855364783267	0.019836364208208345
0.004	94.91472928286424	0.008072621712637895
0.004	100.48705190778543	0.006003955981251181
0.004	103.76380360043059	0.005217607063574308
0.004	107.04055529307578	0.004750452974157349
0.004	109.2250564215059	0.00455685180563401
0.006	1.0407193115149367	1.3848511026219283e-15
0.006	1.2227385744772497	1.887810989085894e-7
0.006	1.4365925614835666	0.00019443667130734164
0.006	1.6878490879313581	0.005670230783521319
0.006	1.9830497665174678	0.008663011941997726
0.006	2.3298803220047777	0.02466729659979284
0.006	2.737370693625137	0.051663035165188345
0.006	3.2161301349032976	0.07121222399482285
0.006	3.778623431865224	0.05380881369403815
0.006	4.439495431135667	0.06933164613079734
0.006	5.215952327206507	0.08074354527123395
0.006	6.128209635916073	0.10106697718424275
0.006	7.20001851739466	0.1270707323263121
0.006	8.459284151606322	0.13862625577498702
0.006	9.93879226626098	0.16192031777035432
0.006	11.67706273268193	0.20590782394553442
0.006	13.719352453503504	0.21628788103428925
0.006	16.118833652974903	0.2307838954894781
0.006	18.937978247357222	0.25582049282832636
0.006	22.25018433831799	0.2607085394911993
0.006	26.141687176043625	0.25774765111783354
0.006	30.713804345127713	0.24550094026833824
0.006	36.08557362798163	0.1983058963971099
0.006	42.396852224106	0.154825795149333
0.006	49.811958015234694	0.10521738851467557
0.006	58.52394767884976	0.0688424322708634
0.006	68.75964303328955	0.043465388643979384
0.006	80.7855364783267	0.023694475169577324
0.006	94.91472928286424	0.008685336199031467
0.006	100.48705190778543	0.005138260176707783
0.006	103.76380360043059	0.0038365340927454996
0.006	107.04055529307578	0.0031625526161447037
0.006	109.2250564215059	0.002929557614393816
0.008	1.0407193115149367	5.993219625715164e-9
0.008	1.2227385744772497	3.0972496940228045e-6
0.008	1.4365925614835666	0.000556908550717347
0.008	1.6878490879313581	0.00748317386278307
0.008	1.9830497665174678	0.018556141357248684
0.008	2.3298803220047777	0.03373865330097944
0.008	2.737370693625137	0.053008038405342045
0.008	3.2161301349032976	0.05619576761738479
0.008	3.778623431865224	0.06862355007956278
0.008	4.439495431135667	0.09324078830476823
0.008	5.215952327206507	0.11449937756309006
0.008	6.128209635916073	0.1282363662707082
0.008	7.20001851739466	0.1405878025006541
0.008	8.459284151606322	0.1764396703298442
0.008	9.93879226626098	0.21042542661499805
0.008	11.67706273268193	0.2606912592190613
0.008	13.719352453503504	0.28192008413381714
0.008	16.118833652974903	0.2897154351416819
0.008	18.937978247357222	0.31251158498587783
0.008	22.25018433831799	0.3350649867851987
0.008	26.141687176043625	0.3277177570567821
0.008	30.713804345127713	0.28355576738324023
0.008	36.08557362798163	0.2342166225119203
0.008	42.396852224106	0.17128463594714832
0.008	49.811958015234694	0.1084156957179314
0.008	58.52394767884976	0.06340994175161348
0.008	68.75964303328955	0.03786721940721687
0.008	80.7855364783267	0.016217526005290795
0.008	94.91472928286424	0.006022815600552416
0.008	100.48705190778543	0.0036096191869624756
0.008	103.76380360043059	0.0026811863406906817
0.008	107.04055529307578	0.0021854900890091373
0.008	109.2250564215059	0.0020078121734902004
0.01	1.0407193115149367	9.581003048503508e-7
0.01	1.2227385744772497	0.00018018254324669313
0.01	1.4365925614835666	0.00308634491890413
0.01	1.6878490879313581	0.00804390556965642
0.01	1.9830497665174678	0.0316040084315052
0.01	2.3298803220047777	0.05761532497756297
0.01	2.737370693625137	0.0784243527088827
0.01	3.2161301349032976	0.06374606375973686
0.01	3.778623431865224	0.09030128773345343
0.01	4.439495431135667	0.10790738361698984
0.01	5.215952327206507	0.14691406490473016
0.01	6.128209635916073	0.1774711715141054
0.01	7.20001851739466	0.19831199870564542
0.01	8.459284151606322	0.23511349633379658
0.01	9.93879226626098	0.25910415790326513
0.01	11.67706273268193	0.3212144938149146
0.01	13.719352453503504	0.341181472275687
0.01	16.118833652974903	0.3445501393872954
0.01	18.937978247357222	0.3904390852172647
0.01	22.25018433831799	0.3747464679874708
0.01	26.141687176043625	0.35600154007686885
0.01	30.713804345127713	0.3204409717436746
0.01	36.08557362798163	0.2456654984705628
0.01	42.396852224106	0.16941595566087797
0.01	49.811958015234694	0.10349277342117512
0.01	58.52394767884976	0.05645180315148877
0.01	68.75964303328955	0.03133948514668302
0.01	80.7855364783267	0.01225102400190356
0.01	94.91472928286424	0.004047727235726914
0.01	100.48705190778543	0.0023369915967961868
0.01	103.76380360043059	0.0016806003873242798
0.01	107.04055529307578	0.0013384436890860971
0.01	109.2250564215059	0.0012209647957263556
0.011748975549395297	1.0407193115149367	0.000047309403662737226
0.011748975549395297	1.2227385744772497	0.0008293317235039188
0.011748975549395297	1.4365925614835666	0.006631773002838135
0.011748975549395297	1.6878490879313581	0.01277558953494922
0.011748975549395297	1.9830497665174678	0.024196019546039903
0.011748975549395297	2.3298803220047777	0.0501233104546595
0.011748975549395297	2.737370693625137	0.08270280896188179
0.011748975549395297	3.2161301349032976	0.08161745154552494
0.011748975549395297	3.778623431865224	0.10295576004095604
0.011748975549395297	4.439495431135667	0.13103068670934243
0.011748975549395297	5.215952327206507	0.15599355207482296
0.011748975549395297	6.128209635916073	0.19786787095379915
0.011748975549395297	7.20001851739466	0.22943723420117748
0.011748975549395297	8.459284151606322	0.2744771959710694
0.011748975549395297	9.93879226626098	0.30244986235495314
0.011748975549395297	11.67706273268193	0.35227124567860457
0.011748975549395297	13.719352453503504	0.392488045732066
0.011748975549395297	16.118833652974903	0.3901400754005855
0.011748975549395297	18.937978247357222	0.4215930482409123
0.011748975549395297	22.25018433831799	0.3999066306288231
0.011748975549395297	26.141687176043625	0.36993081444291764
0.011748975549395297	30.713804345127713	0.32005814615538514
0.011748975549395297	36.08557362798163	0.23863957493332288
0.011748975549395297	42.396852224106	0.1583140881169384
0.011748975549395297	49.811958015234694	0.09231334880630851
0.011748975549395297	58.52394767884976	0.04828365552276476
0.011748975549395297	68.75964303328955	0.02430708618818912
0.011748975549395297	80.7855364783267	0.010256510421269955
0.011748975549395297	94.91472928286424	0.003204802821688628
0.011748975549395297	100.48705190778543	0.0019426751354088352
0.011748975549395297	103.76380360043059	0.0014689961605334665
0.011748975549395297	107.04055529307578	0.0012196953604631067
0.011748975549395297	109.2250564215059	0.001133161845163933
0.013803842646028852	1.0407193115149367	0.0006073095956144032
0.013803842646028852	1.2227385744772497	0.00455950570590454
0.013803842646028852	1.4365925614835666	0.0062539479229375364
0.013803842646028852	1.6878490879313581	0.009007526166206689
0.013803842646028852	1.9830497665174678	0.022567899737329693
0.013803842646028852	2.3298803220047777	0.052943738809463875
0.013803842646028852	2.737370693625137	0.07611442338625363
0.013803842646028852	3.2161301349032976	0.09387833273848571
0.013803842646028852	3.778623431865224	0.1149618853093764
0.013803842646028852	4.439495431135667	0.15612581158676572
0.013803842646028852	5.215952327206507	0.17538579125867967
0.013803842646028852	6.128209635916073	0.21886384808699474
0.013803842646028852	7.20001851739466	0.26847710761299715
0.013803842646028852	8.459284151606322	0.30390062930844525
0.013803842646028852	9.93879226626098	0.3374053769382499
0.013803842646028852	11.67706273268193	0.37401733916358293
0.013803842646028852	13.719352453503504	0.4405669944940851
0.013803842646028852	16.118833652974903	0.44621008258673023
0.013803842646028852	18.937978247357222	0.4448191082687354
0.013803842646028852	22.25018433831799	0.4232399012904534
0.013803842646028852	26.141687176043625	0.3786216990061679
0.013803842646028852	30.713804345127713	0.31228885813290086
0.013803842646028852	36.08557362798163	0.22799325646060642
0.013803842646028852	42.396852224106	0.14228305896608115
0.013803842646028852	49.811958015234694	0.07841562230320522
0.013803842646028852	58.52394767884976	0.03867067140538577
0.013803842646028852	68.75964303328955	0.01815297922728444
0.013803842646028852	80.7855364783267	0.007634671820650771
0.013803842646028852	94.91472928286424	0.002436956252976009
0.013803842646028852	100.48705190778543	0.0013997450426821547
0.013803842646028852	103.76380360043059	0.0010270478456206166
0.013803842646028852	107.04055529307578	0.0008407721839591725
0.013803842646028852	109.2250564215059	0.0007809658665168751
0.0162181009735893	1.0407193115149367	0.002969902260921001
0.0162181009735893	1.2227385744772497	0.008783004516831488
0.0162181009735893	1.4365925614835666	0.005401883229504851
0.0162181009735893	1.6878490879313581	0.008471093654846659
0.0162181009735893	1.9830497665174678	0.02861495776136289
0.0162181009735893	2.3298803220047777	0.056571397111840914
0.0162181009735893	2.737370693625137	0.07360115665954263
0.0162181009735893	3.2161301349032976	0.09536415058288601
0.0162181009735893	3.778623431865224	0.13795191617573913
0.0162181009735893	4.439495431135667	0.18493267816941952
0.0162181009735893	5.215952327206507	0.2202593879160648
0.0162181009735893	6.128209635916073	0.2559102891580461
0.0162181009735893	7.20001851739466	0.30694482621365327
0.0162181009735893	8.459284151606322	0.3455614935561544
0.0162181009735893	9.93879226626098	0.38782271410814406
0.0162181009735893	11.67706273268193	0.42415360766049737
0.0162181009735893	13.719352453503504	0.47901849644889705
0.0162181009735893	16.118833652974903	0.49379431387828965
0.0162181009735893	18.937978247357222	0.48347989370152533
0.0162181009735893	22.25018433831799	0.43270887506926853
0.0162181009735893	26.141687176043625	0.3688514050607721
0.0162181009735893	30.713804345127713	0.28840297823103245
0.0162181009735893	36.08557362798163	0.19823711773021369
0.0162181009735893	42.396852224106	0.11377680939185512
0.0162181009735893	49.811958015234694	0.05737036158066937
0.0162181009735893	58.52394767884976	0.026562033388115747
0.0162181009735893	68.75964303328955	0.011788953112389752
0.0162181009735893	80.7855364783267	0.004687542808403576
0.0162181009735893	94.91472928286424	0.001212873619297748
0.0162181009735893	100.48705190778543	0.0005934216926171839
0.0162181009735893	103.76380360043059	0.00039119930913036156
0.0162181009735893	107.04055529307578	0.00029513425690713517
0.0162181009735893	109.2250564215059	0.0002657342281908769
0.019054607179632473	1.0407193115149367	0.0039102939063381135
0.019054607179632473	1.2227385744772497	0.005530064454090802
0.019054607179632473	1.4365925614835666	0.00627303026322734
0.019054607179632473	1.6878490879313581	0.013964444628546357
0.019054607179632473	1.9830497665174678	0.0370038739224517
0.019054607179632473	2.3298803220047777	0.05641308112398546
0.019054607179632473	2.737370693625137	0.08537875909169594
0.019054607179632473	3.2161301349032976	0.11547720903728913
0.019054607179632473	3.778623431865224	0.16207956060474912
0.019054607179632473	4.439495431135667	0.22327343221296647
0.019054607179632473	5.215952327206507	0.25675648790555033
0.019054607179632473	6.128209635916073	0.29581780507151084
0.019054607179632473	7.20001851739466	0.33185915611075634
0.019054607179632473	8.459284151606322	0.39118189965751127
0.019054607179632473	9.93879226626098	0.43255365515077054
0.019054607179632473	11.67706273268193	0.4821964392589792
0.019054607179632473	13.719352453503504	0.511355161734884
0.019054607179632473	16.118833652974903	0.5093355236542633
0.019054607179632473	18.937978247357222	0.48958784984217396
0.019054607179632473	22.25018433831799	0.42254453631330186
0.019054607179632473	26.141687176043625	0.34130408142520474
0.019054607179632473	30.713804345127713	0.25420045758246584
0.019054607179632473	36.08557362798163	0.15666287459440473
0.019054607179632473	42.396852224106	0.08466253213036608
0.019054607179632473	49.811958015234694	0.03774491037522453
0.019054607179632473	58.52394767884976	0.016138462934250086
0.019054607179632473	68.75964303328955	0.006177024187727972
0.019054607179632473	80.7855364783267	0.0020290954042012053
0.019054607179632473	94.91472928286424	0.0003895130236849479
0.019054607179632473	100.48705190778543	0.0001481655927778531
0.019054607179632473	103.76380360043059	0.00008292686047273527
0.019054607179632473	107.04055529307578	0.00005501021442026203
0.019054607179632473	109.2250564215059	0.00004708603455302585
0.0223872113856834	1.0407193115149367	0.0011610129558682028
0.0223872113856834	1.2227385744772497	0.0020307930504665636
0.0223872113856834	1.4365925614835666	0.014275747797017823
0.0223872113856834	1.6878490879313581	0.023540578883749486
0.0223872113856834	1.9830497665174678	0.045478529991570954
0.0223872113856834	2.3298803220047777	0.07220195383311197
0.0223872113856834	2.737370693625137	0.1031781006690664
0.0223872113856834	3.2161301349032976	0.14917011786041698
0.0223872113856834	3.778623431865224	0.18298254698556501
0.0223872113856834	4.439495431135667	0.2522428360798352
0.0223872113856834	5.215952327206507	0.2902839090941476
0.0223872113856834	6.128209635916073	0.33716694534590835
0.0223872113856834	7.20001851739466	0.3863741894328748
0.0223872113856834	8.459284151606322	0.4386015181623078
0.0223872113856834	9.93879226626098	0.47897061931427165
0.0223872113856834	11.67706273268193	0.5308788046673222
0.0223872113856834	13.719352453503504	0.5454748558136338
0.0223872113856834	16.118833652974903	0.5124944945495229
0.0223872113856834	18.937978247357222	0.4716000396896864
0.0223872113856834	22.25018433831799	0.3948558190193656
0.0223872113856834	26.141687176043625	0.2997928603028747
0.0223872113856834	30.713804345127713	0.2058140034961134
0.0223872113856834	36.08557362798163	0.11407965346766301
0.0223872113856834	42.396852224106	0.0578940327262131
0.0223872113856834	49.811958015234694	0.022814353430782197
0.0223872113856834	58.52394767884976	0.008503652121998502
0.0223872113856834	68.75964303328955	0.0027382908181272088
0.0223872113856834	80.7855364783267	0.0005724720848799992
0.0223872113856834	94.91472928286424	0.00007336179262686316
0.0223872113856834	100.48705190778543	0.000021231813817854676
0.0223872113856834	103.76380360043059	9.467349565934832e-6
0.0223872113856834	107.04055529307578	4.969829983675036e-6
0.0223872113856834	109.2250564215059	3.7734268371434243e-6
0.026302679918953815	1.0407193115149367	0.0022807442441929427
0.026302679918953815	1.2227385744772497	0.004402485251514991
0.026302679918953815	1.4365925614835666	0.01715780937018129
0.026302679918953815	1.6878490879313581	0.024582480618944948
0.026302679918953815	1.9830497665174678	0.05304946839686309
0.026302679918953815	2.3298803220047777	0.0902020078278956
0.026302679918953815	2.737370693625137	0.1205967952756583
0.026302679918953815	3.2161301349032976	0.17484510527289593
0.026302679918953815	3.778623431865224	0.2211617523441167
0.026302679918953815	4.439495431135667	0.2891850603724636
0.026302679918953815	5.215952327206507	0.32964092765105973
0.026302679918953815	6.128209635916073	0.38175514487664775
0.026302679918953815	7.20001851739466	0.44039294278677255
0.026302679918953815	8.459284151606322	0.4913941921512888
0.026302679918953815	9.93879226626098	0.5165226707104882
0.026302679918953815	11.67706273268193	0.550839800333918
0.026302679918953815	13.719352453503504	0.55649361843804
0.026302679918953815	16.118833652974903	0.50702905702713
0.026302679918953815	18.937978247357222	0.43465783271530956
0.026302679918953815	22.25018433831799	0.3460392259407226
0.026302679918953815	26.141687176043625	0.24329156010506614
0.026302679918953815	30.713804345127713	0.14561773483912901
0.026302679918953815	36.08557362798163	0.07592374947746347
0.026302679918953815	42.396852224106	0.034827229878715255
0.026302679918953815	49.811958015234694	0.012392768064310316
0.026302679918953815	58.52394767884976	0.0037824663393354074
0.026302679918953815	68.75964303328955	0.0009745054919534529
0.026302679918953815	80.7855364783267	0.00011322973583301177
0.026302679918953815	94.91472928286424	8.217013435682122e-6
0.026302679918953815	100.48705190778543	1.896041425153147e-6
0.026302679918953815	103.76380360043059	7.101622457069351e-7
0.026302679918953815	107.04055529307578	2.9094723749494616e-7
0.026302679918953815	109.2250564215059	1.7711339030215967e-7
0.030902954325135904	1.0407193115149367	0.0020120671575129113
0.030902954325135904	1.2227385744772497	0.0063872930138835
0.030902954325135904	1.4365925614835666	0.01776250215333272
0.030902954325135904	1.6878490879313581	0.02726754479776008
0.030902954325135904	1.9830497665174678	0.0646402619358906
0.030902954325135904	2.3298803220047777	0.10740179408354031
0.030902954325135904	2.737370693625137	0.1534814583245686
0.030902954325135904	3.2161301349032976	0.2071919051189607
0.030902954325135904	3.778623431865224	0.2678919069113326
0.030902954325135904	4.439495431135667	0.3154015752005151
0.030902954325135904	5.215952327206507	0.380524909605152
0.030902954325135904	6.128209635916073	0.4312553556391468
0.030902954325135904	7.20001851739466	0.4700440865944352
0.030902954325135904	8.459284151606322	0.5274565207227403
0.030902954325135904	9.93879226626098	0.5427754055194101
0.030902954325135904	11.67706273268193	0.560798651544437
0.030902954325135904	13.719352453503504	0.5349303166670054
0.030902954325135904	16.118833652974903	0.46737932105649754
0.030902954325135904	18.937978247357222	0.3756772998389239
0.030902954325135904	22.25018433831799	0.2706318169292376
0.030902954325135904	26.141687176043625	0.17218749351933996
0.030902954325135904	30.713804345127713	0.08997116831984894
0.030902954325135904	36.08557362798163	0.043811880946868206
0.030902954325135904	42.396852224106	0.018426646999629256
0.030902954325135904	49.811958015234694	0.005975307426571317
0.030902954325135904	58.52394767884976	0.0013593390918735823
0.030902954325135904	68.75964303328955	0.0002087795262913543
0.030902954325135904	80.7855364783267	8.938151399177681e-6
0.030902954325135904	94.91472928286424	2.490252756744188e-7
0.030902954325135904	100.48705190778543	5.049665141737297e-8
0.030902954325135904	103.76380360043059	1.739310046343245e-8
0.030902954325135904	107.04055529307578	6.281241021291555e-9
0.030902954325135904	109.2250564215059	3.285658670046071e-9
0.03630780547701014	1.0407193115149367	0.0018397835160226426
0.03630780547701014	1.2227385744772497	0.008243788031698663
0.03630780547701014	1.4365925614835666	0.016671840288811215
0.03630780547701014	1.6878490879313581	0.03546234447268093
0.03630780547701014	1.9830497665174678	0.07988613982587554
0.03630780547701014	2.3298803220047777	0.12025772096979087
0.03630780547701014	2.737370693625137	0.17874013302375824
0.03630780547701014	3.2161301349032976	0.2297785620300584
0.03630780547701014	3.778623431865224	0.2996337679896864
0.03630780547701014	4.439495431135667	0.33231641417998736
0.03630780547701014	5.215952327206507	0.4196007729308525
0.03630780547701014	6.128209635916073	0.4816200811799327
0.03630780547701014	7.20001851739466	0.5190918851341141
0.03630780547701014	8.459284151606322	0.5587749750978994
0.03630780547701014	9.93879226626098	0.5443903058757261
0.03630780547701014	11.67706273268193	0.5408269983221066
0.03630780547701014	13.719352453503504	0.48012673046598914
0.03630780547701014	16.118833652974903	0.38956165451027974
0.03630780547701014	18.937978247357222	0.29966534424324426
0.03630780547701014	22.25018433831799	0.19456127378825822
0.03630780547701014	26.141687176043625	0.10924182639442802
0.03630780547701014	30.713804345127713	0.0513599894744142
0.03630780547701014	36.08557362798163	0.022117571039666595
0.03630780547701014	42.396852224106	0.008137580178239776
0.03630780547701014	49.811958015234694	0.001914094790717075
0.03630780547701014	58.52394767884976	0.00028555527696524046
0.03630780547701014	68.75964303328955	0.00002667792155857106
0.03630780547701014	80.7855364783267	3.0434167678388783e-7
0.03630780547701014	94.91472928286424	9.328558880977682e-10
0.03630780547701014	100.48705190778543	1.4934958143172153e-10
0.03630780547701014	103.76380360043059	4.79728655574893e-11
0.03630780547701014	107.04055529307578	1.6535159366309537e-11
0.03630780547701014	109.2250564215059	8.205220637321874e-12
0.04265795188015928	1.0407193115149367	0.002139328725759355
0.04265795188015928	1.2227385744772497	0.009234689231605406
0.04265795188015928	1.4365925614835666	0.021926281249660014
0.04265795188015928	1.6878490879313581	0.04778726294998832
0.04265795188015928	1.9830497665174678	0.09470547620429162
0.04265795188015928	2.3298803220047777	0.13965184139950354
0.04265795188015928	2.737370693625137	0.20116787098518096
0.04265795188015928	3.2161301349032976	0.24181626599769981
0.04265795188015928	3.778623431865224	0.3199133284264441
0.04265795188015928	4.439495431135667	0.37355386130400997
0.04265795188015928	5.215952327206507	0.4524479276341629
0.04265795188015928	6.128209635916073	0.511396330609765
0.04265795188015928	7.20001851739466	0.5450873804860009
0.04265795188015928	8.459284151606322	0.5613515375592361
0.04265795188015928	9.93879226626098	0.5333596330458086
0.04265795188015928	11.67706273268193	0.47979015705685535
0.04265795188015928	13.719352453503504	0.4031242865404645
0.04265795188015928	16.118833652974903	0.3066902170647213
0.04265795188015928	18.937978247357222	0.21632945077709526
0.04265795188015928	22.25018433831799	0.12815393251664964
0.04265795188015928	26.141687176043625	0.06325584701002857
0.04265795188015928	30.713804345127713	0.025633705420271043
0.04265795188015928	36.08557362798163	0.009206998484474453
0.04265795188015928	42.396852224106	0.0028203471655722494
0.04265795188015928	49.811958015234694	0.0004596126874632559
0.04265795188015928	58.52394767884976	0.0000236620237620776
0.04265795188015928	68.75964303328955	1.1535310084751256e-6
0.04265795188015928	80.7855364783267	5.831984766579648e-9
0.04265795188015928	94.91472928286424	1.3355693910732052e-12
0.04265795188015928	100.48705190778543	3.71202538659783e-14
0.04265795188015928	103.76380360043059	4.764992267890827e-16
0.04265795188015928	107.04055529307578	7.162622500658045e-17
0.04265795188015928	109.2250564215059	0.
0.05011872336272725	1.0407193115149367	0.0008506755283459837
0.05011872336272725	1.2227385744772497	0.009089297946701595
0.05011872336272725	1.4365925614835666	0.026527806584960487
0.05011872336272725	1.6878490879313581	0.05685501578782849
0.05011872336272725	1.9830497665174678	0.10112537449418914
0.05011872336272725	2.3298803220047777	0.16620935712192453
0.05011872336272725	2.737370693625137	0.2343156822806249
0.05011872336272725	3.2161301349032976	0.28090032400637954
0.05011872336272725	3.778623431865224	0.3483373338318987
0.05011872336272725	4.439495431135667	0.424006387581802
0.05011872336272725	5.215952327206507	0.4852778966268791
0.05011872336272725	6.128209635916073	0.5225151213438975
0.05011872336272725	7.20001851739466	0.5459974338672308
0.05011872336272725	8.459284151606322	0.5367261332150494
0.05011872336272725	9.93879226626098	0.49435017382805885
0.05011872336272725	11.67706273268193	0.4130940541253065
0.05011872336272725	13.719352453503504	0.3202974399580693
0.05011872336272725	16.118833652974903	0.2227337771162551
0.05011872336272725	18.937978247357222	0.13986886979264854
0.05011872336272725	22.25018433831799	0.07587231814771758
0.05011872336272725	26.141687176043625	0.03363299227609684
0.05011872336272725	30.713804345127713	0.010840129716999642
0.05011872336272725	36.08557362798163	0.003040669907979226
0.05011872336272725	42.396852224106	0.000785968322129792
0.05011872336272725	49.811958015234694	0.00008784185200659157
0.05011872336272725	58.52394767884976	1.768660712481469e-6
0.05011872336272725	68.75964303328955	9.600377534931233e-9
0.05011872336272725	80.7855364783267	3.141428830294482e-11
0.05011872336272725	94.91472928286424	2.1500926935021912e-16
0.05011872336272725	100.48705190778543	0.
0.05011872336272725	103.76380360043059	0.
0.05011872336272725	107.04055529307578	0.
0.05011872336272725	109.2250564215059	0.
0.0588843655355589	1.0407193115149367	0.0008028072455619809
0.0588843655355589	1.2227385744772497	0.008163594475760165
0.0588843655355589	1.4365925614835666	0.02255675489288839
0.0588843655355589	1.6878490879313581	0.06484323398983502
0.0588843655355589	1.9830497665174678	0.11450087412404301
0.0588843655355589	2.3298803220047777	0.17915368029445622
0.0588843655355589	2.737370693625137	0.2609936437257272
0.0588843655355589	3.2161301349032976	0.32476912465365293
0.0588843655355589	3.778623431865224	0.3898650824555535
0.0588843655355589	4.439495431135667	0.46207809535848654
0.0588843655355589	5.215952327206507	0.5165716370084927
0.0588843655355589	6.128209635916073	0.5288459322118669
0.0588843655355589	7.20001851739466	0.5285194161371655
0.0588843655355589	8.459284151606322	0.5013766721772617
0.0588843655355589	9.93879226626098	0.42931545250669245
0.0588843655355589	11.67706273268193	0.33144439182978314
0.0588843655355589	13.719352453503504	0.22240160648800997
0.0588843655355589	16.118833652974903	0.14215133459616638
0.0588843655355589	18.937978247357222	0.08030664768384763
0.0588843655355589	22.25018433831799	0.03772567151893129
0.0588843655355589	26.141687176043625	0.014998100296146857
0.0588843655355589	30.713804345127713	0.003819291316918646
0.0588843655355589	36.08557362798163	0.0008314988538167869
0.0588843655355589	42.396852224106	0.00023303455973238278
0.0588843655355589	49.811958015234694	0.000031418734231668184
0.0588843655355589	58.52394767884976	4.3752417799320683e-7
0.0588843655355589	68.75964303328955	1.0429796202678862e-10
0.0588843655355589	80.7855364783267	1.3185762808136943e-16
0.0588843655355589	94.91472928286424	0.
0.0588843655355589	100.48705190778543	0.
0.0588843655355589	103.76380360043059	0.
0.0588843655355589	107.04055529307578	0.
0.0588843655355589	109.2250564215059	0.
0.06918309709189366	1.0407193115149367	0.0014585283327321417
0.06918309709189366	1.2227385744772497	0.009492316277992168
0.06918309709189366	1.4365925614835666	0.026049846612159602
0.06918309709189366	1.6878490879313581	0.06971660413507601
0.06918309709189366	1.9830497665174678	0.12381264074314527
0.06918309709189366	2.3298803220047777	0.1965197003607441
0.06918309709189366	2.737370693625137	0.2768676646157278
0.06918309709189366	3.2161301349032976	0.34748103525904245
0.06918309709189366	3.778623431865224	0.4197364658480367
0.06918309709189366	4.439495431135667	0.49037139557777387
0.06918309709189366	5.215952327206507	0.5343328206918411
0.06918309709189366	6.128209635916073	0.5213113978820375
0.06918309709189366	7.20001851739466	0.4808908574032849
0.06918309709189366	8.459284151606322	0.4316819127771959
0.06918309709189366	9.93879226626098	0.3389311394864241
0.06918309709189366	11.67706273268193	0.23969025290168114
0.06918309709189366	13.719352453503504	0.14190708025359414
0.06918309709189366	16.118833652974903	0.0791620507291629
0.06918309709189366	18.937978247357222	0.03992866583904445
0.06918309709189366	22.25018433831799	0.01505969279318008
0.06918309709189366	26.141687176043625	0.004925235371488676
0.06918309709189366	30.713804345127713	0.001130934746778189
0.06918309709189366	36.08557362798163	0.0002323316708121029
0.06918309709189366	42.396852224106	0.000058758897691094056
0.06918309709189366	49.811958015234694	0.00002022101988855429
0.06918309709189366	58.52394767884976	4.015912994057437e-7
0.06918309709189366	68.75964303328955	9.648308071515797e-11
0.06918309709189366	80.7855364783267	0.
0.06918309709189366	94.91472928286424	0.
0.06918309709189366	100.48705190778543	0.
0.06918309709189366	103.76380360043059	0.
0.06918309709189366	107.04055529307578	0.
0.06918309709189366	109.2250564215059	0.
0.08128305161640995	1.0407193115149367	0.003516871197783028
0.08128305161640995	1.2227385744772497	0.010249063061400537
0.08128305161640995	1.4365925614835666	0.03564293324288743
0.08128305161640995	1.6878490879313581	0.07330989809240036
0.08128305161640995	1.9830497665174678	0.13579975829823474
0.08128305161640995	2.3298803220047777	0.22287160800595898
0.08128305161640995	2.737370693625137	0.302834567277981
0.08128305161640995	3.2161301349032976	0.37502824143003594
0.08128305161640995	3.778623431865224	0.44352220241971446
0.08128305161640995	4.439495431135667	0.48862612932112454
0.08128305161640995	5.215952327206507	0.5160886182035098
0.08128305161640995	6.128209635916073	0.4826112045541623
0.08128305161640995	7.20001851739466	0.41236144692881044
0.08128305161640995	8.459284151606322	0.3329105128342663
0.08128305161640995	9.93879226626098	0.23940748994196603
0.08128305161640995	11.67706273268193	0.1531248488573233
0.08128305161640995	13.719352453503504	0.08321731984003074
0.08128305161640995	16.118833652974903	0.03917649582339884
0.08128305161640995	18.937978247357222	0.015788958867813705
0.08128305161640995	22.25018433831799	0.005293422799689069
0.08128305161640995	26.141687176043625	0.0013795550365263928
0.08128305161640995	30.713804345127713	0.00026440072667962856
0.08128305161640995	36.08557362798163	0.000053547119013217136
0.08128305161640995	42.396852224106	7.067670916588327e-6
0.08128305161640995	49.811958015234694	2.958953821450349e-6
0.08128305161640995	58.52394767884976	6.457227917737992e-8
0.08128305161640995	68.75964303328955	1.5919063308636406e-11
0.08128305161640995	80.7855364783267	0.
0.08128305161640995	94.91472928286424	0.
0.08128305161640995	100.48705190778543	0.
0.08128305161640995	103.76380360043059	0.
0.08128305161640995	107.04055529307578	0.
0.08128305161640995	109.2250564215059	0.
0.09549925860214359	1.0407193115149367	0.0062694765953285065
0.09549925860214359	1.2227385744772497	0.010480491083960085
0.09549925860214359	1.4365925614835666	0.03966043929721661
0.09549925860214359	1.6878490879313581	0.07912164683064779
0.09549925860214359	1.9830497665174678	0.15842195909078616
0.09549925860214359	2.3298803220047777	0.24227639883817872
0.09549925860214359	2.737370693625137	0.3259232912973764
0.09549925860214359	3.2161301349032976	0.39396871148393475
0.09549925860214359	3.778623431865224	0.44595916112544365
0.09549925860214359	4.439495431135667	0.473859501948521
0.09549925860214359	5.215952327206507	0.4617844362944312
0.09549925860214359	6.128209635916073	0.4056122738489806
0.09549925860214359	7.20001851739466	0.32449619165017457
0.09549925860214359	8.459284151606322	0.23698896987226759
0.09549925860214359	9.93879226626098	0.14764136637417022
0.09549925860214359	11.67706273268193	0.08236480360864898
0.09549925860214359	13.719352453503504	0.041001630571731784
0.09549925860214359	16.118833652974903	0.01667535206849172
0.09549925860214359	18.937978247357222	0.005250400745558728
0.09549925860214359	22.25018433831799	0.0015600484943585268
0.09549925860214359	26.141687176043625	0.00033528376487107324
0.09549925860214359	30.713804345127713	0.00007735752393530252
0.09549925860214359	36.08557362798163	5.999793144240318e-6
0.09549925860214359	42.396852224106	1.9667823112222153e-7
0.09549925860214359	49.811958015234694	5.2733500651844594e-8
0.09549925860214359	58.52394767884976	1.1740629481195406e-9
0.09549925860214359	68.75964303328955	2.912688921606008e-13
0.09549925860214359	80.7855364783267	0.
0.09549925860214359	94.91472928286424	0.
0.09549925860214359	100.48705190778543	0.
0.09549925860214359	103.76380360043059	0.
0.09549925860214359	107.04055529307578	0.
0.09549925860214359	109.2250564215059	0.
0.11220184543019636	1.0407193115149367	0.006764342410247426
0.11220184543019636	1.2227385744772497	0.014475753386204743
0.11220184543019636	1.4365925614835666	0.04348303552133933
0.11220184543019636	1.6878490879313581	0.09322305295578144
0.11220184543019636	1.9830497665174678	0.17452073367339777
0.11220184543019636	2.3298803220047777	0.2561773906110338
0.11220184543019636	2.737370693625137	0.3475505362529246
0.11220184543019636	3.2161301349032976	0.4044501310265904
0.11220184543019636	3.778623431865224	0.4305044587923042
0.11220184543019636	4.439495431135667	0.42576342362036
0.11220184543019636	5.215952327206507	0.3861659804499361
0.11220184543019636	6.128209635916073	0.31607631793587393
0.11220184543019636	7.20001851739466	0.23080872306785444
0.11220184543019636	8.459284151606322	0.1481281451630485
0.11220184543019636	9.93879226626098	0.08110678778296668
0.11220184543019636	11.67706273268193	0.039449834792788435
0.11220184543019636	13.719352453503504	0.016761179852737982
0.11220184543019636	16.118833652974903	0.0057417830813395535
0.11220184543019636	18.937978247357222	0.0015355192864027773
0.11220184543019636	22.25018433831799	0.00038546145796159673
0.11220184543019636	26.141687176043625	0.00007331926854771414
0.11220184543019636	30.713804345127713	0.000021837336867127456
0.11220184543019636	36.08557362798163	1.4255313593589174e-6
0.11220184543019636	42.396852224106	2.6915606828832872e-9
0.11220184543019636	49.811958015234694	1.6121183570933598e-10
0.11220184543019636	58.52394767884976	3.584544330415787e-12
0.11220184543019636	68.75964303328955	8.881629584795632e-16
0.11220184543019636	80.7855364783267	0.
0.11220184543019636	94.91472928286424	0.
0.11220184543019636	100.48705190778543	0.
0.11220184543019636	103.76380360043059	0.
0.11220184543019636	107.04055529307578	0.
0.11220184543019636	109.2250564215059	0.
0.13182567385564073	1.0407193115149367	0.006664022233387032
0.13182567385564073	1.2227385744772497	0.018898298882496962
0.13182567385564073	1.4365925614835666	0.04951707380295371
0.13182567385564073	1.6878490879313581	0.10105421582010568
0.13182567385564073	1.9830497665174678	0.18001744471442588
0.13182567385564073	2.3298803220047777	0.26203929588586455
0.13182567385564073	2.737370693625137	0.33895382545648567
0.13182567385564073	3.2161301349032976	0.3818764435121397
0.13182567385564073	3.778623431865224	0.3944474449561376
0.13182567385564073	4.439495431135667	0.3523052804543768
0.13182567385564073	5.215952327206507	0.29227941439425675
0.13182567385564073	6.128209635916073	0.22058977424193338
0.13182567385564073	7.20001851739466	0.14353347145719123
0.13182567385564073	8.459284151606322	0.07948199789883709
0.13182567385564073	9.93879226626098	0.03950382065477053
0.13182567385564073	11.67706273268193	0.016900962297707982
0.13182567385564073	13.719352453503504	0.005477087661045444
0.13182567385564073	16.118833652974903	0.001394001890939141
0.13182567385564073	18.937978247357222	0.00032122675665628437
0.13182567385564073	22.25018433831799	0.00010565845621761833
0.13182567385564073	26.141687176043625	0.000015617526947729158
0.13182567385564073	30.713804345127713	1.4636224807692733e-6
0.13182567385564073	36.08557362798163	1.0291313844732353e-7
0.13182567385564073	42.396852224106	1.2130342289509828e-10
0.13182567385564073	49.811958015234694	0.
0.13182567385564073	58.52394767884976	4.478727904121264e-19
0.13182567385564073	68.75964303328955	0.
0.13182567385564073	80.7855364783267	0.
0.13182567385564073	94.91472928286424	0.
0.13182567385564073	100.48705190778543	0.
0.13182567385564073	103.76380360043059	0.
0.13182567385564073	107.04055529307578	0.
0.13182567385564073	109.2250564215059	0.
0.1548816618912482	1.0407193115149367	0.007727565932534274
0.1548816618912482	1.2227385744772497	0.020258990988382037
0.1548816618912482	1.4365925614835666	0.054661331397238826
0.1548816618912482	1.6878490879313581	0.10784949988737931
0.1548816618912482	1.9830497665174678	0.18886560733985663
0.1548816618912482	2.3298803220047777	0.2608471966628328
0.1548816618912482	2.737370693625137	0.3147993111792457
0.1548816618912482	3.2161301349032976	0.33633669932155685
0.1548816618912482	3.778623431865224	0.3276398488105465
0.1548816618912482	4.439495431135667	0.2704017417321487
0.1548816618912482	5.215952327206507	0.20066124320077672
0.1548816618912482	6.128209635916073	0.13674026075791457
0.1548816618912482	7.20001851739466	0.07902577889608094
0.1548816618912482	8.459284151606322	0.03819471286635887
0.1548816618912482	9.93879226626098	0.01688225212687981
0.1548816618912482	11.67706273268193	0.006457336906358442
0.1548816618912482	13.719352453503504	0.0014877379096287268
0.1548816618912482	16.118833652974903	0.0002451550453689714
0.1548816618912482	18.937978247357222	0.000046059517018743025
0.1548816618912482	22.25018433831799	0.000016582424002876142
0.1548816618912482	26.141687176043625	1.1816038601969706e-6
0.1548816618912482	30.713804345127713	1.503765482860225e-8
0.1548816618912482	36.08557362798163	7.963592881672822e-10
0.1548816618912482	42.396852224106	9.529604708918667e-13
0.1548816618912482	49.811958015234694	5.743193815480533e-19
0.1548816618912482	58.52394767884976	4.2854818095558556e-19
0.1548816618912482	68.75964303328955	0.
0.1548816618912482	80.7855364783267	1.014136429626226e-20
0.1548816618912482	94.91472928286424	4.37682195002036e-20
0.1548816618912482	100.48705190778543	0.
0.1548816618912482	103.76380360043059	0.
0.1548816618912482	107.04055529307578	0.
0.1548816618912482	109.2250564215059	0.
0.18197008586099844	1.0407193115149367	0.007111201317801882
0.18197008586099844	1.2227385744772497	0.02162239147378559
0.18197008586099844	1.4365925614835666	0.059087042173478516
0.18197008586099844	1.6878490879313581	0.1170685599273122
0.18197008586099844	1.9830497665174678	0.19195049245572482
0.18197008586099844	2.3298803220047777	0.2530703741121655
0.18197008586099844	2.737370693625137	0.28706519416744
0.18197008586099844	3.2161301349032976	0.28129619452739124
0.18197008586099844	3.778623431865224	0.24484824468337674
0.18197008586099844	4.439495431135667	0.18611072697291717
0.18197008586099844	5.215952327206507	0.12295464593495575
0.18197008586099844	6.128209635916073	0.07339550206295019
0.18197008586099844	7.20001851739466	0.03868262522523395
0.18197008586099844	8.459284151606322	0.015487076718921456
0.18197008586099844	9.93879226626098	0.005584766593022225
0.18197008586099844	11.67706273268193	0.0017319137897898777
0.18197008586099844	13.719352453503504	0.00036469625991698704
0.18197008586099844	16.118833652974903	0.000048801563503969556
0.18197008586099844	18.937978247357222	3.6609380294850608e-6
0.18197008586099844	22.25018433831799	9.513110883731425e-7
0.18197008586099844	26.141687176043625	1.9546543155868984e-8
0.18197008586099844	30.713804345127713	6.432849203567664e-11
0.18197008586099844	36.08557362798163	7.642435501436688e-13
0.18197008586099844	42.396852224106	9.260150840364515e-16
0.18197008586099844	49.811958015234694	1.2281746313705599e-18
0.18197008586099844	58.52394767884976	5.125564478777238e-19
0.18197008586099844	68.75964303328955	6.001864573918457e-20
0.18197008586099844	80.7855364783267	1.5841700434650408e-19
0.18197008586099844	94.91472928286424	4.0112018346394017e-19
0.18197008586099844	100.48705190778543	0.
0.18197008586099844	103.76380360043059	0.
0.18197008586099844	107.04055529307578	4.399365927573464e-20
0.18197008586099844	109.2250564215059	1.0140201186178305e-19
0.21379620895022325	1.0407193115149367	0.007201505966699755
0.21379620895022325	1.2227385744772497	0.023998916500160915
0.21379620895022325	1.4365925614835666	0.06223249428279893
0.21379620895022325	1.6878490879313581	0.12208905277902352
0.21379620895022325	1.9830497665174678	0.1763140771066884
0.21379620895022325	2.3298803220047777	0.22112940682000506
0.21379620895022325	2.737370693625137	0.23472047083085887
0.21379620895022325	3.2161301349032976	0.2124642145742016
0.21379620895022325	3.778623431865224	0.16475491070742426
0.21379620895022325	4.439495431135667	0.11180290713886296
0.21379620895022325	5.215952327206507	0.06511059383004952
0.21379620895022325	6.128209635916073	0.032330732005295175
0.21379620895022325	7.20001851739466	0.014412881778766394
0.21379620895022325	8.459284151606322	0.004755044250667709
0.21379620895022325	9.93879226626098	0.0012605204657602147
0.21379620895022325	11.67706273268193	0.0002728577591648562
0.21379620895022325	13.719352453503504	0.00007171806607377966
0.21379620895022325	16.118833652974903	5.593646440078921e-6
0.21379620895022325	18.937978247357222	1.0040375195326452e-7
0.21379620895022325	22.25018433831799	1.4295469605779995e-8
0.21379620895022325	26.141687176043625	1.0768839653557372e-10
0.21379620895022325	30.713804345127713	9.985253500562286e-14
0.21379620895022325	36.08557362798163	9.544004969822648e-20
0.21379620895022325	42.396852224106	0.
0.21379620895022325	49.811958015234694	9.459661204231937e-19
0.21379620895022325	58.52394767884976	4.626534146751289e-19
0.21379620895022325	68.75964303328955	3.690967109480515e-20
0.21379620895022325	80.7855364783267	1.8216131529097425e-19
0.21379620895022325	94.91472928286424	3.676436348662226e-19
0.21379620895022325	100.48705190778543	0.
0.21379620895022325	103.76380360043059	0.
0.21379620895022325	107.04055529307578	6.616155328214883e-21
0.21379620895022325	109.2250564215059	1.5249730804754512e-20
0.25118864315095807	1.0407193115149367	0.008371408776448324
0.25118864315095807	1.2227385744772497	0.026039897429949856
0.25118864315095807	1.4365925614835666	0.06493258408337628
0.25118864315095807	1.6878490879313581	0.11861341760831134
0.25118864315095807	1.9830497665174678	0.15641529854154584
0.25118864315095807	2.3298803220047777	0.18045679748973564
0.25118864315095807	2.737370693625137	0.17374855312117662
0.25118864315095807	3.2161301349032976	0.14310353866019598
0.25118864315095807	3.778623431865224	0.09954706928782717
0.25118864315095807	4.439495431135667	0.05700780776647328
0.25118864315095807	5.215952327206507	0.028362478199904628
0.25118864315095807	6.128209635916073	0.011992222244415962
0.25118864315095807	7.20001851739466	0.004017248019287537
0.25118864315095807	8.459284151606322	0.0009586360074911127
0.25118864315095807	9.93879226626098	0.0001764980532514069
0.25118864315095807	11.67706273268193	0.000020296445581882037
0.25118864315095807	13.719352453503504	6.431061682513931e-6
0.25118864315095807	16.118833652974903	2.977797367404059e-7
0.25118864315095807	18.937978247357222	7.119835396940845e-10
0.25118864315095807	22.25018433831799	1.9442440183624218e-11
0.25118864315095807	26.141687176043625	9.499465527829629e-14
0.25118864315095807	30.713804345127713	0.
0.25118864315095807	36.08557362798163	0.
0.25118864315095807	42.396852224106	0.
0.25118864315095807	49.811958015234694	6.896367495710569e-19
0.25118864315095807	58.52394767884976	4.236580073869549e-19
0.25118864315095807	68.75964303328955	4.109933980512451e-20
0.25118864315095807	80.7855364783267	3.108097159710341e-19
0.25118864315095807	94.91472928286424	3.2695399819796753e-19
0.25118864315095807	100.48705190778543	7.708597270785238e-21
0.25118864315095807	103.76380360043059	0.
0.25118864315095807	107.04055529307578	0.
0.25118864315095807	109.2250564215059	0.
0.2951209226666387	1.0407193115149367	0.008937932048045083
0.2951209226666387	1.2227385744772497	0.027520179196951388
0.2951209226666387	1.4365925614835666	0.06309349422158876
0.2951209226666387	1.6878490879313581	0.10425360052015167
0.2951209226666387	1.9830497665174678	0.127775073750218
0.2951209226666387	2.3298803220047777	0.13235480516308146
0.2951209226666387	2.737370693625137	0.11457552395918616
0.2951209226666387	3.2161301349032976	0.08469886356632192
0.2951209226666387	3.778623431865224	0.0521618590736073
0.2951209226666387	4.439495431135667	0.024879057014377072
0.2951209226666387	5.215952327206507	0.010811504808940912
0.2951209226666387	6.128209635916073	0.003513558918377139
0.2951209226666387	7.20001851739466	0.000771167471306643
0.2951209226666387	8.459284151606322	0.00009921751050716658
0.2951209226666387	9.93879226626098	0.00002937857578858211
0.2951209226666387	11.67706273268193	8.859821749134567e-6
0.2951209226666387	13.719352453503504	1.7682666084690116e-7
0.2951209226666387	16.118833652974903	5.002223843526416e-9
0.2951209226666387	18.937978247357222	3.853003189014356e-12
0.2951209226666387	22.25018433831799	4.2410339769908067e-17
0.2951209226666387	26.141687176043625	0.
0.2951209226666387	30.713804345127713	0.
0.2951209226666387	36.08557362798163	0.
0.2951209226666387	42.396852224106	0.
0.2951209226666387	49.811958015234694	1.0708011765960963e-18
0.2951209226666387	58.52394767884976	4.898972884334719e-19
0.2951209226666387	68.75964303328955	5.347738603123454e-20
0.2951209226666387	80.7855364783267	4.850138401682171e-19
0.2951209226666387	94.91472928286424	3.7835335561768485e-19
0.2951209226666387	100.48705190778543	4.6488602766369444e-20
0.2951209226666387	103.76380360043059	0.
0.2951209226666387	107.04055529307578	0.
0.2951209226666387	109.2250564215059	0.
0.34673685045253166	1.0407193115149367	0.009320949892203504
0.34673685045253166	1.2227385744772497	0.027810386066651503
0.34673685045253166	1.4365925614835666	0.05656500435482598
0.34673685045253166	1.6878490879313581	0.08546689364362102
0.34673685045253166	1.9830497665174678	0.09381773860674168
0.34673685045253166	2.3298803220047777	0.08581369573948378
0.34673685045253166	2.737370693625137	0.06668917166465925
0.34673685045253166	3.2161301349032976	0.04231318435619869
0.34673685045253166	3.778623431865224	0.022570970547523196
0.34673685045253166	4.439495431135667	0.009468789394635614
0.34673685045253166	5.215952327206507	0.0031663201804501984
0.34673685045253166	6.128209635916073	0.0007183937471338922
0.34673685045253166	7.20001851739466	0.00010321828365516327
0.34673685045253166	8.459284151606322	5.145092288739138e-6
0.34673685045253166	9.93879226626098	0.000013557528419505585
0.34673685045253166	11.67706273268193	5.867875411726534e-6
0.34673685045253166	13.719352453503504	3.539210140418333e-8
0.34673685045253166	16.118833652974903	1.872463257297267e-11
0.34673685045253166	18.937978247357222	1.0480616700840062e-14
0.34673685045253166	22.25018433831799	5.801557879342008e-19
0.34673685045253166	26.141687176043625	4.6327838502258346e-20
0.34673685045253166	30.713804345127713	0.
0.34673685045253166	36.08557362798163	1.1404191585007948e-20
0.34673685045253166	42.396852224106	0.
0.34673685045253166	49.811958015234694	5.88333436154085e-19
0.34673685045253166	58.52394767884976	3.544861778989611e-19
0.34673685045253166	68.75964303328955	3.9402887061586476e-20
0.34673685045253166	80.7855364783267	3.500621716938012e-19
0.34673685045253166	94.91472928286424	2.3861085747374964e-19
0.34673685045253166	100.48705190778543	1.1589386701031561e-21
0.34673685045253166	103.76380360043059	0.
0.34673685045253166	107.04055529307578	0.
0.34673685045253166	109.2250564215059	0.
0.40738027780411284	1.0407193115149367	0.01030956882471194
0.40738027780411284	1.2227385744772497	0.027709059194199786
0.40738027780411284	1.4365925614835666	0.05014400119527212
0.40738027780411284	1.6878490879313581	0.06370637299722579
0.40738027780411284	1.9830497665174678	0.0620349299992619
0.40738027780411284	2.3298803220047777	0.049580334546928416
0.40738027780411284	2.737370693625137	0.0320673779685733
0.40738027780411284	3.2161301349032976	0.0183930124219434
0.40738027780411284	3.778623431865224	0.008123670449156302
0.40738027780411284	4.439495431135667	0.0027551949679744925
0.40738027780411284	5.215952327206507	0.0006031470095630089
0.40738027780411284	6.128209635916073	0.00008001589291072196
0.40738027780411284	7.20001851739466	6.691959832435607e-6
0.40738027780411284	8.459284151606322	1.2405179767584744e-7
0.40738027780411284	9.93879226626098	1.21450295291772e-6
0.40738027780411284	11.67706273268193	5.338959897542547e-7
0.40738027780411284	13.719352453503504	3.1768500580423986e-9
0.40738027780411284	16.118833652974903	0.
0.40738027780411284	18.937978247357222	0.
0.40738027780411284	22.25018433831799	7.941034641897961e-19
0.40738027780411284	26.141687176043625	0.
0.40738027780411284	30.713804345127713	0.
0.40738027780411284	36.08557362798163	5.986890954208672e-20
0.40738027780411284	42.396852224106	0.
0.40738027780411284	49.811958015234694	5.2451259530405e-19
0.40738027780411284	58.52394767884976	2.071430475818048e-19
0.40738027780411284	68.75964303328955	2.3579541950658937e-20
0.40738027780411284	80.7855364783267	3.281528566495968e-19
0.40738027780411284	94.91472928286424	1.6713371956864962e-19
0.40738027780411284	100.48705190778543	0.
0.40738027780411284	103.76380360043059	0.
0.40738027780411284	107.04055529307578	0.
0.40738027780411284	109.2250564215059	0.
0.47863009232263853	1.0407193115149367	0.00965284862208525
0.47863009232263853	1.2227385744772497	0.024109461505479775
0.47863009232263853	1.4365925614835666	0.04139898670967521
0.47863009232263853	1.6878490879313581	0.04155502269077739
0.47863009232263853	1.9830497665174678	0.035974712632906386
0.47863009232263853	2.3298803220047777	0.02571851371782168
0.47863009232263853	2.737370693625137	0.013621762838273163
0.47863009232263853	3.2161301349032976	0.006613057215941194
0.47863009232263853	3.778623431865224	0.002246716094326943
0.47863009232263853	4.439495431135667	0.0005069672027747418
0.47863009232263853	5.215952327206507	0.0000881749664266485
0.47863009232263853	6.128209635916073	4.246642815336862e-6
0.47863009232263853	7.20001851739466	1.2522681503288076e-7
0.47863009232263853	8.459284151606322	1.040516504605738e-9
0.47863009232263853	9.93879226626098	1.2508137915387202e-8
0.47863009232263853	11.67706273268193	5.502795021920771e-9
0.47863009232263853	13.719352453503504	3.274363398648726e-11
0.47863009232263853	16.118833652974903	0.
0.47863009232263853	18.937978247357222	0.
0.47863009232263853	22.25018433831799	3.434124640933749e-20
0.47863009232263853	26.141687176043625	0.
0.47863009232263853	30.713804345127713	0.
0.47863009232263853	36.08557362798163	0.
0.47863009232263853	42.396852224106	0.
0.47863009232263853	49.811958015234694	3.354645103520836e-19
0.47863009232263853	58.52394767884976	1.7767091732219747e-19
0.47863009232263853	68.75964303328955	2.5968508622670793e-20
0.47863009232263853	80.7855364783267	2.9082656743481945e-19
0.47863009232263853	94.91472928286424	1.3808407422345493e-19
0.47863009232263853	100.48705190778543	1.1398896746570312e-20
0.47863009232263853	103.76380360043059	1.893301761536191e-20
0.47863009232263853	107.04055529307578	0.
0.47863009232263853	109.2250564215059	0.
0.5623413251903494	1.0407193115149367	0.008687030641675078
0.5623413251903494	1.2227385744772497	0.01901256647102692
0.5623413251903494	1.4365925614835666	0.029124379480811653
0.5623413251903494	1.6878490879313581	0.024357624694961173
0.5623413251903494	1.9830497665174678	0.0186152381827415
0.5623413251903494	2.3298803220047777	0.011313250899375165
0.5623413251903494	2.737370693625137	0.0049715372396316945
0.5623413251903494	3.2161301349032976	0.0017177302263421334
0.5623413251903494	3.778623431865224	0.00038707577293069657
0.5623413251903494	4.439495431135667	0.00004612605543021109
0.5623413251903494	5.215952327206507	7.3739518798667736e-6
0.5623413251903494	6.128209635916073	1.0022569549870868e-7
0.5623413251903494	7.20001851739466	9.469080796662247e-10
0.5623413251903494	8.459284151606322	2.4633445959154707e-12
0.5623413251903494	9.93879226626098	2.3716360072273477e-11
0.5623413251903494	11.67706273268193	1.0434181862103273e-11
0.5623413251903494	13.719352453503504	6.208692265110998e-14
0.5623413251903494	16.118833652974903	0.
0.5623413251903494	18.937978247357222	0.
0.5623413251903494	22.25018433831799	0.
0.5623413251903494	26.141687176043625	0.
0.5623413251903494	30.713804345127713	0.
0.5623413251903494	36.08557362798163	1.2447956038059472e-19
0.5623413251903494	42.396852224106	0.
0.5623413251903494	49.811958015234694	2.754758761450825e-19
0.5623413251903494	58.52394767884976	1.5267901092320722e-19
0.5623413251903494	68.75964303328955	2.7696691955777295e-20
0.5623413251903494	80.7855364783267	2.545268373198451e-19
0.5623413251903494	94.91472928286424	9.624208126471054e-20
0.5623413251903494	100.48705190778543	1.3345958240916173e-20
0.5623413251903494	103.76380360043059	2.2166992831580505e-20
0.5623413251903494	107.04055529307578	0.
0.5623413251903494	109.2250564215059	0.
0.6606934480075964	1.0407193115149367	0.006502123830442431
0.6606934480075964	1.2227385744772497	0.01281540587251532
0.6606934480075964	1.4365925614835666	0.015787747398511708
0.6606934480075964	1.6878490879313581	0.011758315006350377
0.6606934480075964	1.9830497665174678	0.008363147519624138
0.6606934480075964	2.3298803220047777	0.004225050917395649
0.6606934480075964	2.737370693625137	0.0013582768459062715
0.6606934480075964	3.2161301349032976	0.0002882124425824693
0.6606934480075964	3.778623431865224	0.00002561557061316579
0.6606934480075964	4.439495431135667	1.0613241892506253e-6
0.6606934480075964	5.215952327206507	1.123693115861839e-7
0.6606934480075964	6.128209635916073	7.497654468875214e-10
0.6606934480075964	7.20001851739466	9.375690303129864e-13
0.6606934480075964	8.459284151606322	2.080816931390917e-16
0.6606934480075964	9.93879226626098	0.
0.6606934480075964	11.67706273268193	7.52607024489211e-21
0.6606934480075964	13.719352453503504	3.1843813222839564e-19
0.6606934480075964	16.118833652974903	0.
0.6606934480075964	18.937978247357222	0.
0.6606934480075964	22.25018433831799	4.655862065781709e-19
0.6606934480075964	26.141687176043625	1.774973931612824e-20
0.6606934480075964	30.713804345127713	0.
0.6606934480075964	36.08557362798163	0.
0.6606934480075964	42.396852224106	0.
0.6606934480075964	49.811958015234694	2.2560342279539236e-19
0.6606934480075964	58.52394767884976	1.162999084945064e-19
0.6606934480075964	68.75964303328955	1.5971794936649938e-20
0.6606934480075964	80.7855364783267	2.0576150881405194e-19
0.6606934480075964	94.91472928286424	8.044796481578397e-20
0.6606934480075964	100.48705190778543	1.7192596847037747e-20
0.6606934480075964	103.76380360043059	3.2935662459033126e-20
0.6606934480075964	107.04055529307578	7.518794038706989e-21
0.6606934480075964	109.2250564215059	0.
0.776247116628692	1.0407193115149367	0.0037031981906295915
0.776247116628692	1.2227385744772497	0.007273782663409856
0.776247116628692	1.4365925614835666	0.007768323614393605
0.776247116628692	1.6878490879313581	0.005098871172403009
0.776247116628692	1.9830497665174678	0.003060026669630268
0.776247116628692	2.3298803220047777	0.0010620705716087647
0.776247116628692	2.737370693625137	0.00020770835009001316
0.776247116628692	3.2161301349032976	0.000026275158760117976
0.776247116628692	3.778623431865224	6.232172593637831e-7
0.776247116628692	4.439495431135667	5.1306873632999105e-9
0.776247116628692	5.215952327206507	2.0576092830608665e-10
0.776247116628692	6.128209635916073	1.1768483050525064e-12
0.776247116628692	7.20001851739466	2.973585590246667e-18
0.776247116628692	8.459284151606322	0.
0.776247116628692	9.93879226626098	0.
0.776247116628692	11.67706273268193	8.072816928396471e-21
0.776247116628692	13.719352453503504	0.
0.776247116628692	16.118833652974903	0.
0.776247116628692	18.937978247357222	0.
0.776247116628692	22.25018433831799	1.0363912426446848e-18
0.776247116628692	26.141687176043625	5.517563360373799e-20
0.776247116628692	30.713804345127713	0.
0.776247116628692	36.08557362798163	1.8166645276525386e-19
0.776247116628692	42.396852224106	0.
0.776247116628692	49.811958015234694	9.186601239149511e-20
0.776247116628692	58.52394767884976	7.234934234562043e-20
0.776247116628692	68.75964303328955	4.445522194956291e-21
0.776247116628692	80.7855364783267	1.1217529628513404e-19
0.776247116628692	94.91472928286424	5.378012252194103e-20
0.776247116628692	100.48705190778543	8.639404049886153e-21
0.776247116628692	103.76380360043059	2.42844356506282e-20
0.776247116628692	107.04055529307578	1.2586863798001208e-20
0.776247116628692	109.2250564215059	0.
0.8913135637444307	1.0407193115149367	0.002257403281892907
0.8913135637444307	1.2227385744772497	0.0036899366468216835
0.8913135637444307	1.4365925614835666	0.003316549383456957
0.8913135637444307	1.6878490879313581	0.0017586602603585555
0.8913135637444307	1.9830497665174678	0.0008151268774860824
0.8913135637444307	2.3298803220047777	0.00017692571428466769
0.8913135637444307	2.737370693625137	0.0000181754167293456
0.8913135637444307	3.2161301349032976	1.7675362415265755e-6
0.8913135637444307	3.778623431865224	1.8240702424590156e-8
0.8913135637444307	4.439495431135667	2.0260442708936223e-11
0.8913135637444307	5.215952327206507	9.951902846759016e-15
0.8913135637444307	6.128209635916073	0.
0.8913135637444307	7.20001851739466	7.311058902697517e-19
0.8913135637444307	8.459284151606322	1.5207124289511674e-19
0.8913135637444307	9.93879226626098	0.
0.8913135637444307	11.67706273268193	0.
0.8913135637444307	13.719352453503504	1.726055015352683e-19
0.8913135637444307	16.118833652974903	5.841577593667341e-21
0.8913135637444307	18.937978247357222	0.
0.8913135637444307	22.25018433831799	8.401979761512996e-19
0.8913135637444307	26.141687176043625	9.265351767941454e-21
0.8913135637444307	30.713804345127713	0.
0.8913135637444307	36.08557362798163	3.519841565101155e-20
0.8913135637444307	42.396852224106	1.1684146705401779e-20
0.8913135637444307	49.811958015234694	1.1366369801675682e-19
0.8913135637444307	58.52394767884976	3.896311968544719e-20
0.8913135637444307	68.75964303328955	0.
0.8913135637444307	80.7855364783267	3.731385725605553e-20
0.8913135637444307	94.91472928286424	2.2842110641819274e-20
0.8913135637444307	100.48705190778543	0.
0.8913135637444307	103.76380360043059	0.
0.8913135637444307	107.04055529307578	0.
0.8913135637444307	109.2250564215059	0.
0.9203781364752273	1.0407193115149367	0.0021495193098596457
0.9203781364752273	1.2227385744772497	0.003352044259329603
0.9203781364752273	1.4365925614835666	0.002893953191890658
0.9203781364752273	1.6878490879313581	0.001467567756382862
0.9203781364752273	1.9830497665174678	0.0006513575460492174
0.9203781364752273	2.3298803220047777	0.0001330979607942846
0.9203781364752273	2.737370693625137	0.00001262210852323895
0.9203781364752273	3.2161301349032976	1.2210148331129355e-6
0.9203781364752273	3.778623431865224	1.211678654752026e-8
0.9203781364752273	4.439495431135667	1.2372655959631174e-11
0.9203781364752273	5.215952327206507	5.9291779217039295e-15
0.9203781364752273	6.128209635916073	0.
0.9203781364752273	7.20001851739466	4.355467997574884e-19
0.9203781364752273	8.459284151606322	1.3915483205936215e-19
0.9203781364752273	9.93879226626098	0.
0.9203781364752273	11.67706273268193	0.
0.9203781364752273	13.719352453503504	2.1113228200588883e-19
0.9203781364752273	16.118833652974903	1.7792773682931255e-20
0.9203781364752273	18.937978247357222	0.
0.9203781364752273	22.25018433831799	5.831957416530492e-19
0.9203781364752273	26.141687176043625	2.822119615058171e-20
0.9203781364752273	30.713804345127713	0.
0.9203781364752273	36.08557362798163	9.661905876582227e-20
0.9203781364752273	42.396852224106	6.960678026485454e-21
0.9203781364752273	49.811958015234694	8.007930744292812e-20
0.9203781364752273	58.52394767884976	2.850791017670586e-20
0.9203781364752273	68.75964303328955	0.
0.9203781364752273	80.7855364783267	2.5669143200228998e-20
0.9203781364752273	94.91472928286424	1.8480360943684253e-20
0.9203781364752273	100.48705190778543	0.
0.9203781364752273	103.76380360043059	0.
0.9203781364752273	107.04055529307578	0.
0.9203781364752273	109.2250564215059	0.
0.9591309001162895	1.0407193115149367	0.002017531935945194
0.9591309001162895	1.2227385744772497	0.002943580686245148
0.9591309001162895	1.4365925614835666	0.002384984900110361
0.9591309001162895	1.6878490879313581	0.0011177459344243253
0.9591309001162895	1.9830497665174678	0.00045480068908458626
0.9591309001162895	2.3298803220047777	0.00008055564914590194
0.9591309001162895	2.737370693625137	5.970775491115714e-6
0.9591309001162895	3.2161301349032976	5.664635999913552e-7
0.9591309001162895	3.778623431865224	4.784646297029531e-9
0.9591309001162895	4.439495431135667	2.933348009345224e-12
0.9591309001162895	5.215952327206507	1.1157406307289049e-15
0.9591309001162895	6.128209635916073	0.
0.9591309001162895	7.20001851739466	8.189232841950202e-20
0.9591309001162895	8.459284151606322	1.2352469935244864e-19
0.9591309001162895	9.93879226626098	0.
0.9591309001162895	11.67706273268193	0.
0.9591309001162895	13.719352453503504	2.5684193204244825e-19
0.9591309001162895	16.118833652974903	3.2041570138858653e-20
0.9591309001162895	18.937978247357222	0.
0.9591309001162895	22.25018433831799	2.7537925570622556e-19
0.9591309001162895	26.141687176043625	5.0821274522746686e-20
0.9591309001162895	30.713804345127713	0.
0.9591309001162895	36.08557362798163	1.6984019677591138e-19
0.9591309001162895	42.396852224106	1.3087597734267534e-21
0.9591309001162895	49.811958015234694	3.9849009474191654e-20
0.9591309001162895	58.52394767884976	1.5978543851575428e-20
0.9591309001162895	68.75964303328955	0.
0.9591309001162895	80.7855364783267	1.1723146246288119e-20
0.9591309001162895	94.91472928286424	1.3243716361004415e-20
0.9591309001162895	100.48705190778543	0.
0.9591309001162895	103.76380360043059	0.
0.9591309001162895	107.04055529307578	0.
0.9591309001162895	109.2250564215059	0.