0.00001	0.7752971390004649	1.293803245988968e-16
0.00001	0.9108947129632589	1.515081335421378e-17
0.00001	1.0702079710678774	0.
0.00001	1.257384728484444	1.3855605343043947e-16
0.00001	1.4772982431146775	2.0226282783652027e-17
0.00001	1.7356740937518973	1.4125182651028385e-18
0.00001	2.039239248920988	1.3764869457806332e-16
0.00001	2.395897207493991	4.312561987807723e-17
0.00001	2.8149337709711375	2.098991564890901e-17
0.00001	3.3072588048306995	2.9006104446924008e-18
0.00001	3.885690283347819	0.
0.00001	4.56528801315764	0.00001110550470606138
0.00001	5.363745724253654	0.0006661795592231235
0.00001	6.301851736742975	0.00046038744258714676
0.00001	7.404030197090749	0.000018943069007261898
0.00001	8.698976975260363	0.00006841895450807082
0.00001	10.220406778708666	0.000054535546546020395
0.00001	12.007930934792206	0.00010144777227449505
0.00001	14.108088695170105	0.0007610470588289339
0.00001	16.575558912825368	0.000029884352617857846
0.00001	19.474583638434655	0.000032809986825642425
0.00001	22.880640700262248	0.00017001239701982268
0.00001	26.88240881418799	0.0006183714097366668
0.00001	31.58407638667433	0.0003216878645934758
0.00001	37.10805412172701	0.0002604048893836558
0.00001	43.5981620561808	0.00010904156407797613
0.00001	51.2233739996642	0.0002779105497003179
0.00001	60.182216867958516	0.0003273487946702126
0.00001	70.70793944900498	0.0002142090498385128
0.00001	83.07458517344827	0.0000951958374047323
0.00001	97.60412699790002	0.00010038711866455137
0.00001	102.93036521628288	0.00005988707012334029
0.00001	106.28679016898775	0.00005103636259876452
0.00001	110.76202343926091	0.00006345120840946869
0.00003	0.7752971390004649	3.881409737966904e-16
0.00003	0.9108947129632589	4.5452440062641345e-17
0.00003	1.0702079710678774	0.
0.00003	1.257384728484444	4.1566816029131844e-16
0.00003	1.4772982431146775	6.067884835095608e-17
0.00003	1.7356740937518973	4.2375547953085156e-18
0.00003	2.039239248920988	4.1294608373418995e-16
0.00003	2.395897207493991	1.293768596342317e-16
0.00003	2.8149337709711375	6.296974694672703e-17
0.00003	3.3072588048306995	8.701831334077202e-18
0.00003	3.885690283347819	0.
0.00003	4.56528801315764	0.000033316514118184146
0.00003	5.363745724253654	0.0019985386776693705
0.00003	6.301851736742975	0.0013811623277614404
0.00003	7.404030197090749	0.0000568292070217857
0.00003	8.698976975260363	0.00020525686352421246
0.00003	10.220406778708666	0.0001636066396380612
0.00003	12.007930934792206	0.00030434331682348514
0.00003	14.108088695170105	0.0022831411764868016
0.00003	16.575558912825368	0.00008965305785357355
0.00003	19.474583638434655	0.0000984299604769273
0.00003	22.880640700262248	0.0005100371910594681
0.00003	26.88240881418799	0.0018551142292100005
0.00003	31.58407638667433	0.0009650635937804274
0.00003	37.10805412172701	0.0007812146681509675
0.00003	43.5981620561808	0.0003271246922339284
0.00003	51.2233739996642	0.0008337316491009536
0.00003	60.182216867958516	0.0009820463840106378
0.00003	70.70793944900498	0.0006426271495155384
0.00003	83.07458517344827	0.0002855875122141969
0.00003	97.60412699790002	0.00030116135599365414
0.00003	102.93036521628288	0.0001796612103700209
0.00003	106.28679016898775	0.00015310908779629358
0.00003	110.76202343926091	0.0001903536252284061
0.00006	0.7752971390004649	7.762819475933808e-16
0.00006	0.9108947129632589	9.090488012528269e-17
0.00006	1.0702079710678774	0.
0.00006	1.257384728484444	8.313363205826369e-16
0.00006	1.4772982431146775	1.2135769670191217e-16
0.00006	1.7356740937518973	8.475109590617031e-18
0.00006	2.039239248920988	8.258921674683799e-16
0.00006	2.395897207493991	2.587537192684634e-16
0.00006	2.8149337709711375	1.2593949389345406e-16
0.00006	3.3072588048306995	1.7403662668154404e-17
0.00006	3.885690283347819	0.
0.00006	4.56528801315764	0.00006663302823636829
0.00006	5.363745724253654	0.003997077355338741
0.00006	6.301851736742975	0.002762324655522881
0.00006	7.404030197090749	0.0001136584140435714
0.00006	8.698976975260363	0.00041051372704842493
0.00006	10.220406778708666	0.0003272132792761224
0.00006	12.007930934792206	0.0006086866336469703
0.00006	14.108088695170105	0.004566282352973603
0.00006	16.575558912825368	0.0001793061157071471
0.00006	19.474583638434655	0.0001968599209538546
0.00006	22.880640700262248	0.0010200743821189363
0.00006	26.88240881418799	0.003710228458420001
0.00006	31.58407638667433	0.0019301271875608549
0.00006	37.10805412172701	0.001562429336301935
0.00006	43.5981620561808	0.0006542493844678568
0.00006	51.2233739996642	0.0016674632982019073
0.00006	60.182216867958516	0.0019640927680212757
0.00006	70.70793944900498	0.0012852542990310768
0.00006	83.07458517344827	0.0005711750244283938
0.00006	97.60412699790002	0.0006023227119873083
0.00006	102.93036521628288	0.0003593224207400418
0.00006	106.28679016898775	0.00030621817559258716
0.00006	110.76202343926091	0.0003807072504568122
0.0001	0.7752971390004649	1.2938032459889681e-15
0.0001	0.9108947129632589	1.5150813354213783e-16
0.0001	1.0702079710678774	0.
0.0001	1.257384728484444	1.3855605343043948e-15
0.0001	1.4772982431146775	2.022628278365203e-16
0.0001	1.7356740937518973	1.4125182651028384e-17
0.0001	2.039239248920988	1.3764869457806333e-15
0.0001	2.395897207493991	4.312561987807723e-16
0.0001	2.8149337709711375	2.098991564890901e-16
0.0001	3.3072588048306995	2.9006104446924006e-17
0.0001	3.885690283347819	0.
0.0001	4.56528801315764	0.00011105504706061381
0.0001	5.363745724253654	0.006661795592231234
0.0001	6.301851736742975	0.004603874425871467
0.0001	7.404030197090749	0.000189430690072619
0.0001	8.698976975260363	0.0006841895450807082
0.0001	10.220406778708666	0.000545355465460204
0.0001	12.007930934792206	0.0010144777227449504
0.0001	14.108088695170105	0.0076104705882893385
0.0001	16.575558912825368	0.0002988435261785785
0.0001	19.474583638434655	0.0003280998682564243
0.0001	22.880640700262248	0.0017001239701982269
0.0001	26.88240881418799	0.006183714097366668
0.0001	31.58407638667433	0.003216878645934758
0.0001	37.10805412172701	0.002604048893836558
0.0001	43.5981620561808	0.0010904156407797615
0.0001	51.2233739996642	0.0027791054970031787
0.0001	60.182216867958516	0.003273487946702126
0.0001	70.70793944900498	0.002142090498385128
0.0001	83.07458517344827	0.000951958374047323
0.0001	97.60412699790002	0.0010038711866455139
0.0001	102.93036521628288	0.000598870701233403
0.0001	106.28679016898775	0.0005103636259876452
0.0001	110.76202343926091	0.000634512084094687
0.0003	0.7752971390004649	3.881409737966904e-15
0.0003	0.9108947129632589	4.545244006264134e-16
0.0003	1.0702079710678774	0.
0.0003	1.257384728484444	4.156681602913184e-15
0.0003	1.4772982431146775	6.067884835095608e-16
0.0003	1.7356740937518973	4.237554795308515e-17
0.0003	2.039239248920988	4.129460837341899e-15
0.0003	2.395897207493991	1.2937685963423168e-15
0.0003	2.8149337709711375	6.296974694672702e-16
0.0003	3.3072588048306995	8.701831334077202e-17
0.0003	3.885690283347819	0.
0.0003	4.56528801315764	0.0003331651411818414
0.0003	5.363745724253654	0.019985386776693703
0.0003	6.301851736742975	0.013811623277614402
0.0003	7.404030197090749	0.000568292070217857
0.0003	8.698976975260363	0.0020525686352421244
0.0003	10.220406778708666	0.0016360663963806117
0.0003	12.007930934792206	0.0030434331682348513
0.0003	14.108088695170105	0.022831411764868012
0.0003	16.575558912825368	0.0008965305785357354
0.0003	19.474583638434655	0.0009842996047692727
0.0003	22.880640700262248	0.005100371910594681
0.0003	26.88240881418799	0.018551142292100004
0.0003	31.58407638667433	0.009650635937804273
0.0003	37.10805412172701	0.007812146681509674
0.0003	43.5981620561808	0.0032712469223392837
0.0003	51.2233739996642	0.008337316491009536
0.0003	60.182216867958516	0.009820463840106377
0.0003	70.70793944900498	0.006426271495155384
0.0003	83.07458517344827	0.0028558751221419688
0.0003	97.60412699790002	0.003011613559936541
0.0003	102.93036521628288	0.0017966121037002085
0.0003	106.28679016898775	0.0015310908779629356
0.0003	110.76202343926091	0.0019035362522840608
0.0006	0.7752971390004649	4.8334114512900356e-15
0.0006	0.9108947129632589	1.2286905856745385e-16
0.0006	1.0702079710678774	0.
0.0006	1.257384728484444	2.996975943518695e-15
0.0006	1.4772982431146775	1.760038744231534e-15
0.0006	1.7356740937518973	0.
0.0006	2.039239248920988	6.659970671338298e-15
0.0006	2.395897207493991	4.80116477833989e-15
0.0006	2.8149337709711375	1.780308610285551e-15
0.0006	3.3072588048306995	3.0019074483148534e-15
0.0006	3.885690283347819	1.2238144950780306e-6
0.0006	4.56528801315764	0.00023861477172683606
0.0006	5.363745724253654	0.03068932102658576
0.0006	6.301851736742975	0.00018013647521260853
0.0006	7.404030197090749	0.024165339219983283
0.0006	8.698976975260363	0.012741765522932404
0.0006	10.220406778708666	0.013832173919413849
0.0006	12.007930934792206	0.019862888720166946
0.0006	14.108088695170105	0.011982354745245812
0.0006	16.575558912825368	0.016796748623656838
0.0006	19.474583638434655	0.023367976436172454
0.0006	22.880640700262248	0.01702420918544824
0.0006	26.88240881418799	0.013350993033925607
0.0006	31.58407638667433	0.011993050919454858
0.0006	37.10805412172701	0.024918064643143608
0.0006	43.5981620561808	0.019372071200443555
0.0006	51.2233739996642	0.01478118995602343
0.0006	60.182216867958516	0.01000307478768136
0.0006	70.70793944900498	0.016752479597956817
0.0006	83.07458517344827	0.007153559568409041
0.0006	97.60412699790002	0.003165526506553341
0.0006	102.93036521628288	0.0033578528472532846
0.0006	106.28679016898775	0.002974989577562398
0.0006	110.76202343926091	0.002587772156645739
0.001	0.7752971390004649	4.476541698998402e-17
0.001	0.9108947129632589	2.0354934260912217e-18
0.001	1.0702079710678774	0.
0.001	1.257384728484444	3.5262221791424365e-17
0.001	1.4772982431146775	5.557469973206535e-10
0.001	1.7356740937518973	1.2390323066934718e-6
0.001	2.039239248920988	1.8268101513847242e-6
0.001	2.395897207493991	0.001332158493034947
0.001	2.8149337709711375	0.004309858563750441
0.001	3.3072588048306995	0.02817645792379457
0.001	3.885690283347819	0.00044856368375413975
0.001	4.56528801315764	0.0005208251784395688
0.001	5.363745724253654	0.047368177261030354
0.001	6.301851736742975	0.02173979349584566
0.001	7.404030197090749	0.0005694871865925791
0.001	8.698976975260363	0.012207566143189116
0.001	10.220406778708666	0.041346698269099716
0.001	12.007930934792206	0.017230464558841013
0.001	14.108088695170105	0.030039368425663533
0.001	16.575558912825368	0.012990994401246386
0.001	19.474583638434655	0.03159749896178083
0.001	22.880640700262248	0.03748361798949763
0.001	26.88240881418799	0.031710358767266696
0.001	31.58407638667433	0.033791224380465154
0.001	37.10805412172701	0.04909668173950713
0.001	43.5981620561808	0.03186094591690602
0.001	51.2233739996642	0.026071829123209614
0.001	60.182216867958516	0.027443940256267552
0.001	70.70793944900498	0.01449799877760995
0.001	83.07458517344827	0.015931010493517573
0.001	97.60412699790002	0.015840968506196474
0.001	102.93036521628288	0.01168534427486612
0.001	106.28679016898775	0.008896375807156121
0.001	110.76202343926091	0.0072344668870205145
0.002	0.7752971390004649	0.
0.002	0.9108947129632589	0.
0.002	1.0702079710678774	0.
0.002	1.257384728484444	0.
0.002	1.4772982431146775	9.307488581516642e-10
0.002	1.7356740937518973	2.25000714002391e-6
0.002	2.039239248920988	1.0933921323402243e-7
0.002	2.395897207493991	0.000904369366613595
0.002	2.8149337709711375	0.016162477161327918
0.002	3.3072588048306995	0.016224191196048246
0.002	3.885690283347819	0.020646236249322904
0.002	4.56528801315764	0.011912184437411877
0.002	5.363745724253654	0.020603189841422953
0.002	6.301851736742975	0.029033872230543194
0.002	7.404030197090749	0.028471084649074264
0.002	8.698976975260363	0.03986465752012685
0.002	10.220406778708666	0.024904668814814807
0.002	12.007930934792206	0.0455120438090305
0.002	14.108088695170105	0.04359502773937142
0.002	16.575558912825368	0.06199856574019723
0.002	19.474583638434655	0.07108164009419142
0.002	22.880640700262248	0.06738333435621542
0.002	26.88240881418799	0.07911134747480364
0.002	31.58407638667433	0.07520767585637736
0.002	37.10805412172701	0.07311225518918851
0.002	43.5981620561808	0.06481449812143555
0.002	51.2233739996642	0.05412878787969055
0.002	60.182216867958516	0.04962146933056961
0.002	70.70793944900498	0.037811012099386594
0.002	83.07458517344827	0.03087004786155434
0.002	97.60412699790002	0.01995820903485463
0.002	102.93036521628288	0.017371999280207818
0.002	106.28679016898775	0.013079499694386732
0.002	110.76202343926091	0.009202621789062244
0.004	0.7752971390004649	3.743273232297659e-16
0.004	0.9108947129632589	3.6084580360058466e-8
0.004	1.0702079710678774	0.004258411240605034
0.004	1.257384728484444	0.0016911421192470147
0.004	1.4772982431146775	0.01099100231502544
0.004	1.7356740937518973	0.008477039673025157
0.004	2.039239248920988	0.00012493707276162196
0.004	2.395897207493991	0.019031091412321906
0.004	2.8149337709711375	0.021805594735945063
0.004	3.3072588048306995	0.017638626420710887
0.004	3.885690283347819	0.058294590994970294
0.004	4.56528801315764	0.060965781181953074
0.004	5.363745724253654	0.05252931912043426
0.004	6.301851736742975	0.04759942526994714
0.004	7.404030197090749	0.06366460095786444
0.004	8.698976975260363	0.07479578754391945
0.004	10.220406778708666	0.08062357015806579
0.004	12.007930934792206	0.09780052752394322
0.004	14.108088695170105	0.11990182490015981
0.004	16.575558912825368	0.134256945954716
0.004	19.474583638434655	0.13451297816001068
0.004	22.880640700262248	0.1301083157908204
0.004	26.88240881418799	0.13492241992836174
0.004	31.58407638667433	0.11555517788381116
0.004	37.10805412172701	0.11652818161320565
0.004	43.5981620561808	0.12097390962065778
0.004	51.2233739996642	0.09693964624079776
0.004	60.182216867958516	0.07838522056453574
0.004	70.70793944900498	0.05775297247766268
0.004	83.07458517344827	0.03598986172485003
0.004	97.60412699790002	0.018236883400142487
0.004	102.93036521628288	0.011165726926996182
0.004	106.28679016898775	0.007091005095217121
0.004	110.76202343926091	0.00430489276616582
0.006	0.7752971390004649	0.
0.006	0.9108947129632589	0.
0.006	1.0702079710678774	1.3246715849941315e-6
0.006	1.257384728484444	0.0016748255784086396
0.006	1.4772982431146775	0.022538566704384012
0.006	1.7356740937518973	0.023932096083598912
0.006	2.039239248920988	0.0018094168974535146
0.006	2.395897207493991	0.01692658233021495
0.006	2.8149337709711375	0.03435567205883553
0.006	3.3072588048306995	0.03115982976801678
0.006	3.885690283347819	0.04416055572415453
0.006	4.56528801315764	0.06186397083975451
0.006	5.363745724253654	0.0856110835455488
0.006	6.301851736742975	0.1105334875308418
0.006	7.404030197090749	0.11428791601544798
0.006	8.698976975260363	0.11544370572173707
0.006	10.220406778708666	0.12976610211829148
0.006	12.007930934792206	0.1596906088738841
0.006	14.108088695170105	0.19162099439431393
0.006	16.575558912825368	0.1796112134525369
0.006	19.474583638434655	0.2089410605078064
0.006	22.880640700262248	0.20805997223322328
0.006	26.88240881418799	0.1993855677573455
0.006	31.58407638667433	0.17483518821740207
0.006	37.10805412172701	0.16124485439476705
0.006	43.5981620561808	0.1555530186293919
0.006	51.2233739996642	0.11049939841540253
0.006	60.182216867958516	0.08230326646497596
0.006	70.70793944900498	0.05836686707968467
0.006	83.07458517344827	0.030743309697068653
0.006	97.60412699790002	0.00954461889227522
0.006	102.93036521628288	0.004112151151505053
0.006	106.28679016898775	0.0019449525515561027
0.006	110.76202343926091	0.0008011736851807439
0.008	0.7752971390004649	0.
0.008	0.9108947129632589	0.000045341247203106264
0.008	1.0702079710678774	0.0011863115485369084
0.008	1.257384728484444	0.0188182676188754
0.008	1.4772982431146775	0.004205959352831966
0.008	1.7356740937518973	0.029436138080280474
0.008	2.039239248920988	0.014034061464522483
0.008	2.395897207493991	0.04208470446341583
0.008	2.8149337709711375	0.0391739048249173
0.008	3.3072588048306995	0.05625082961854169
0.008	3.885690283347819	0.07483386313118272
0.008	4.56528801315764	0.09032939455520086
0.008	5.363745724253654	0.10088724103675836
0.008	6.301851736742975	0.10910291331688375
0.008	7.404030197090749	0.14008177981759096
0.008	8.698976975260363	0.16480375303307548
0.008	10.220406778708666	0.1770872013293242
0.008	12.007930934792206	0.22312178211613087
0.008	14.108088695170105	0.23834541185697877
0.008	16.575558912825368	0.22880853785179797
0.008	19.474583638434655	0.2507977675126078
0.008	22.880640700262248	0.24312344324570886
0.008	26.88240881418799	0.2541871167506847
0.008	31.58407638667433	0.2156065817839343
0.008	37.10805412172701	0.19982005429959993
0.008	43.5981620561808	0.16194813538537317
0.008	51.2233739996642	0.11495001913373458
0.008	60.182216867958516	0.07292692840043159
0.008	70.70793944900498	0.0412026584672498
0.008	83.07458517344827	0.017748646880403424
0.008	97.60412699790002	0.004194460739453811
0.008	102.93036521628288	0.0015415237845249155
0.008	106.28679016898775	0.0008032877159165566
0.008	110.76202343926091	0.0005170339072602102
0.01	0.7752971390004649	4.442237745484596e-6
0.01	0.9108947129632589	0.00020931767871063618
0.01	1.0702079710678774	0.005460437990983194
0.01	1.257384728484444	0.016234670836665636
0.01	1.4772982431146775	0.015416718881274586
0.01	1.7356740937518973	0.009165913025341674
0.01	2.039239248920988	0.025552588083440124
0.01	2.395897207493991	0.037634324192586714
0.01	2.8149337709711375	0.04732265664206736
0.01	3.3072588048306995	0.07203381495288605
0.01	3.885690283347819	0.10001904698309957
0.01	4.56528801315764	0.11320664379241988
0.01	5.363745724253654	0.12017953017295088
0.01	6.301851736742975	0.1404463343226879
0.01	7.404030197090749	0.18977478968028574
0.01	8.698976975260363	0.18355465332359344
0.01	10.220406778708666	0.23479203888135697
0.01	12.007930934792206	0.25582500439871975
0.01	14.108088695170105	0.26355312306854817
0.01	16.575558912825368	0.30776149871844855
0.01	19.474583638434655	0.2963706482314
0.01	22.880640700262248	0.285249587386578
0.01	26.88240881418799	0.2668313672265675
0.01	31.58407638667433	0.2394476784182999
0.01	37.10805412172701	0.19917400058868426
0.01	43.5981620561808	0.1554960530526429
0.01	51.2233739996642	0.1029986617066886
0.01	60.182216867958516	0.05763844492243172
0.01	70.70793944900498	0.029213814953664298
0.01	83.07458517344827	0.009832884434458275
0.01	97.60412699790002	0.0019976098423603616
0.01	102.93036521628288	0.0006708906723016511
0.01	106.28679016898775	0.0003061652992546813
0.01	110.76202343926091	0.00013115810209551076
0.011748975549395297	0.7752971390004649	0.0018365457524791673
0.011748975549395297	0.9108947129632589	0.0007197342200956781
0.011748975549395297	1.0702079710678774	0.0011602072531205466
0.011748975549395297	1.257384728484444	0.022954313828685624
0.011748975549395297	1.4772982431146775	0.013901484857919378
0.011748975549395297	1.7356740937518973	0.012843853894192145
0.011748975549395297	2.039239248920988	0.02718786656376873
0.011748975549395297	2.395897207493991	0.05139648824561365
0.011748975549395297	2.8149337709711375	0.04387335224619529
0.011748975549395297	3.3072588048306995	0.09063607468992022
0.011748975549395297	3.885690283347819	0.10279252399120332
0.011748975549395297	4.56528801315764	0.13967686407606708
0.011748975549395297	5.363745724253654	0.14577287729946786
0.011748975549395297	6.301851736742975	0.16803782043493623
0.011748975549395297	7.404030197090749	0.19672020914052304
0.011748975549395297	8.698976975260363	0.23801665296304056
0.011748975549395297	10.220406778708666	0.27246958256170434
0.011748975549395297	12.007930934792206	0.28791863460111167
0.011748975549395297	14.108088695170105	0.32333620065951474
0.011748975549395297	16.575558912825368	0.32282246584405566
0.011748975549395297	19.474583638434655	0.32863715889996886
0.011748975549395297	22.880640700262248	0.31753646063666874
0.011748975549395297	26.88240881418799	0.288455266868108
0.011748975549395297	31.58407638667433	0.2389429494734411
0.011748975549395297	37.10805412172701	0.2013583806449904
0.011748975549395297	43.5981620561808	0.13859697602618792
0.011748975549395297	51.2233739996642	0.08400014130982224
0.011748975549395297	60.182216867958516	0.047184892401865
0.011748975549395297	70.70793944900498	0.02183501270662818
0.011748975549395297	83.07458517344827	0.0053486861519338414
0.011748975549395297	97.60412699790002	0.0009318970066929378
0.011748975549395297	102.93036521628288	0.0003683603492690261
0.011748975549395297	106.28679016898775	0.00019515373069265888
0.011748975549395297	110.76202343926091	0.00012351219467962165
0.013803842646028852	0.7752971390004649	0.004981714837200981
0.013803842646028852	0.9108947129632589	0.002131521781308013
0.013803842646028852	1.0702079710678774	0.0070618321600725
0.013803842646028852	1.257384728484444	0.0269814407803023
0.013803842646028852	1.4772982431146775	0.02658108034257344
0.013803842646028852	1.7356740937518973	0.01748032968793023
0.013803842646028852	2.039239248920988	0.039986650346196306
0.013803842646028852	2.395897207493991	0.048113377395880064
0.013803842646028852	2.8149337709711375	0.06135368720355965
0.013803842646028852	3.3072588048306995	0.08250599939560295
0.013803842646028852	3.885690283347819	0.11219237776382483
0.013803842646028852	4.56528801315764	0.15544701838121502
0.013803842646028852	5.363745724253654	0.17241086213219026
0.013803842646028852	6.301851736742975	0.19756697232794299
0.013803842646028852	7.404030197090749	0.22940098654467758
0.013803842646028852	8.698976975260363	0.27008118737426107
0.013803842646028852	10.220406778708666	0.2973554086734997
0.013803842646028852	12.007930934792206	0.3230035724657955
0.013803842646028852	14.108088695170105	0.3485837260939826
0.013803842646028852	16.575558912825368	0.3577978906071895
0.013803842646028852	19.474583638434655	0.3489627706046802
0.013803842646028852	22.880640700262248	0.34081631328950046
0.013803842646028852	26.88240881418799	0.2767829190788722
0.013803842646028852	31.58407638667433	0.22845726679430306
0.013803842646028852	37.10805412172701	0.18090233035934708
0.013803842646028852	43.5981620561808	0.10831755198163213
0.013803842646028852	51.2233739996642	0.0643369528993086
0.013803842646028852	60.182216867958516	0.03168978379896732
0.013803842646028852	70.70793944900498	0.013810219202490781
0.013803842646028852	83.07458517344827	0.0032918517837767377
0.013803842646028852	97.60412699790002	0.00043877115289971244
0.013803842646028852	102.93036521628288	0.0001656575135104322
0.013803842646028852	106.28679016898775	0.00008067743038647307
0.013803842646028852	110.76202343926091	0.00004881378732767345
0.0162181009735893	0.7752971390004649	0.00037428269630739394
0.0162181009735893	0.9108947129632589	0.0021186452324827186
0.0162181009735893	1.0702079710678774	0.002982203234998875
0.0162181009735893	1.257384728484444	0.022394525570302286
0.0162181009735893	1.4772982431146775	0.018215990074197465
0.0162181009735893	1.7356740937518973	0.03365355875953166
0.0162181009735893	2.039239248920988	0.046377802165151596
0.0162181009735893	2.395897207493991	0.05873827282335709
0.0162181009735893	2.8149337709711375	0.09868679150210488
0.0162181009735893	3.3072588048306995	0.08698984884781938
0.0162181009735893	3.885690283347819	0.1313937952235317
0.0162181009735893	4.56528801315764	0.15561214688343059
0.0162181009735893	5.363745724253654	0.2142436564416297
0.0162181009735893	6.301851736742975	0.23307991692370142
0.0162181009735893	7.404030197090749	0.2737813398773987
0.0162181009735893	8.698976975260363	0.30955897057661136
0.0162181009735893	10.220406778708666	0.34598080432559414
0.0162181009735893	12.007930934792206	0.3821739066437485
0.0162181009735893	14.108088695170105	0.39865644027174346
0.0162181009735893	16.575558912825368	0.3979064074063087
0.0162181009735893	19.474583638434655	0.37170678390440925
0.0162181009735893	22.880640700262248	0.3432650609259004
0.0162181009735893	26.88240881418799	0.2673335167842618
0.0162181009735893	31.58407638667433	0.21201956056267346
0.0162181009735893	37.10805412172701	0.14794578177562448
0.0162181009735893	43.5981620561808	0.08828046520578382
0.0162181009735893	51.2233739996642	0.0436752848989191
0.0162181009735893	60.182216867958516	0.01901913363537501
0.0162181009735893	70.70793944900498	0.006221599879224681
0.0162181009735893	83.07458517344827	0.0012093900552620851
0.0162181009735893	97.60412699790002	0.0001495629710367903
0.0162181009735893	102.93036521628288	0.00003439205870444532
0.0162181009735893	106.28679016898775	8.842404815914815e-6
0.0162181009735893	110.76202343926091	1.8370558790024302e-6
0.019054607179632473	0.7752971390004649	0.007543723375185317
0.019054607179632473	0.9108947129632589	0.002147048526682981
0.019054607179632473	1.0702079710678774	0.014890673059207972
0.019054607179632473	1.257384728484444	0.020781302893439484
0.019054607179632473	1.4772982431146775	0.01716287752991288
0.019054607179632473	1.7356740937518973	0.04187014218866111
0.019054607179632473	2.039239248920988	0.04988641513564608
0.019054607179632473	2.395897207493991	0.08977163370133545
0.019054607179632473	2.8149337709711375	0.1232445702040206
0.019054607179632473	3.3072588048306995	0.10827114705344176
0.019054607179632473	3.885690283347819	0.15574890986870657
0.019054607179632473	4.56528801315764	0.170660968379706
0.019054607179632473	5.363745724253654	0.24224270500190737
0.019054607179632473	6.301851736742975	0.26021445645291386
0.019054607179632473	7.404030197090749	0.31135779468044145
0.019054607179632473	8.698976975260363	0.35948918902468247
0.019054607179632473	10.220406778708666	0.3827488121019918
0.019054607179632473	12.007930934792206	0.4297192085170608
0.019054607179632473	14.108088695170105	0.4250275970101688
0.019054607179632473	16.575558912825368	0.4223180311762173
0.019054607179632473	19.474583638434655	0.3854126378353582
0.019054607179632473	22.880640700262248	0.3324807039977199
0.019054607179632473	26.88240881418799	0.24446252065354784
0.019054607179632473	31.58407638667433	0.17848514858076975
0.019054607179632473	37.10805412172701	0.10931581837540588
0.019054607179632473	43.5981620561808	0.06222642027034393
0.019054607179632473	51.2233739996642	0.028311492373681652
0.019054607179632473	60.182216867958516	0.010441865135916882
0.019054607179632473	70.70793944900498	0.002581165809907883
0.019054607179632473	83.07458517344827	0.00042535207755975006
0.019054607179632473	97.60412699790002	0.00002594442783882786
0.019054607179632473	102.93036521628288	3.038975719294886e-6
0.019054607179632473	106.28679016898775	4.239652489835733e-7
0.019054607179632473	110.76202343926091	3.482188268743745e-8
0.0223872113856834	0.7752971390004649	0.0077692611573948875
0.0223872113856834	0.9108947129632589	0.0025614216006328186
0.0223872113856834	1.0702079710678774	0.011287966785913848
0.0223872113856834	1.257384728484444	0.02193289837354197
0.0223872113856834	1.4772982431146775	0.03407993125687731
0.0223872113856834	1.7356740937518973	0.04215875350348254
0.0223872113856834	2.039239248920988	0.07508351191226509
0.0223872113856834	2.395897207493991	0.10018804054565375
0.0223872113856834	2.8149337709711375	0.12044310108273718
0.0223872113856834	3.3072588048306995	0.14656662448153
0.0223872113856834	3.885690283347819	0.18704323950559618
0.0223872113856834	4.56528801315764	0.20874068946949895
0.0223872113856834	5.363745724253654	0.26848665247722525
0.0223872113856834	6.301851736742975	0.3189058297967706
0.0223872113856834	7.404030197090749	0.3724820547515721
0.0223872113856834	8.698976975260363	0.40433919418251063
0.0223872113856834	10.220406778708666	0.41481733805035564
0.0223872113856834	12.007930934792206	0.46502448784002487
0.0223872113856834	14.108088695170105	0.4443953053601174
0.0223872113856834	16.575558912825368	0.4080842568249512
0.0223872113856834	19.474583638434655	0.38561526806963603
0.0223872113856834	22.880640700262248	0.299446136187799
0.0223872113856834	26.88240881418799	0.2179759515924305
0.0223872113856834	31.58407638667433	0.13587234335518394
0.0223872113856834	37.10805412172701	0.07962108068350005
0.0223872113856834	43.5981620561808	0.03856420177855137
0.0223872113856834	51.2233739996642	0.016477143709781823
0.0223872113856834	60.182216867958516	0.005069169523437753
0.0223872113856834	70.70793944900498	0.0008184841321431863
0.0223872113856834	83.07458517344827	0.00019132917524445806
0.0223872113856834	97.60412699790002	9.49675558802109e-7
0.0223872113856834	102.93036521628288	3.7223216759484824e-8
0.0223872113856834	106.28679016898775	4.154090301669014e-9
0.0223872113856834	110.76202343926091	2.731836665242082e-10
0.026302679918953815	0.7752971390004649	0.002799638301528386
0.026302679918953815	0.9108947129632589	0.0013172276178357403
0.026302679918953815	1.0702079710678774	0.006901499438310294
0.026302679918953815	1.257384728484444	0.023659367242670582
0.026302679918953815	1.4772982431146775	0.050308255158757836
0.026302679918953815	1.7356740937518973	0.03627883355493612
0.026302679918953815	2.039239248920988	0.0698804801158837
0.026302679918953815	2.395897207493991	0.09834800298208829
0.026302679918953815	2.8149337709711375	0.13850115670646182
0.026302679918953815	3.3072588048306995	0.1780930686744995
0.026302679918953815	3.885690283347819	0.21727924693691525
0.026302679918953815	4.56528801315764	0.2557243152610264
0.026302679918953815	5.363745724253654	0.30197842547129583
0.026302679918953815	6.301851736742975	0.3622923879006202
0.026302679918953815	7.404030197090749	0.41074479976787215
0.026302679918953815	8.698976975260363	0.44631084623871137
0.026302679918953815	10.220406778708666	0.4534828572516537
0.026302679918953815	12.007930934792206	0.47001106365798934
0.026302679918953815	14.108088695170105	0.452524989788603
0.026302679918953815	16.575558912825368	0.39493714318805045
0.026302679918953815	19.474583638434655	0.34562146435549945
0.026302679918953815	22.880640700262248	0.255927475528702
0.026302679918953815	26.88240881418799	0.17256528734710844
0.026302679918953815	31.58407638667433	0.10076332516497988
0.026302679918953815	37.10805412172701	0.053539498149363936
0.026302679918953815	43.5981620561808	0.022236977413208712
0.026302679918953815	51.2233739996642	0.008323251298172537
0.026302679918953815	60.182216867958516	0.0025412662586818268
0.026302679918953815	70.70793944900498	0.0002895519671286833
0.026302679918953815	83.07458517344827	0.0000810019836842588
0.026302679918953815	97.60412699790002	2.970079276386117e-7
0.026302679918953815	102.93036521628288	2.6069129806552247e-9
0.026302679918953815	106.28679016898775	1.7340687986309983e-12
0.026302679918953815	110.76202343926091	5.943359299563756e-14
0.030902954325135904	0.7752971390004649	0.001696187359645236
0.030902954325135904	0.9108947129632589	0.002601707012585968
0.030902954325135904	1.0702079710678774	0.007567806431502006
0.030902954325135904	1.257384728484444	0.032930177692478475
0.030902954325135904	1.4772982431146775	0.06768417348247875
0.030902954325135904	1.7356740937518973	0.05955104755755567
0.030902954325135904	2.039239248920988	0.09280180371856249
0.030902954325135904	2.395897207493991	0.12176193368649572
0.030902954325135904	2.8149337709711375	0.16048545635683134
0.030902954325135904	3.3072588048306995	0.20846141239150903
0.030902954325135904	3.885690283347819	0.2497650590882975
0.030902954325135904	4.56528801315764	0.3015539071617494
0.030902954325135904	5.363745724253654	0.3576108118435033
0.030902954325135904	6.301851736742975	0.40753301503664674
0.030902954325135904	7.404030197090749	0.4358988048155908
0.030902954325135904	8.698976975260363	0.47770241480925785
0.030902954325135904	10.220406778708666	0.5052446634989519
0.030902954325135904	12.007930934792206	0.4992573387789171
0.030902954325135904	14.108088695170105	0.43917216452503366
0.030902954325135904	16.575558912825368	0.3659111393971136
0.030902954325135904	19.474583638434655	0.28329914005252904
0.030902954325135904	22.880640700262248	0.20166625743646463
0.030902954325135904	26.88240881418799	0.1253714751462866
0.030902954325135904	31.58407638667433	0.06659507782355219
0.030902954325135904	37.10805412172701	0.02808409124376314
0.030902954325135904	43.5981620561808	0.011026358168153562
0.030902954325135904	51.2233739996642	0.0033626421291164804
0.030902954325135904	60.182216867958516	0.0008641371553652495
0.030902954325135904	70.70793944900498	0.00017713751033848434
0.030902954325135904	83.07458517344827	9.085367056763788e-6
0.030902954325135904	97.60412699790002	2.789143499762565e-7
0.030902954325135904	102.93036521628288	6.108460433073648e-9
0.030902954325135904	106.28679016898775	2.7927178626692275e-10
0.030902954325135904	110.76202343926091	0.
0.03630780547701014	0.7752971390004649	0.0002150707264565683
0.03630780547701014	0.9108947129632589	0.0052487250707683114
0.03630780547701014	1.0702079710678774	0.015566960542181046
0.03630780547701014	1.257384728484444	0.035579140668358766
0.03630780547701014	1.4772982431146775	0.055936790103060706
0.03630780547701014	1.7356740937518973	0.07738700976121023
0.03630780547701014	2.039239248920988	0.11685517509389515
0.03630780547701014	2.395897207493991	0.14911614097594356
0.03630780547701014	2.8149337709711375	0.18719468224607522
0.03630780547701014	3.3072588048306995	0.25790350515649474
0.03630780547701014	3.885690283347819	0.29322710571644434
0.03630780547701014	4.56528801315764	0.33689479969370106
0.03630780547701014	5.363745724253654	0.399546169608013
0.03630780547701014	6.301851736742975	0.4459075378411947
0.03630780547701014	7.404030197090749	0.4732270998986164
0.03630780547701014	8.698976975260363	0.505854712590874
0.03630780547701014	10.220406778708666	0.5123447094044958
0.03630780547701014	12.007930934792206	0.46348979523703876
0.03630780547701014	14.108088695170105	0.41347708281766077
0.03630780547701014	16.575558912825368	0.3251206288532586
0.03630780547701014	19.474583638434655	0.22900942508685432
0.03630780547701014	22.880640700262248	0.15028477206296365
0.03630780547701014	26.88240881418799	0.08028379239369621
0.03630780547701014	31.58407638667433	0.03874407986953531
0.03630780547701014	37.10805412172701	0.016110581745081884
0.03630780547701014	43.5981620561808	0.005523998877741552
0.03630780547701014	51.2233739996642	0.0015752861888445214
0.03630780547701014	60.182216867958516	0.00042688166867870984
0.03630780547701014	70.70793944900498	0.000020956224823776177
0.03630780547701014	83.07458517344827	0.00002220032612621892
0.03630780547701014	97.60412699790002	1.2363122129531496e-6
0.03630780547701014	102.93036521628288	2.7288829001396147e-8
0.03630780547701014	106.28679016898775	1.2540419361383333e-9
0.03630780547701014	110.76202343926091	0.
0.04265795188015928	0.7752971390004649	0.0004706581501795418
0.04265795188015928	0.9108947129632589	0.011151424947481713
0.04265795188015928	1.0702079710678774	0.029842852305803393
0.04265795188015928	1.257384728484444	0.04359915496208179
0.04265795188015928	1.4772982431146775	0.07270725288243567
0.04265795188015928	1.7356740937518973	0.09978617583091375
0.04265795188015928	2.039239248920988	0.1297144556075015
0.04265795188015928	2.395897207493991	0.17372343397078657
0.04265795188015928	2.8149337709711375	0.21517758864819103
0.04265795188015928	3.3072588048306995	0.2812737649791853
0.04265795188015928	3.885690283347819	0.3266893661765241
0.04265795188015928	4.56528801315764	0.3609561566937667
0.04265795188015928	5.363745724253654	0.4185198016696535
0.04265795188015928	6.301851736742975	0.48228090013847497
0.04265795188015928	7.404030197090749	0.5007377559203959
0.04265795188015928	8.698976975260363	0.49640310508103036
0.04265795188015928	10.220406778708666	0.4952615985068972
0.04265795188015928	12.007930934792206	0.42932370699474964
0.04265795188015928	14.108088695170105	0.3573227459977921
0.04265795188015928	16.575558912825368	0.2652413871584394
0.04265795188015928	19.474583638434655	0.16657610343022117
0.04265795188015928	22.880640700262248	0.0942139413024947
0.04265795188015928	26.88240881418799	0.04800460734562659
0.04265795188015928	31.58407638667433	0.018855110192423658
0.04265795188015928	37.10805412172701	0.007743295673376135
0.04265795188015928	43.5981620561808	0.0021908939601197417
0.04265795188015928	51.2233739996642	0.0006550832638353678
0.04265795188015928	60.182216867958516	0.00011298660121241119
0.04265795188015928	70.70793944900498	0.00002252198449274531
0.04265795188015928	83.07458517344827	1.434442137817615e-6
0.04265795188015928	97.60412699790002	8.011660503239037e-8
0.04265795188015928	102.93036521628288	1.7683960070500014e-9
0.04265795188015928	106.28679016898775	8.126561849976042e-11
0.04265795188015928	110.76202343926091	4.0211774238066765e-19
0.05011872336272725	0.7752971390004649	0.0005565415943275526
0.05011872336272725	0.9108947129632589	0.010929841333785913
0.05011872336272725	1.0702079710678774	0.0432752784647897
0.05011872336272725	1.257384728484444	0.051219327285165546
0.05011872336272725	1.4772982431146775	0.08654994518048209
0.05011872336272725	1.7356740937518973	0.11838099455156645
0.05011872336272725	2.039239248920988	0.14474198727813825
0.05011872336272725	2.395897207493991	0.20309705725611216
0.05011872336272725	2.8149337709711375	0.2602380462518046
0.05011872336272725	3.3072588048306995	0.3076009504647801
0.05011872336272725	3.885690283347819	0.365960743018252
0.05011872336272725	4.56528801315764	0.4308611870307413
0.05011872336272725	5.363745724253654	0.4529552342839777
0.05011872336272725	6.301851736742975	0.5156582605739658
0.05011872336272725	7.404030197090749	0.514502433912539
0.05011872336272725	8.698976975260363	0.48812003015575756
0.05011872336272725	10.220406778708666	0.45639494817787135
0.05011872336272725	12.007930934792206	0.37611986693974564
0.05011872336272725	14.108088695170105	0.2806198541016575
0.05011872336272725	16.575558912825368	0.1833099073810568
0.05011872336272725	19.474583638434655	0.11254193225537049
0.05011872336272725	22.880640700262248	0.05439826528944094
0.05011872336272725	26.88240881418799	0.02581368931109741
0.05011872336272725	31.58407638667433	0.010029734385635848
0.05011872336272725	37.10805412172701	0.0035770919729706625
0.05011872336272725	43.5981620561808	0.0010357312118371633
0.05011872336272725	51.2233739996642	0.0002362979727638473
0.05011872336272725	60.182216867958516	0.000024953492142629617
0.05011872336272725	70.70793944900498	0.000012248863648668657
0.05011872336272725	83.07458517344827	8.62290969183515e-10
0.05011872336272725	97.60412699790002	4.816420251294004e-11
0.05011872336272725	102.93036521628288	1.0631161074816758e-12
0.05011872336272725	106.28679016898775	4.8854527042414275e-14
0.05011872336272725	110.76202343926091	2.783114684286454e-19
0.0588843655355589	0.7752971390004649	0.0005548778325835844
0.0588843655355589	0.9108947129632589	0.007247413532960723
0.0588843655355589	1.0702079710678774	0.03249768441826414
0.0588843655355589	1.257384728484444	0.05886266918604354
0.0588843655355589	1.4772982431146775	0.08756150901000004
0.0588843655355589	1.7356740937518973	0.11323119310732557
0.0588843655355589	2.039239248920988	0.16535640310132577
0.0588843655355589	2.395897207493991	0.2306948304183509
0.0588843655355589	2.8149337709711375	0.28342517240880705
0.0588843655355589	3.3072588048306995	0.34440538807116494
0.0588843655355589	3.885690283347819	0.4057668392084519
0.0588843655355589	4.56528801315764	0.45559664594652266
0.0588843655355589	5.363745724253654	0.493010839350399
0.0588843655355589	6.301851736742975	0.5138078111317075
0.0588843655355589	7.404030197090749	0.49424334426514976
0.0588843655355589	8.698976975260363	0.4621792781958246
0.0588843655355589	10.220406778708666	0.3761833767743768
0.0588843655355589	12.007930934792206	0.290437131659662
0.0588843655355589	14.108088695170105	0.19949026036444462
0.0588843655355589	16.575558912825368	0.12409460468589519
0.0588843655355589	19.474583638434655	0.06632939464105705
0.0588843655355589	22.880640700262248	0.030371192159962822
0.0588843655355589	26.88240881418799	0.012294847007440435
0.0588843655355589	31.58407638667433	0.004375144234732705
0.0588843655355589	37.10805412172701	0.001310830638290923
0.0588843655355589	43.5981620561808	0.0001650095963967687
0.0588843655355589	51.2233739996642	0.00006913827610155893
0.0588843655355589	60.182216867958516	6.204951641959665e-7
0.0588843655355589	70.70793944900498	1.514417418143054e-7
0.0588843655355589	83.07458517344827	1.1838658512370501e-18
0.0588843655355589	97.60412699790002	5.45928849923248e-19
0.0588843655355589	102.93036521628288	1.7266197191296797e-19
0.0588843655355589	106.28679016898775	4.2249982085492947e-19
0.0588843655355589	110.76202343926091	9.744034782441561e-19
0.06918309709189366	0.7752971390004649	0.0025809473101029707
0.06918309709189366	0.9108947129632589	0.012990895506959779
0.06918309709189366	1.0702079710678774	0.0340315207439581
0.06918309709189366	1.257384728484444	0.07034320284512507
0.06918309709189366	1.4772982431146775	0.10328707102913
0.06918309709189366	1.7356740937518973	0.14125506656563025
0.06918309709189366	2.039239248920988	0.19942413726292207
0.06918309709189366	2.395897207493991	0.2542975242933942
0.06918309709189366	2.8149337709711375	0.3194096221887757
0.06918309709189366	3.3072588048306995	0.3896744492664753
0.06918309709189366	3.885690283347819	0.4418507355276067
0.06918309709189366	4.56528801315764	0.48307280215744114
0.06918309709189366	5.363745724253654	0.494324076863844
0.06918309709189366	6.301851736742975	0.49054217051476756
0.06918309709189366	7.404030197090749	0.46322000806872204
0.06918309709189366	8.698976975260363	0.39672226281085693
0.06918309709189366	10.220406778708666	0.29730176031775873
0.06918309709189366	12.007930934792206	0.20872083056205967
0.06918309709189366	14.108088695170105	0.12861210068769868
0.06918309709189366	16.575558912825368	0.06848974464500021
0.06918309709189366	19.474583638434655	0.033672455655757355
0.06918309709189366	22.880640700262248	0.014656943720609782
0.06918309709189366	26.88240881418799	0.0052708639206779885
0.06918309709189366	31.58407638667433	0.001917621014602794
0.06918309709189366	37.10805412172701	0.0005587603809233602
0.06918309709189366	43.5981620561808	0.00006050024336584536
0.06918309709189366	51.2233739996642	1.1482105720055452e-6
0.06918309709189366	60.182216867958516	3.4335837559300744e-9
0.06918309709189366	70.70793944900498	4.278822153550479e-11
0.06918309709189366	83.07458517344827	1.5291250003667808e-18
0.06918309709189366	97.60412699790002	1.1260959154735359e-18
0.06918309709189366	102.93036521628288	4.439385464034814e-19
0.06918309709189366	106.28679016898775	7.789509189470251e-19
0.06918309709189366	110.76202343926091	1.000572023222202e-18
0.08128305161640995	0.7752971390004649	0.0074584345650581816
0.08128305161640995	0.9108947129632589	0.014150086853786223
0.08128305161640995	1.0702079710678774	0.044453235670187004
0.08128305161640995	1.257384728484444	0.08569961991743799
0.08128305161640995	1.4772982431146775	0.11783835917274349
0.08128305161640995	1.7356740937518973	0.15286728244017006
0.08128305161640995	2.039239248920988	0.2266615905812621
0.08128305161640995	2.395897207493991	0.2855339254785187
0.08128305161640995	2.8149337709711375	0.3497677068607182
0.08128305161640995	3.3072588048306995	0.41209527496047943
0.08128305161640995	3.885690283347819	0.4666092498038777
0.08128305161640995	4.56528801315764	0.4905905038504844
0.08128305161640995	5.363745724253654	0.4846857053858358
0.08128305161640995	6.301851736742975	0.4585471402755991
0.08128305161640995	7.404030197090749	0.38794567854173284
0.08128305161640995	8.698976975260363	0.31177232476783096
0.08128305161640995	10.220406778708666	0.21405253909739394
0.08128305161640995	12.007930934792206	0.13506791270289037
0.08128305161640995	14.108088695170105	0.07177398925119434
0.08128305161640995	16.575558912825368	0.03729619541529818
0.08128305161640995	19.474583638434655	0.014897402402528362
0.08128305161640995	22.880640700262248	0.005451107712991179
0.08128305161640995	26.88240881418799	0.0020128552252820114
0.08128305161640995	31.58407638667433	0.0004941648941616205
0.08128305161640995	37.10805412172701	0.00008853648794245916
0.08128305161640995	43.5981620561808	1.8824923133929243e-6
0.08128305161640995	51.2233739996642	3.154030489862121e-9
0.08128305161640995	60.182216867958516	5.413057610461347e-13
0.08128305161640995	70.70793944900498	6.919256065133876e-20
0.08128305161640995	83.07458517344827	1.0532160828071764e-18
0.08128305161640995	97.60412699790002	9.130733966926068e-19
0.08128305161640995	102.93036521628288	3.4594800970351746e-19
0.08128305161640995	106.28679016898775	5.384510054010373e-19
0.08128305161640995	110.76202343926091	6.623790251452173e-19
0.09549925860214359	0.7752971390004649	0.0034202572146989317
0.09549925860214359	0.9108947129632589	0.024628625397956277
0.09549925860214359	1.0702079710678774	0.05551574694757755
0.09549925860214359	1.257384728484444	0.09002433244216589
0.09549925860214359	1.4772982431146775	0.12606000702878398
0.09549925860214359	1.7356740937518973	0.20366560567343636
0.09549925860214359	2.039239248920988	0.25199668250232743
0.09549925860214359	2.395897207493991	0.3286889126329897
0.09549925860214359	2.8149337709711375	0.3843718414361358
0.09549925860214359	3.3072588048306995	0.4277344263094334
0.09549925860214359	3.885690283347819	0.45262236825283414
0.09549925860214359	4.56528801315764	0.47210988094456385
0.09549925860214359	5.363745724253654	0.4538041237402663
0.09549925860214359	6.301851736742975	0.38002857829255837
0.09549925860214359	7.404030197090749	0.2997142412999858
0.09549925860214359	8.698976975260363	0.21652516068495536
0.09549925860214359	10.220406778708666	0.13837760055209108
0.09549925860214359	12.007930934792206	0.07871053234263989
0.09549925860214359	14.108088695170105	0.037134473587206625
0.09549925860214359	16.575558912825368	0.016957925787323268
0.09549925860214359	19.474583638434655	0.006536614493093069
0.09549925860214359	22.880640700262248	0.002076694996390786
0.09549925860214359	26.88240881418799	0.0006725166799515875
0.09549925860214359	31.58407638667433	0.0001415454922687165
0.09549925860214359	37.10805412172701	0.000022448422090940066
0.09549925860214359	43.5981620561808	4.378348652875253e-9
0.09549925860214359	51.2233739996642	2.6394464958517967e-13
0.09549925860214359	60.182216867958516	1.0200094619119078e-18
0.09549925860214359	70.70793944900498	5.1838798213772583e-20
0.09549925860214359	83.07458517344827	9.833453418340165e-19
0.09549925860214359	97.60412699790002	5.895515790915507e-19
0.09549925860214359	102.93036521628288	3.470561387928866e-19
0.09549925860214359	106.28679016898775	4.517726359738603e-19
0.09549925860214359	110.76202343926091	4.291662036604054e-19
0.11220184543019636	0.7752971390004649	0.005240283501238841
0.11220184543019636	0.9108947129632589	0.02932640603556055
0.11220184543019636	1.0702079710678774	0.06377792383448123
0.11220184543019636	1.257384728484444	0.10266489342021369
0.11220184543019636	1.4772982431146775	0.14162104327778274
0.11220184543019636	1.7356740937518973	0.20797361345556237
0.11220184543019636	2.039239248920988	0.28078992523523955
0.11220184543019636	2.395897207493991	0.342460035007453
0.11220184543019636	2.8149337709711375	0.3988203588026223
0.11220184543019636	3.3072588048306995	0.42822303797245764
0.11220184543019636	3.885690283347819	0.4469004171206543
0.11220184543019636	4.56528801315764	0.41815777813294
0.11220184543019636	5.363745724253654	0.3731557191860683
0.11220184543019636	6.301851736742975	0.29507635464307264
0.11220184543019636	7.404030197090749	0.21269879372734918
0.11220184543019636	8.698976975260363	0.13532787296717766
0.11220184543019636	10.220406778708666	0.08209120117525834
0.11220184543019636	12.007930934792206	0.04043541453780008
0.11220184543019636	14.108088695170105	0.016848290709978887
0.11220184543019636	16.575558912825368	0.007287305851107804
0.11220184543019636	19.474583638434655	0.0022558386892642243
0.11220184543019636	22.880640700262248	0.000611236061860707
0.11220184543019636	26.88240881418799	0.00014846545600061742
0.11220184543019636	31.58407638667433	0.000011788960558349696
0.11220184543019636	37.10805412172701	4.321047921459048e-7
0.11220184543019636	43.5981620561808	5.328527984973421e-11
0.11220184543019636	51.2233739996642	2.6487877397335268e-20
0.11220184543019636	60.182216867958516	9.382831764413648e-19
0.11220184543019636	70.70793944900498	2.2053407315122272e-20
0.11220184543019636	83.07458517344827	8.453657202577548e-19
0.11220184543019636	97.60412699790002	6.773796645481906e-19
0.11220184543019636	102.93036521628288	7.321565805675815e-19
0.11220184543019636	106.28679016898775	7.891230351839299e-19
0.11220184543019636	110.76202343926091	4.82268566211844e-19
0.13182567385564073	0.7752971390004649	0.008172829165798442
0.13182567385564073	0.9108947129632589	0.0280583783333276
0.13182567385564073	1.0702079710678774	0.0688420809543025
0.13182567385564073	1.257384728484444	0.10697607376683148
0.13182567385564073	1.4772982431146775	0.1588111102918583
0.13182567385564073	1.7356740937518973	0.2233464607982622
0.13182567385564073	2.039239248920988	0.2934026816459109
0.13182567385564073	2.395897207493991	0.34419756203419943
0.13182567385564073	2.8149337709711375	0.37038268769941374
0.13182567385564073	3.3072588048306995	0.4042470542302019
0.13182567385564073	3.885690283347819	0.3914337266656993
0.13182567385564073	4.56528801315764	0.34645873766026003
0.13182567385564073	5.363745724253654	0.28309095108138677
0.13182567385564073	6.301851736742975	0.20654506178676857
0.13182567385564073	7.404030197090749	0.13127388595967968
0.13182567385564073	8.698976975260363	0.07769319124961771
0.13182567385564073	10.220406778708666	0.03982433455849179
0.13182567385564073	12.007930934792206	0.015887213266966363
0.13182567385564073	14.108088695170105	0.006202107729380613
0.13182567385564073	16.575558912825368	0.0024594394398941974
0.13182567385564073	19.474583638434655	0.0004454138693099164
0.13182567385564073	22.880640700262248	0.00007987443386084264
0.13182567385564073	26.88240881418799	0.000011486543364702795
0.13182567385564073	31.58407638667433	2.8984649498526825e-7
0.13182567385564073	37.10805412172701	2.9810540729475305e-10
0.13182567385564073	43.5981620561808	1.1536738254163066e-14
0.13182567385564073	51.2233739996642	4.444163870601786e-19
0.13182567385564073	60.182216867958516	1.7020197807392062e-19
0.13182567385564073	70.70793944900498	7.46123971870913e-20
0.13182567385564073	83.07458517344827	7.540758854200102e-19
0.13182567385564073	97.60412699790002	2.7670514388816835e-19
0.13182567385564073	102.93036521628288	6.433569625811814e-19
0.13182567385564073	106.28679016898775	7.48246217487105e-19
0.13182567385564073	110.76202343926091	3.335798462865602e-19
0.1548816618912482	0.7752971390004649	0.007954733248171097
0.1548816618912482	0.9108947129632589	0.033066186401389364
0.1548816618912482	1.0702079710678774	0.07837275403161718
0.1548816618912482	1.257384728484444	0.12238150215515353
0.1548816618912482	1.4772982431146775	0.1930707996384324
0.1548816618912482	1.7356740937518973	0.2407163195806544
0.1548816618912482	2.039239248920988	0.2884505725261311
0.1548816618912482	2.395897207493991	0.3375613749530833
0.1548816618912482	2.8149337709711375	0.35526214793432687
0.1548816618912482	3.3072588048306995	0.3507733741364781
0.1548816618912482	3.885690283347819	0.3166886303711194
0.1548816618912482	4.56528801315764	0.26198569624074813
0.1548816618912482	5.363745724253654	0.18765353962577364
0.1548816618912482	6.301851736742975	0.12552435752750146
0.1548816618912482	7.404030197090749	0.06911284158304887
0.1548816618912482	8.698976975260363	0.03883540754620492
0.1548816618912482	10.220406778708666	0.016483093879913892
0.1548816618912482	12.007930934792206	0.006061959508839714
0.1548816618912482	14.108088695170105	0.0018873081517976566
0.1548816618912482	16.575558912825368	0.0006047990849465639
0.1548816618912482	19.474583638434655	0.00009815842863785094
0.1548816618912482	22.880640700262248	0.000031608566269338386
0.1548816618912482	26.88240881418799	1.0619688227727615e-7
0.1548816618912482	31.58407638667433	2.439924007237228e-10
0.1548816618912482	37.10805412172701	4.507429837988977e-19
0.1548816618912482	43.5981620561808	1.1406623218332924e-20
0.1548816618912482	51.2233739996642	2.4631737160573224e-19
0.1548816618912482	60.182216867958516	1.7231937456569846e-19
0.1548816618912482	70.70793944900498	2.186641377523144e-19
0.1548816618912482	83.07458517344827	9.858113200469109e-19
0.1548816618912482	97.60412699790002	3.585525921973327e-19
0.1548816618912482	102.93036521628288	9.881727668014218e-19
0.1548816618912482	106.28679016898775	1.1951229937206122e-18
0.1548816618912482	110.76202343926091	7.068871089038971e-19
0.18197008586099844	0.7752971390004649	0.007585205872909899
0.18197008586099844	0.9108947129632589	0.03711393380413312
0.18197008586099844	1.0702079710678774	0.08894025751877022
0.18197008586099844	1.257384728484444	0.13411242666766532
0.18197008586099844	1.4772982431146775	0.20422443290861947
0.18197008586099844	1.7356740937518973	0.25260126407881955
0.18197008586099844	2.039239248920988	0.2925447738470158
0.18197008586099844	2.395897207493991	0.31971606208113884
0.18197008586099844	2.8149337709711375	0.32295879094398855
0.18197008586099844	3.3072588048306995	0.28966299352766917
0.18197008586099844	3.885690283347819	0.23805700192258944
0.18197008586099844	4.56528801315764	0.17501289274360088
0.18197008586099844	5.363745724253654	0.11052752507393432
0.18197008586099844	6.301851736742975	0.06618417848901126
0.18197008586099844	7.404030197090749	0.03240648536803902
0.18197008586099844	8.698976975260363	0.01532861492495587
0.18197008586099844	10.220406778708666	0.005568445297214927
0.18197008586099844	12.007930934792206	0.0016080541778215286
0.18197008586099844	14.108088695170105	0.0005280600215999839
0.18197008586099844	16.575558912825368	0.00014746028483114332
0.18197008586099844	19.474583638434655	0.00004236868964789078
0.18197008586099844	22.880640700262248	1.2170287146110558e-6
0.18197008586099844	26.88240881418799	1.2891390352888921e-9
0.18197008586099844	31.58407638667433	4.007405859176065e-20
0.18197008586099844	37.10805412172701	1.84996887059909e-19
0.18197008586099844	43.5981620561808	4.178585560083477e-19
0.18197008586099844	51.2233739996642	0.
0.18197008586099844	60.182216867958516	3.044678805757816e-19
0.18197008586099844	70.70793944900498	6.185186682671562e-19
0.18197008586099844	83.07458517344827	5.143394124750704e-19
0.18197008586099844	97.60412699790002	2.5058716236156423e-19
0.18197008586099844	102.93036521628288	8.602196380649418e-19
0.18197008586099844	106.28679016898775	1.0131510563184606e-18
0.18197008586099844	110.76202343926091	6.390754986531153e-19
0.21379620895022325	0.7752971390004649	0.008954856162139159
0.21379620895022325	0.9108947129632589	0.03770830981830186
0.21379620895022325	1.0702079710678774	0.0964076202269279
0.21379620895022325	1.257384728484444	0.15211317509686384
0.21379620895022325	1.4772982431146775	0.22087817021108885
0.21379620895022325	1.7356740937518973	0.2571228584959145
0.21379620895022325	2.039239248920988	0.2819806719235768
0.21379620895022325	2.395897207493991	0.2809335591725527
0.21379620895022325	2.8149337709711375	0.2634478715271596
0.21379620895022325	3.3072588048306995	0.20743500717217356
0.21379620895022325	3.885690283347819	0.16099577631565973
0.21379620895022325	4.56528801315764	0.10119297341581068
0.21379620895022325	5.363745724253654	0.05639908908796532
0.21379620895022325	6.301851736742975	0.028618230740367994
0.21379620895022325	7.404030197090749	0.013142445170496377
0.21379620895022325	8.698976975260363	0.005162766210399491
0.21379620895022325	10.220406778708666	0.0016087507902892834
0.21379620895022325	12.007930934792206	0.0005317419311661378
0.21379620895022325	14.108088695170105	0.00008374317825043643
0.21379620895022325	16.575558912825368	0.000014661375094795353
0.21379620895022325	19.474583638434655	2.217738258361544e-6
0.21379620895022325	22.880640700262248	3.3565108693636962e-9
0.21379620895022325	26.88240881418799	3.2985282099779825e-13
0.21379620895022325	31.58407638667433	0.
0.21379620895022325	37.10805412172701	3.3062023462379954e-19
0.21379620895022325	43.5981620561808	5.889485106527515e-19
0.21379620895022325	51.2233739996642	0.
0.21379620895022325	60.182216867958516	2.90971198124504e-19
0.21379620895022325	70.70793944900498	4.886642755091007e-19
0.21379620895022325	83.07458517344827	1.6896893647568077e-19
0.21379620895022325	97.60412699790002	1.4837581995976864e-19
0.21379620895022325	102.93036521628288	7.034656725598943e-19
0.21379620895022325	106.28679016898775	7.542563119283072e-19
0.21379620895022325	110.76202343926091	3.820953331927361e-19
0.25118864315095807	0.7752971390004649	0.007638080654611843
0.25118864315095807	0.9108947129632589	0.04212747222383639
0.25118864315095807	1.0702079710678774	0.10403378303345769
0.25118864315095807	1.257384728484444	0.1625125058850258
0.25118864315095807	1.4772982431146775	0.2037744670735389
0.25118864315095807	1.7356740937518973	0.24182886594109265
0.25118864315095807	2.039239248920988	0.24777963925617083
0.25118864315095807	2.395897207493991	0.23074304454743888
0.25118864315095807	2.8149337709711375	0.18765303564005398
0.25118864315095807	3.3072588048306995	0.13635103660598774
0.25118864315095807	3.885690283347819	0.08909807219090875
0.25118864315095807	4.56528801315764	0.04696748924141493
0.25118864315095807	5.363745724253654	0.02313263420462703
0.25118864315095807	6.301851736742975	0.01091347707487942
0.25118864315095807	7.404030197090749	0.004177932621915636
0.25118864315095807	8.698976975260363	0.0011314387385993655
0.25118864315095807	10.220406778708666	0.0003070403943666342
0.25118864315095807	12.007930934792206	0.0000392147415852164
0.25118864315095807	14.108088695170105	9.832996090683756e-7
0.25118864315095807	16.575558912825368	4.4002535112221285e-8
0.25118864315095807	19.474583638434655	1.0228777036184586e-9
0.25118864315095807	22.880640700262248	8.091408954651214e-13
0.25118864315095807	26.88240881418799	1.3745961810731862e-18
0.25118864315095807	31.58407638667433	0.
0.25118864315095807	37.10805412172701	5.809818730348575e-19
0.25118864315095807	43.5981620561808	7.792975519153807e-19
0.25118864315095807	51.2233739996642	0.
0.25118864315095807	60.182216867958516	3.6033576030371846e-19
0.25118864315095807	70.70793944900498	7.922112183081322e-19
0.25118864315095807	83.07458517344827	1.8965678527535945e-19
0.25118864315095807	97.60412699790002	1.6394237993962998e-19
0.25118864315095807	102.93036521628288	6.790669551458726e-19
0.25118864315095807	106.28679016898775	7.141217169417407e-19
0.25118864315095807	110.76202343926091	4.2870884373333396e-19
0.2951209226666387	0.7752971390004649	0.01343922008485979
0.2951209226666387	0.9108947129632589	0.05497355560801464
0.2951209226666387	1.0702079710678774	0.10417294106213758
0.2951209226666387	1.257384728484444	0.16171136728603966
0.2951209226666387	1.4772982431146775	0.1835092200710963
0.2951209226666387	1.7356740937518973	0.198691124385752
0.2951209226666387	2.039239248920988	0.19619502719706444
0.2951209226666387	2.395897207493991	0.1648492371189215
0.2951209226666387	2.8149337709711375	0.12189019110804959
0.2951209226666387	3.3072588048306995	0.07734825591600955
0.2951209226666387	3.885690283347819	0.04251789742166589
0.2951209226666387	4.56528801315764	0.02123210667329982
0.2951209226666387	5.363745724253654	0.008688107806731706
0.2951209226666387	6.301851736742975	0.003463903621539346
0.2951209226666387	7.404030197090749	0.0011379410484397667
0.2951209226666387	8.698976975260363	0.0002549349042516274
0.2951209226666387	10.220406778708666	0.000034548448947556975
0.2951209226666387	12.007930934792206	1.3492960545788658e-7
0.2951209226666387	14.108088695170105	4.0299337568584146e-10
0.2951209226666387	16.575558912825368	1.148283112368611e-12
0.2951209226666387	19.474583638434655	1.6588176787891397e-18
0.2951209226666387	22.880640700262248	6.135467819762742e-19
0.2951209226666387	26.88240881418799	1.105242225313422e-18
0.2951209226666387	31.58407638667433	1.9547009706089588e-19
0.2951209226666387	37.10805412172701	7.864907955475461e-19
0.2951209226666387	43.5981620561808	9.06616894430656e-19
0.2951209226666387	51.2233739996642	4.7003960517106086e-20
0.2951209226666387	60.182216867958516	3.570487988976475e-19
0.2951209226666387	70.70793944900498	7.679741902049679e-19
0.2951209226666387	83.07458517344827	1.7384384519425552e-20
0.2951209226666387	97.60412699790002	6.973390786136015e-20
0.2951209226666387	102.93036521628288	3.907565100449271e-19
0.2951209226666387	106.28679016898775	4.080283394513394e-19
0.2951209226666387	110.76202343926091	2.4588150775419605e-19
0.34673685045253166	0.7752971390004649	0.015252454103323924
0.34673685045253166	0.9108947129632589	0.05651194740748605
0.34673685045253166	1.0702079710678774	0.10800784795507033
0.34673685045253166	1.257384728484444	0.14960379080124642
0.34673685045253166	1.4772982431146775	0.1720594853750979
0.34673685045253166	1.7356740937518973	0.16003283633572704
0.34673685045253166	2.039239248920988	0.13843396860938412
0.34673685045253166	2.395897207493991	0.10299676375291948
0.34673685045253166	2.8149337709711375	0.06385525710634167
0.34673685045253166	3.3072588048306995	0.03454413875866822
0.34673685045253166	3.885690283347819	0.01704111743314922
0.34673685045253166	4.56528801315764	0.006670265264583822
0.34673685045253166	5.363745724253654	0.002469690938806587
0.34673685045253166	6.301851736742975	0.000679168638535643
0.34673685045253166	7.404030197090749	0.00019734205970566317
0.34673685045253166	8.698976975260363	0.000026664249451580727
0.34673685045253166	10.220406778708666	3.2984842741855097e-6
0.34673685045253166	12.007930934792206	5.281824144995178e-10
0.34673685045253166	14.108088695170105	0.
0.34673685045253166	16.575558912825368	2.6699247934225505e-19
0.34673685045253166	19.474583638434655	6.774215935194431e-19
0.34673685045253166	22.880640700262248	0.
0.34673685045253166	26.88240881418799	9.234675427633532e-20
0.34673685045253166	31.58407638667433	5.450736546449219e-20
0.34673685045253166	37.10805412172701	5.854560978217953e-19
0.34673685045253166	43.5981620561808	7.1372924250437115e-19
0.34673685045253166	51.2233739996642	2.894610279434169e-19
0.34673685045253166	60.182216867958516	3.6652186367920294e-19
0.34673685045253166	70.70793944900498	8.325793280724686e-19
0.34673685045253166	83.07458517344827	0.
0.34673685045253166	97.60412699790002	7.779407187176388e-20
0.34673685045253166	102.93036521628288	3.0119045155102037e-19
0.34673685045253166	106.28679016898775	2.9546765924972726e-19
0.34673685045253166	110.76202343926091	1.7574085030351289e-19
0.40738027780411284	0.7752971390004649	0.01680597452189313
0.40738027780411284	0.9108947129632589	0.05828512825930162
0.40738027780411284	1.0702079710678774	0.10258743161403559
0.40738027780411284	1.257384728484444	0.12920849884398844
0.40738027780411284	1.4772982431146775	0.14014815707470868
0.40738027780411284	1.7356740937518973	0.10802735566943272
0.40738027780411284	2.039239248920988	0.08472918379334711
0.40738027780411284	2.395897207493991	0.054394909259065746
0.40738027780411284	2.8149337709711375	0.02647187837925113
0.40738027780411284	3.3072588048306995	0.012788390695394551
0.40738027780411284	3.885690283347819	0.00495424046723231
0.40738027780411284	4.56528801315764	0.0018711933952477704
0.40738027780411284	5.363745724253654	0.0005306143491789196
0.40738027780411284	6.301851736742975	0.0000876388546749476
0.40738027780411284	7.404030197090749	0.000015101690715956688
0.40738027780411284	8.698976975260363	8.169510456901778e-7
0.40738027780411284	10.220406778708666	1.798761117672896e-8
0.40738027780411284	12.007930934792206	7.560377408923398e-14
0.40738027780411284	14.108088695170105	0.
0.40738027780411284	16.575558912825368	1.3890296506294584e-19
0.40738027780411284	19.474583638434655	0.
0.40738027780411284	22.880640700262248	0.
0.40738027780411284	26.88240881418799	0.
0.40738027780411284	31.58407638667433	1.0840427191866211e-19
0.40738027780411284	37.10805412172701	4.465126182559312e-19
0.40738027780411284	43.5981620561808	6.71986814871528e-19
0.40738027780411284	51.2233739996642	2.305170291536717e-19
0.40738027780411284	60.182216867958516	3.8596781539544445e-19
0.40738027780411284	70.70793944900498	8.922458315300208e-19
0.40738027780411284	83.07458517344827	4.480050051770252e-20
0.40738027780411284	97.60412699790002	1.328482071916853e-19
0.40738027780411284	102.93036521628288	2.6677508900975574e-19
0.40738027780411284	106.28679016898775	2.572277025377609e-19
0.40738027780411284	110.76202343926091	1.7988446638744062e-19
0.47863009232263853	0.7752971390004649	0.02473111875004311
0.47863009232263853	0.9108947129632589	0.060826798096546834
0.47863009232263853	1.0702079710678774	0.09330512970931594
0.47863009232263853	1.257384728484444	0.1086234309883001
0.47863009232263853	1.4772982431146775	0.09828360877890553
0.47863009232263853	1.7356740937518973	0.06951069525886257
0.47863009232263853	2.039239248920988	0.04297883574431269
0.47863009232263853	2.395897207493991	0.022704489857801304
0.47863009232263853	2.8149337709711375	0.009679678245531027
0.47863009232263853	3.3072588048306995	0.003130705986168997
0.47863009232263853	3.885690283347819	0.000976350633131474
0.47863009232263853	4.56528801315764	0.00039134611402115416
0.47863009232263853	5.363745724253654	0.000024421678350451266
0.47863009232263853	6.301851736742975	5.761366202982136e-6
0.47863009232263853	7.404030197090749	4.36406384380697e-8
0.47863009232263853	8.698976975260363	1.3505897369912642e-9
0.47863009232263853	10.220406778708666	6.012775654023205e-19
0.47863009232263853	12.007930934792206	5.506534275371918e-19
0.47863009232263853	14.108088695170105	6.425257363021778e-20
0.47863009232263853	16.575558912825368	3.037196294442509e-19
0.47863009232263853	19.474583638434655	6.472833219475806e-20
0.47863009232263853	22.880640700262248	0.
0.47863009232263853	26.88240881418799	0.
0.47863009232263853	31.58407638667433	4.124259345237552e-20
0.47863009232263853	37.10805412172701	0.
0.47863009232263853	43.5981620561808	2.1748137297334665e-19
0.47863009232263853	51.2233739996642	4.65768232506056e-20
0.47863009232263853	60.182216867958516	2.7880457774986825e-19
0.47863009232263853	70.70793944900498	5.828629633217364e-19
0.47863009232263853	83.07458517344827	3.408885640043599e-20
0.47863009232263853	97.60412699790002	8.821484704334006e-20
0.47863009232263853	102.93036521628288	1.586512705260702e-19
0.47863009232263853	106.28679016898775	1.617660511309759e-19
0.47863009232263853	110.76202343926091	1.2183265657297178e-19
0.5623413251903494	0.7752971390004649	0.02291604605239374
0.5623413251903494	0.9108947129632589	0.05902102652236372
0.5623413251903494	1.0702079710678774	0.0794222180924687
0.5623413251903494	1.257384728484444	0.0782489972009499
0.5623413251903494	1.4772982431146775	0.05957500124241632
0.5623413251903494	1.7356740937518973	0.03513689233423759
0.5623413251903494	2.039239248920988	0.017920563829007707
0.5623413251903494	2.395897207493991	0.008131924229559745
0.5623413251903494	2.8149337709711375	0.0022521041576881807
0.5623413251903494	3.3072588048306995	0.00041977395495522896
0.5623413251903494	3.885690283347819	0.00017298910252245005
0.5623413251903494	4.56528801315764	0.000029694597561623034
0.5623413251903494	5.363745724253654	4.0898651140739263e-7
0.5623413251903494	6.301851736742975	1.1108205748496754e-8
0.5623413251903494	7.404030197090749	4.140855215863809e-11
0.5623413251903494	8.698976975260363	8.254837002413314e-19
0.5623413251903494	10.220406778708666	1.1149253451732948e-18
0.5623413251903494	12.007930934792206	4.921065531467678e-19
0.5623413251903494	14.108088695170105	7.152757844259797e-19
0.5623413251903494	16.575558912825368	7.408964940758178e-19
0.5623413251903494	19.474583638434655	2.427662640900837e-19
0.5623413251903494	22.880640700262248	1.1833258575542065e-19
0.5623413251903494	26.88240881418799	6.876882123529953e-20
0.5623413251903494	31.58407638667433	1.9765013938676953e-20
0.5623413251903494	37.10805412172701	0.
0.5623413251903494	43.5981620561808	7.003818956051168e-20
0.5623413251903494	51.2233739996642	0.
0.5623413251903494	60.182216867958516	1.5304403696907813e-19
0.5623413251903494	70.70793944900498	3.558146799795558e-19
0.5623413251903494	83.07458517344827	0.
0.5623413251903494	97.60412699790002	2.6062387342549245e-20
0.5623413251903494	102.93036521628288	1.1555011850771489e-20
0.5623413251903494	106.28679016898775	2.061808838452826e-20
0.5623413251903494	110.76202343926091	2.4657662464380782e-20
0.6606934480075964	0.7752971390004649	0.02321910036518751
0.6606934480075964	0.9108947129632589	0.05413836730850677
0.6606934480075964	1.0702079710678774	0.06259690901733057
0.6606934480075964	1.257384728484444	0.04946292663032199
0.6606934480075964	1.4772982431146775	0.031387788582115536
0.6606934480075964	1.7356740937518973	0.01393470657039455
0.6606934480075964	2.039239248920988	0.005297357170058563
0.6606934480075964	2.395897207493991	0.001853857358818517
0.6606934480075964	2.8149337709711375	0.0003489291238313707
0.6606934480075964	3.3072588048306995	0.00004006366272538124
0.6606934480075964	3.885690283347819	6.003115362930192e-6
0.6606934480075964	4.56528801315764	1.4876867446054956e-7
0.6606934480075964	5.363745724253654	2.3957309528956527e-9
0.6606934480075964	6.301851736742975	0.
0.6606934480075964	7.404030197090749	2.649181767736916e-19
0.6606934480075964	8.698976975260363	5.465246357910838e-19
0.6606934480075964	10.220406778708666	4.2443666506857437e-19
0.6606934480075964	12.007930934792206	1.4889007995111927e-18
0.6606934480075964	14.108088695170105	2.7243293846657372e-19
0.6606934480075964	16.575558912825368	3.2610623691898774e-19
0.6606934480075964	19.474583638434655	5.946739244880274e-19
0.6606934480075964	22.880640700262248	2.9051319577965654e-19
0.6606934480075964	26.88240881418799	1.3017738134507263e-19
0.6606934480075964	31.58407638667433	0.
0.6606934480075964	37.10805412172701	3.658288233441242e-20
0.6606934480075964	43.5981620561808	2.5410666974050913e-19
0.6606934480075964	51.2233739996642	0.
0.6606934480075964	60.182216867958516	9.326008934140553e-20
0.6606934480075964	70.70793944900498	2.8150117845713684e-19
0.6606934480075964	83.07458517344827	1.1434524770248394e-20
0.6606934480075964	97.60412699790002	3.09167940321593e-20
0.6606934480075964	102.93036521628288	2.730442662330271e-20
0.6606934480075964	106.28679016898775	4.4067613113076036e-20
0.6606934480075964	110.76202343926091	4.6974857666286176e-20
0.776247116628692	0.7752971390004649	0.023580758165618828
0.776247116628692	0.9108947129632589	0.04196888027670539
0.776247116628692	1.0702079710678774	0.04289765466548701
0.776247116628692	1.257384728484444	0.0254669677466639
0.776247116628692	1.4772982431146775	0.013217450320051964
0.776247116628692	1.7356740937518973	0.0036248581402194887
0.776247116628692	2.039239248920988	0.0007992605817518535
0.776247116628692	2.395897207493991	0.00015677441557685495
0.776247116628692	2.8149337709711375	0.00003800366692132952
0.776247116628692	3.3072588048306995	3.303528025252009e-7
0.776247116628692	3.885690283347819	4.6346403696793055e-8
0.776247116628692	4.56528801315764	1.6562988615514552e-13
0.776247116628692	5.363745724253654	1.1888198936078192e-19
0.776247116628692	6.301851736742975	0.
0.776247116628692	7.404030197090749	0.
0.776247116628692	8.698976975260363	2.4290824830262092e-19
0.776247116628692	10.220406778708666	5.831453441410753e-21
0.776247116628692	12.007930934792206	0.
0.776247116628692	14.108088695170105	0.
0.776247116628692	16.575558912825368	8.943180247046747e-21
0.776247116628692	19.474583638434655	0.
0.776247116628692	22.880640700262248	7.162160551345264e-20
0.776247116628692	26.88240881418799	4.3833021500551346e-20
0.776247116628692	31.58407638667433	4.817833920159326e-22
0.776247116628692	37.10805412172701	2.5073473081088616e-20
0.776247116628692	43.5981620561808	2.8048840885722183e-19
0.776247116628692	51.2233739996642	0.
0.776247116628692	60.182216867958516	1.0178859180813073e-19
0.776247116628692	70.70793944900498	3.0459658060272025e-19
0.776247116628692	83.07458517344827	6.324391114319117e-20
0.776247116628692	97.60412699790002	9.254700149430076e-20
0.776247116628692	102.93036521628288	1.2369826641534868e-19
0.776247116628692	106.28679016898775	1.4294322483982753e-19
0.776247116628692	110.76202343926091	1.234773614990144e-19
0.9120108393559101	0.7752971390004649	0.021660923326269215
0.9120108393559101	0.9108947129632589	0.03591408725487478
0.9120108393559101	1.0702079710678774	0.02313707317293774
0.9120108393559101	1.257384728484444	0.010657085918364386
0.9120108393559101	1.4772982431146775	0.003718000031753588
0.9120108393559101	1.7356740937518973	0.0005377714822760515
0.9120108393559101	2.039239248920988	0.000026618344375696
0.9120108393559101	2.395897207493991	2.939625845633484e-6
0.9120108393559101	2.8149337709711375	4.632510727885712e-7
0.9120108393559101	3.3072588048306995	1.4411647586462532e-10
0.9120108393559101	3.885690283347819	1.5110678963999295e-11
0.9120108393559101	4.56528801315764	3.1231939628197876e-19
0.9120108393559101	5.363745724253654	5.964989784675875e-20
0.9120108393559101	6.301851736742975	0.
0.9120108393559101	7.404030197090749	0.
0.9120108393559101	8.698976975260363	0.
0.9120108393559101	10.220406778708666	0.
0.9120108393559101	12.007930934792206	0.
0.9120108393559101	14.108088695170105	9.2660110933146e-21
0.9120108393559101	16.575558912825368	0.
0.9120108393559101	19.474583638434655	0.
0.9120108393559101	22.880640700262248	2.3015258034018905e-20
0.9120108393559101	26.88240881418799	2.435667118054109e-20
0.9120108393559101	31.58407638667433	9.902289097255705e-21
0.9120108393559101	37.10805412172701	0.
0.9120108393559101	43.5981620561808	2.406202838602568e-19
0.9120108393559101	51.2233739996642	0.
0.9120108393559101	60.182216867958516	7.359191969470176e-20
0.9120108393559101	70.70793944900498	2.1185246063187627e-19
0.9120108393559101	83.07458517344827	5.47051077810219e-20
0.9120108393559101	97.60412699790002	8.59227366803758e-20
0.9120108393559101	102.93036521628288	1.064152137977055e-19
0.9120108393559101	106.28679016898775	1.2207378969102113e-19
0.9120108393559101	110.76202343926091	9.926614741370738e-20
1.071519305237607	0.7752971390004649	0.022974563472718958
1.071519305237607	0.9108947129632589	0.024196545397654905
1.071519305237607	1.0702079710678774	0.009668108883422543
1.071519305237607	1.257384728484444	0.0025800586183448854
1.071519305237607	1.4772982431146775	0.0005433363421548538
1.071519305237607	1.7356740937518973	0.000019642918918301578
1.071519305237607	2.039239248920988	1.8101879248589754e-7
1.071519305237607	2.395897207493991	3.3238858048280796e-9
1.071519305237607	2.8149337709711375	1.1290437673043445e-10
1.071519305237607	3.3072588048306995	1.1476769266414627e-14
1.071519305237607	3.885690283347819	1.4990342124060471e-18
1.071519305237607	4.56528801315764	0.
1.071519305237607	5.363745724253654	1.4341344166798608e-19
1.071519305237607	6.301851736742975	0.
1.071519305237607	7.404030197090749	0.
1.071519305237607	8.698976975260363	0.
1.071519305237607	10.220406778708666	0.
1.071519305237607	12.007930934792206	0.
1.071519305237607	14.108088695170105	0.
1.071519305237607	16.575558912825368	2.839699421345331e-20
1.071519305237607	19.474583638434655	0.
1.071519305237607	22.880640700262248	3.83198073646684e-20
1.071519305237607	26.88240881418799	2.370110999348073e-20
1.071519305237607	31.58407638667433	0.
1.071519305237607	37.10805412172701	0.
1.071519305237607	43.5981620561808	1.0154358310544592e-19
1.071519305237607	51.2233739996642	0.
1.071519305237607	60.182216867958516	4.2069385524465894e-20
1.071519305237607	70.70793944900498	1.531001485502822e-19
1.071519305237607	83.07458517344827	2.7943272073592024e-20
1.071519305237607	97.60412699790002	4.323272945456783e-20
1.071519305237607	102.93036521628288	6.315225830288277e-20
1.071519305237607	106.28679016898775	7.754249508060727e-20
1.071519305237607	110.76202343926091	5.702099697355357e-20
1.2589254117941675	0.7752971390004649	0.018723801195732998
1.2589254117941675	0.9108947129632589	0.011677707388347643
1.2589254117941675	1.0702079710678774	0.0021772106820268874
1.2589254117941675	1.257384728484444	0.00014149627306157947
1.2589254117941675	1.4772982431146775	6.31086836094429e-6
1.2589254117941675	1.7356740937518973	3.069522043262688e-8
1.2589254117941675	2.039239248920988	2.9171407550776355e-11
1.2589254117941675	2.395897207493991	5.626388412997303e-18
1.2589254117941675	2.8149337709711375	2.275318598074887e-18
1.2589254117941675	3.3072588048306995	1.2286871979296268e-18
1.2589254117941675	3.885690283347819	1.9505889671680245e-19
1.2589254117941675	4.56528801315764	9.474923108066372e-21
1.2589254117941675	5.363745724253654	1.4255700349434165e-20
1.2589254117941675	6.301851736742975	1.1816358115732521e-20
1.2589254117941675	7.404030197090749	5.593292590277935e-21
1.2589254117941675	8.698976975260363	0.
1.2589254117941675	10.220406778708666	0.
1.2589254117941675	12.007930934792206	0.
1.2589254117941675	14.108088695170105	0.
1.2589254117941675	16.575558912825368	3.011517171361153e-19
1.2589254117941675	19.474583638434655	2.9523147919898025e-21
1.2589254117941675	22.880640700262248	0.
1.2589254117941675	26.88240881418799	5.3032279749607213e-20
1.2589254117941675	31.58407638667433	3.089043186056147e-22
1.2589254117941675	37.10805412172701	2.2827261868281223e-20
1.2589254117941675	43.5981620561808	1.2494611876151785e-19
1.2589254117941675	51.2233739996642	0.
1.2589254117941675	60.182216867958516	2.6396689944814618e-20
1.2589254117941675	70.70793944900498	1.0577729750288306e-19
1.2589254117941675	83.07458517344827	1.734937752777589e-20
1.2589254117941675	97.60412699790002	2.4389086125427955e-20
1.2589254117941675	102.93036521628288	4.982311458663268e-20
1.2589254117941675	106.28679016898775	6.259762685455216e-20
1.2589254117941675	110.76202343926091	4.4599174753342615e-20
1.4791083881682088	0.7752971390004649	0.013895754114229745
1.4791083881682088	0.9108947129632589	0.004084735632216528
1.4791083881682088	1.0702079710678774	0.00027345958336534083
1.4791083881682088	1.257384728484444	4.319285206524208e-6
1.4791083881682088	1.4772982431146775	4.164389024068685e-9
1.4791083881682088	1.7356740937518973	3.418307011896529e-12
1.4791083881682088	2.039239248920988	5.450120458292892e-18
1.4791083881682088	2.395897207493991	4.147897272047868e-18
1.4791083881682088	2.8149337709711375	7.66673948856937e-19
1.4791083881682088	3.3072588048306995	1.838186507189975e-18
1.4791083881682088	3.885690283347819	6.078538591753694e-19
1.4791083881682088	4.56528801315764	4.768740571168324e-19
1.4791083881682088	5.363745724253654	1.9356360030030607e-19
1.4791083881682088	6.301851736742975	1.112568573861099e-19
1.4791083881682088	7.404030197090749	2.2084097464664275e-20
1.4791083881682088	8.698976975260363	0.
1.4791083881682088	10.220406778708666	0.
1.4791083881682088	12.007930934792206	0.
1.4791083881682088	14.108088695170105	0.
1.4791083881682088	16.575558912825368	0.
1.4791083881682088	19.474583638434655	7.499526115979341e-22
1.4791083881682088	22.880640700262248	0.
1.4791083881682088	26.88240881418799	1.9476278502510447e-20
1.4791083881682088	31.58407638667433	3.133515675832323e-20
1.4791083881682088	37.10805412172701	5.1978193267816045e-20
1.4791083881682088	43.5981620561808	1.4528936442097902e-19
1.4791083881682088	51.2233739996642	1.4839486423228963e-20
1.4791083881682088	60.182216867958516	3.338246203303972e-20
1.4791083881682088	70.70793944900498	1.166942979099034e-19
1.4791083881682088	83.07458517344827	3.171669830253523e-20
1.4791083881682088	97.60412699790002	3.754691867090884e-20
1.4791083881682088	102.93036521628288	5.734173010750934e-20
1.4791083881682088	106.28679016898775	6.624389453314143e-20
1.4791083881682088	110.76202343926091	4.369560085173465e-20
1.7378008287493762	0.7752971390004649	0.008958364444092419
1.7378008287493762	0.9108947129632589	0.001107448856626375
1.7378008287493762	1.0702079710678774	3.0649068867315665e-6
1.7378008287493762	1.257384728484444	7.58485179612939e-9
1.7378008287493762	1.4772982431146775	4.329395785887336e-18
1.7378008287493762	1.7356740937518973	3.892464140316151e-18
1.7378008287493762	2.039239248920988	3.937417562050513e-18
1.7378008287493762	2.395897207493991	3.665064694640347e-18
1.7378008287493762	2.8149337709711375	2.0362142831891093e-18
1.7378008287493762	3.3072588048306995	1.1410188483289332e-18
1.7378008287493762	3.885690283347819	6.872403730429481e-19
1.7378008287493762	4.56528801315764	1.4234009593056524e-19
1.7378008287493762	5.363745724253654	6.257439793343313e-20
1.7378008287493762	6.301851736742975	0.
1.7378008287493762	7.404030197090749	8.82976289540929e-20
1.7378008287493762	8.698976975260363	5.842544936658052e-20
1.7378008287493762	10.220406778708666	0.
1.7378008287493762	12.007930934792206	1.4264283789469712e-21
1.7378008287493762	14.108088695170105	0.
1.7378008287493762	16.575558912825368	6.380350274406039e-20
1.7378008287493762	19.474583638434655	0.
1.7378008287493762	22.880640700262248	8.396844344273461e-20
1.7378008287493762	26.88240881418799	9.564254848270896e-21
1.7378008287493762	31.58407638667433	2.6994813480466155e-20
1.7378008287493762	37.10805412172701	8.40578904330756e-21
1.7378008287493762	43.5981620561808	3.13742873817325e-20
1.7378008287493762	51.2233739996642	0.
1.7378008287493762	60.182216867958516	1.716139162690061e-20
1.7378008287493762	70.70793944900498	7.59445441012035e-20
1.7378008287493762	83.07458517344827	1.0433243058644643e-20
1.7378008287493762	97.60412699790002	2.6451151715331472e-20
1.7378008287493762	102.93036521628288	4.21554834145484e-20
1.7378008287493762	106.28679016898775	4.803582927042619e-20
1.7378008287493762	110.76202343926091	3.0083744185141824e-20
2.0417379446695296	0.7752971390004649	0.004246296489156886
2.0417379446695296	0.9108947129632589	0.00025447096901688477
2.0417379446695296	1.0702079710678774	5.596965059857506e-8
2.0417379446695296	1.257384728484444	2.8050525305823394e-14
2.0417379446695296	1.4772982431146775	4.244208920890881e-18
2.0417379446695296	1.7356740937518973	4.587824491357799e-18
2.0417379446695296	2.039239248920988	3.0570455305275243e-18
2.0417379446695296	2.395897207493991	2.1298018063413336e-18
2.0417379446695296	2.8149337709711375	1.7299502934059603e-19
2.0417379446695296	3.3072588048306995	4.134590084005065e-20
2.0417379446695296	3.885690283347819	5.609965424809588e-20
2.0417379446695296	4.56528801315764	2.614784514676484e-19
2.0417379446695296	5.363745724253654	7.898261191323848e-21
2.0417379446695296	6.301851736742975	4.353830709529509e-20
2.0417379446695296	7.404030197090749	0.
2.0417379446695296	8.698976975260363	0.
2.0417379446695296	10.220406778708666	4.50158735468346e-21
2.0417379446695296	12.007930934792206	0.
2.0417379446695296	14.108088695170105	0.
2.0417379446695296	16.575558912825368	1.021010479649568e-19
2.0417379446695296	19.474583638434655	1.7675674547497374e-20
2.0417379446695296	22.880640700262248	3.71590070145807e-20
2.0417379446695296	26.88240881418799	2.3794159128965344e-20
2.0417379446695296	31.58407638667433	3.972723309014415e-20
2.0417379446695296	37.10805412172701	3.2593192439891667e-20
2.0417379446695296	43.5981620561808	8.319388745703956e-20
2.0417379446695296	51.2233739996642	0.
2.0417379446695296	60.182216867958516	1.1544932486144854e-20
2.0417379446695296	70.70793944900498	5.491261247541711e-20
2.0417379446695296	83.07458517344827	5.36274673113283e-22
2.0417379446695296	97.60412699790002	1.0520594229482901e-20
2.0417379446695296	102.93036521628288	2.5609460505968627e-20
2.0417379446695296	106.28679016898775	2.823159663076985e-20
2.0417379446695296	110.76202343926091	1.5915793868694627e-20
2.398832919019492	0.7752971390004649	0.0015660717409258411
2.398832919019492	0.9108947129632589	0.000025017200845942072
2.398832919019492	1.0702079710678774	7.610824475227087e-10
2.398832919019492	1.257384728484444	4.008715411930383e-18
2.398832919019492	1.4772982431146775	1.675526246588863e-18
2.398832919019492	1.7356740937518973	2.492252847742089e-18
2.398832919019492	2.039239248920988	2.4423085695218684e-18
2.398832919019492	2.395897207493991	1.5085026050533745e-18
2.398832919019492	2.8149337709711375	1.0361055385304286e-19
2.398832919019492	3.3072588048306995	8.17880085786902e-19
2.398832919019492	3.885690283347819	4.659575401753297e-19
2.398832919019492	4.56528801315764	2.55792157718447e-20
2.398832919019492	5.363745724253654	0.
2.398832919019492	6.301851736742975	3.494874642630849e-20
2.398832919019492	7.404030197090749	0.
2.398832919019492	8.698976975260363	0.
2.398832919019492	10.220406778708666	3.1612476897115283e-20
2.398832919019492	12.007930934792206	0.
2.398832919019492	14.108088695170105	5.42224097349776e-20
2.398832919019492	16.575558912825368	7.181902158017634e-20
2.398832919019492	19.474583638434655	0.
2.398832919019492	22.880640700262248	3.6216798935730314e-20
2.398832919019492	26.88240881418799	3.649387970469462e-20
2.398832919019492	31.58407638667433	3.3908655088282264e-20
2.398832919019492	37.10805412172701	2.954963344632769e-20
2.398832919019492	43.5981620561808	6.69815237953966e-20
2.398832919019492	51.2233739996642	4.512827641549056e-21
2.398832919019492	60.182216867958516	8.054488612053519e-21
2.398832919019492	70.70793944900498	4.8358287030951993e-20
2.398832919019492	83.07458517344827	0.
2.398832919019492	97.60412699790002	7.110846271944618e-21
2.398832919019492	102.93036521628288	2.0175718882454742e-20
2.398832919019492	106.28679016898775	2.1845721347846462e-20
2.398832919019492	110.76202343926091	1.1366255833556201e-20
2.6752883809258465	0.7752971390004649	0.0012246330390265165
2.6752883809258465	0.9108947129632589	8.510490928052352e-6
2.6752883809258465	1.0702079710678774	1.9580377868849726e-11
2.6752883809258465	1.257384728484444	4.39640988388125e-18
2.6752883809258465	1.4772982431146775	1.181031654878857e-18
2.6752883809258465	1.7356740937518973	1.5049374902497868e-18
2.6752883809258465	2.039239248920988	2.068445096740753e-18
2.6752883809258465	2.395897207493991	2.1771354106336525e-18
2.6752883809258465	2.8149337709711375	6.024425170652509e-19
2.6752883809258465	3.3072588048306995	8.039459030374158e-19
2.6752883809258465	3.885690283347819	7.480077730076241e-19
2.6752883809258465	4.56528801315764	8.656238500702711e-20
2.6752883809258465	5.363745724253654	0.
2.6752883809258465	6.301851736742975	1.9774272291100581e-19
2.6752883809258465	7.404030197090749	0.
2.6752883809258465	8.698976975260363	0.
2.6752883809258465	10.220406778708666	5.526682876943933e-20
2.6752883809258465	12.007930934792206	0.
2.6752883809258465	14.108088695170105	0.
2.6752883809258465	16.575558912825368	6.00687743176015e-23
2.6752883809258465	19.474583638434655	3.452846071721493e-22
2.6752883809258465	22.880640700262248	7.49255771725129e-20
2.6752883809258465	26.88240881418799	1.997238787936102e-21
2.6752883809258465	31.58407638667433	2.8285161641595525e-20
2.6752883809258465	37.10805412172701	7.187097366181274e-20
2.6752883809258465	43.5981620561808	5.661238612120014e-20
2.6752883809258465	51.2233739996642	9.909729127394297e-21
2.6752883809258465	60.182216867958516	7.166802275538236e-21
2.6752883809258465	70.70793944900498	3.6904324398918295e-20
2.6752883809258465	83.07458517344827	0.
2.6752883809258465	97.60412699790002	4.038855531752678e-21
2.6752883809258465	102.93036521628288	1.0183082281698556e-20
2.6752883809258465	106.28679016898775	1.1772777645375388e-20
2.6752883809258465	110.76202343926091	5.8092221907231184e-21
2.762526045521254	0.7752971390004649	0.0012444358360580378
2.762526045521254	0.9108947129632589	7.374376185953318e-6
2.762526045521254	1.0702079710678774	1.1675325747537866e-11
2.762526045521254	1.257384728484444	4.875535030542639e-18
2.762526045521254	1.4772982431146775	1.2204111279025508e-18
2.762526045521254	1.7356740937518973	1.928751639392905e-18
2.762526045521254	2.039239248920988	1.696658730301915e-18
2.762526045521254	2.395897207493991	2.1506823210817434e-18
2.762526045521254	2.8149337709711375	6.529338784636938e-19
2.762526045521254	3.3072588048306995	4.789402874553447e-19
2.762526045521254	3.885690283347819	5.947425244731761e-19
2.762526045521254	4.56528801315764	6.417937936478212e-20
2.762526045521254	5.363745724253654	0.
2.762526045521254	6.301851736742975	2.1170969374821196e-19
2.762526045521254	7.404030197090749	0.
2.762526045521254	8.698976975260363	0.
2.762526045521254	10.220406778708666	4.712009191046087e-20
2.762526045521254	12.007930934792206	0.
2.762526045521254	14.108088695170105	0.
2.762526045521254	16.575558912825368	9.37404497306245e-23
2.762526045521254	19.474583638434655	5.3883460631716225e-22
2.762526045521254	22.880640700262248	4.6009795904135086e-20
2.762526045521254	26.88240881418799	3.116795112393649e-21
2.762526045521254	31.58407638667433	2.6434465006784508e-20
2.762526045521254	37.10805412172701	5.049902478731447e-20
2.762526045521254	43.5981620561808	5.878512011454011e-20
2.762526045521254	51.2233739996642	6.08507576804648e-21
2.762526045521254	60.182216867958516	6.310732145065597e-21
2.762526045521254	70.70793944900498	3.07144608663123e-20
2.762526045521254	83.07458517344827	0.
2.762526045521254	97.60412699790002	3.1750073740090975e-21
2.762526045521254	102.93036521628288	6.248005872095339e-21
2.762526045521254	106.28679016898775	7.435173898819248e-21
2.762526045521254	110.76202343926091	3.644446362709995e-21
2.878842931648465	0.7752971390004649	0.0012662770853141343
2.878842931648465	0.9108947129632589	6.006647918702001e-6
2.878842931648465	1.0702079710678774	2.2164108672791155e-12
2.878842931648465	1.257384728484444	5.440712361017199e-18
2.878842931648465	1.4772982431146775	1.2656700409351941e-18
2.878842931648465	1.7356740937518973	2.4321542711403375e-18
2.878842931648465	2.039239248920988	1.2501213968650331e-18
2.878842931648465	2.395897207493991	2.1159555864436903e-18
2.878842931648465	2.8149337709711375	7.122910826939155e-19
2.878842931648465	3.3072588048306995	9.005125358620942e-20
2.878842931648465	3.885690283347819	4.10814324488011e-19
2.878842931648465	4.56528801315764	3.735133800230387e-20
2.878842931648465	5.363745724253654	0.
2.878842931648465	6.301851736742975	2.280838786881999e-19
2.878842931648465	7.404030197090749	0.
2.878842931648465	8.698976975260363	0.
2.878842931648465	10.220406778708666	3.732090804253814e-20
2.878842931648465	12.007930934792206	0.
2.878842931648465	14.108088695170105	0.
2.878842931648465	16.575558912825368	1.3382197280002657e-22
2.878842931648465	19.474583638434655	7.692294013683515e-22
2.878842931648465	22.880640700262248	1.1405353594846776e-20
2.878842931648465	26.88240881418799	4.449473753887227e-21
2.878842931648465	31.58407638667433	2.418548308277346e-20
2.878842931648465	37.10805412172701	2.489852008018588e-20
2.878842931648465	43.5981620561808	6.129469446023806e-20
2.878842931648465	51.2233739996642	1.507991343398538e-21
2.878842931648465	60.182216867958516	5.279041931195403e-21
2.878842931648465	70.70793944900498	2.327647907384016e-20
2.878842931648465	83.07458517344827	0.
2.878842931648465	97.60412699790002	2.1385916337033802e-21
2.878842931648465	102.93036521628288	1.5387932348134667e-21
2.878842931648465	106.28679016898775	2.243448092586386e-21
2.878842931648465	110.76202343926091	1.0534987023482282e-21