0.00001	0.7756355613243221	1.1154428973302714e-17
0.00001	0.9112923245240956	3.167018758093992e-17
0.00001	1.0706751239185202	2.2101473856976898e-17
0.00001	1.2579335852264473	0.
0.00001	1.477943093558869	2.579823853398063e-17
0.00001	1.7364317269620797	2.520871013112522e-18
0.00001	2.040129390327172	1.2511618048597924e-18
0.00001	2.3969430324556678	8.58824945043725e-17
0.00001	2.8161625081615056	1.2398804238871973e-16
0.00001	3.3087024451513263	1.1115466652421909e-19
0.00001	3.8873864128307356	2.4889329053655177e-17
0.00001	4.56728079153998	2.8883306290389264e-8
0.00001	5.366087034702602	0.000161131881645193
0.00001	6.304602536664798	0.0001990728091570119
0.00001	7.407262105193026	0.00009756879495447485
0.00001	8.702774136187518	7.083433033080924e-7
0.00001	10.224868053797694	0.0002328608775190971
0.00001	12.013172475986213	0.0001030877302426557
0.00001	14.114246969103066	0.0005663850529758555
0.00001	16.58279425381185	0.00047215003142259663
0.00001	19.483084422868817	0.0007287646051949344
0.00001	22.89062825110902	0.00028186692271529325
0.00001	26.8941431632577	0.00022210620227800247
0.00001	31.597863044705125	0.0005606961080983198
0.00001	37.124252032538195	0.0003797157007778112
0.00001	43.617192941987966	0.00021448731910860995
0.00001	51.2457333408674	0.00021867436444185804
0.00001	60.208486803268215	0.0004019397268109279
0.00001	70.73880393176873	0.0002123688340831411
0.00001	83.11084777878192	0.000217150045983683
0.00001	97.64673184424227	0.00013289323873248645
0.00001	103.25991163673443	0.0001348097742002357
0.00001	106.62708266836707	0.00013493514207401066
0.00001	109.99425369999972	0.00012873890663425163
0.00001	112.23903438775481	0.00012477078909081782
0.00003	0.7756355613243221	3.3463286919908143e-17
0.00003	0.9112923245240956	9.501056274281978e-17
0.00003	1.0706751239185202	6.63044215709307e-17
0.00003	1.2579335852264473	0.
0.00003	1.477943093558869	7.739471560194189e-17
0.00003	1.7364317269620797	7.562613039337566e-18
0.00003	2.040129390327172	3.753485414579377e-18
0.00003	2.3969430324556678	2.576474835131175e-16
0.00003	2.8161625081615056	3.7196412716615917e-16
0.00003	3.3087024451513263	3.334639995726573e-19
0.00003	3.8873864128307356	7.466798716096554e-17
0.00003	4.56728079153998	8.664991887116779e-8
0.00003	5.366087034702602	0.0004833956449355791
0.00003	6.304602536664798	0.0005972184274710358
0.00003	7.407262105193026	0.00029270638486342455
0.00003	8.702774136187518	2.1250299099242772e-6
0.00003	10.224868053797694	0.0006985826325572913
0.00003	12.013172475986213	0.00030926319072796716
0.00003	14.114246969103066	0.0016991551589275666
0.00003	16.58279425381185	0.0014164500942677898
0.00003	19.483084422868817	0.0021862938155848034
0.00003	22.89062825110902	0.0008456007681458798
0.00003	26.8941431632577	0.0006663186068340075
0.00003	31.597863044705125	0.0016820883242949596
0.00003	37.124252032538195	0.0011391471023334337
0.00003	43.617192941987966	0.0006434619573258298
0.00003	51.2457333408674	0.0006560230933255742
0.00003	60.208486803268215	0.0012058191804327836
0.00003	70.73880393176873	0.0006371065022494234
0.00003	83.11084777878192	0.000651450137951049
0.00003	97.64673184424227	0.00039867971619745934
0.00003	103.25991163673443	0.00040442932260070715
0.00003	106.62708266836707	0.000404805426222032
0.00003	109.99425369999972	0.0003862167199027549
0.00003	112.23903438775481	0.00037431236727245346
0.00006	0.7756355613243221	6.692657383981629e-17
0.00006	0.9112923245240956	1.9002112548563956e-16
0.00006	1.0706751239185202	1.326088431418614e-16
0.00006	1.2579335852264473	0.
0.00006	1.477943093558869	1.5478943120388378e-16
0.00006	1.7364317269620797	1.5125226078675132e-17
0.00006	2.040129390327172	7.506970829158755e-18
0.00006	2.3969430324556678	5.15294967026235e-16
0.00006	2.8161625081615056	7.439282543323183e-16
0.00006	3.3087024451513263	6.669279991453146e-19
0.00006	3.8873864128307356	1.4933597432193107e-16
0.00006	4.56728079153998	1.7329983774233559e-7
0.00006	5.366087034702602	0.0009667912898711582
0.00006	6.304602536664798	0.0011944368549420717
0.00006	7.407262105193026	0.0005854127697268491
0.00006	8.702774136187518	4.2500598198485544e-6
0.00006	10.224868053797694	0.0013971652651145825
0.00006	12.013172475986213	0.0006185263814559343
0.00006	14.114246969103066	0.003398310317855133
0.00006	16.58279425381185	0.0028329001885355797
0.00006	19.483084422868817	0.004372587631169607
0.00006	22.89062825110902	0.0016912015362917595
0.00006	26.8941431632577	0.001332637213668015
0.00006	31.597863044705125	0.003364176648589919
0.00006	37.124252032538195	0.0022782942046668674
0.00006	43.617192941987966	0.0012869239146516597
0.00006	51.2457333408674	0.0013120461866511484
0.00006	60.208486803268215	0.0024116383608655673
0.00006	70.73880393176873	0.0012742130044988468
0.00006	83.11084777878192	0.001302900275902098
0.00006	97.64673184424227	0.0007973594323949187
0.00006	103.25991163673443	0.0008088586452014143
0.00006	106.62708266836707	0.000809610852444064
0.00006	109.99425369999972	0.0007724334398055098
0.00006	112.23903438775481	0.0007486247345449069
0.0001	0.7756355613243221	1.1154428973302714e-16
0.0001	0.9112923245240956	3.1670187580939925e-16
0.0001	1.0706751239185202	2.21014738569769e-16
0.0001	1.2579335852264473	0.
0.0001	1.477943093558869	2.579823853398063e-16
0.0001	1.7364317269620797	2.520871013112522e-17
0.0001	2.040129390327172	1.2511618048597925e-17
0.0001	2.3969430324556678	8.588249450437249e-16
0.0001	2.8161625081615056	1.2398804238871972e-15
0.0001	3.3087024451513263	1.111546665242191e-18
0.0001	3.8873864128307356	2.4889329053655177e-16
0.0001	4.56728079153998	2.8883306290389264e-7
0.0001	5.366087034702602	0.0016113188164519302
0.0001	6.304602536664798	0.0019907280915701193
0.0001	7.407262105193026	0.0009756879495447485
0.0001	8.702774136187518	7.0834330330809235e-6
0.0001	10.224868053797694	0.002328608775190971
0.0001	12.013172475986213	0.001030877302426557
0.0001	14.114246969103066	0.0056638505297585545
0.0001	16.58279425381185	0.004721500314225966
0.0001	19.483084422868817	0.007287646051949344
0.0001	22.89062825110902	0.0028186692271529325
0.0001	26.8941431632577	0.002221062022780025
0.0001	31.597863044705125	0.005606961080983198
0.0001	37.124252032538195	0.003797157007778112
0.0001	43.617192941987966	0.0021448731910860995
0.0001	51.2457333408674	0.0021867436444185802
0.0001	60.208486803268215	0.004019397268109279
0.0001	70.73880393176873	0.002123688340831411
0.0001	83.11084777878192	0.00217150045983683
0.0001	97.64673184424227	0.0013289323873248646
0.0001	103.25991163673443	0.001348097742002357
0.0001	106.62708266836707	0.0013493514207401065
0.0001	109.99425369999972	0.0012873890663425164
0.0001	112.23903438775481	0.0012477078909081782
0.0003	0.7756355613243221	3.346328691990814e-16
0.0003	0.9112923245240956	9.501056274281977e-16
0.0003	1.0706751239185202	6.630442157093069e-16
0.0003	1.2579335852264473	0.
0.0003	1.477943093558869	7.739471560194188e-16
0.0003	1.7364317269620797	7.562613039337565e-17
0.0003	2.040129390327172	3.753485414579377e-17
0.0003	2.3969430324556678	2.5764748351311747e-15
0.0003	2.8161625081615056	3.7196412716615915e-15
0.0003	3.3087024451513263	3.3346399957265722e-18
0.0003	3.8873864128307356	7.466798716096554e-16
0.0003	4.56728079153998	8.664991887116778e-7
0.0003	5.366087034702602	0.00483395644935579
0.0003	6.304602536664798	0.005972184274710357
0.0003	7.407262105193026	0.0029270638486342455
0.0003	8.702774136187518	0.00002125029909924277
0.0003	10.224868053797694	0.006985826325572912
0.0003	12.013172475986213	0.0030926319072796713
0.0003	14.114246969103066	0.016991551589275664
0.0003	16.58279425381185	0.014164500942677898
0.0003	19.483084422868817	0.02186293815584803
0.0003	22.89062825110902	0.008456007681458797
0.0003	26.8941431632577	0.006663186068340074
0.0003	31.597863044705125	0.016820883242949593
0.0003	37.124252032538195	0.011391471023334335
0.0003	43.617192941987966	0.0064346195732582975
0.0003	51.2457333408674	0.006560230933255741
0.0003	60.208486803268215	0.012058191804327836
0.0003	70.73880393176873	0.006371065022494233
0.0003	83.11084777878192	0.00651450137951049
0.0003	97.64673184424227	0.003986797161974593
0.0003	103.25991163673443	0.004044293226007071
0.0003	106.62708266836707	0.004048054262220319
0.0003	109.99425369999972	0.0038621671990275485
0.0003	112.23903438775481	0.003743123672724534
0.0006	0.7756355613243221	0.
0.0006	0.9112923245240956	0.
0.0006	1.0706751239185202	0.
0.0006	1.2579335852264473	0.
0.0006	1.477943093558869	2.454715142846292e-15
0.0006	1.7364317269620797	2.528616955229437e-16
0.0006	2.040129390327172	1.8365925354351e-16
0.0006	2.3969430324556678	1.924896200998349e-16
0.0006	2.8161625081615056	1.6313979248506044e-7
0.0006	3.3087024451513263	0.00002007163632480242
0.0006	3.8873864128307356	8.818019189438808e-7
0.0006	4.56728079153998	0.00015344834602124292
0.0006	5.366087034702602	0.001490088671448623
0.0006	6.304602536664798	0.005629731632342167
0.0006	7.407262105193026	0.0234193750966824
0.0006	8.702774136187518	0.001236923924631234
0.0006	10.224868053797694	0.014116604717810578
0.0006	12.013172475986213	0.008102393082838957
0.0006	14.114246969103066	0.019698037615147015
0.0006	16.58279425381185	0.03682338890416279
0.0006	19.483084422868817	0.019019677541087614
0.0006	22.89062825110902	0.014650044705417623
0.0006	26.8941431632577	0.02578495850773885
0.0006	31.597863044705125	0.01829324028283401
0.0006	37.124252032538195	0.018421431330822906
0.0006	43.617192941987966	0.015648704978924184
0.0006	51.2457333408674	0.017672378144304807
0.0006	60.208486803268215	0.017460452551175863
0.0006	70.73880393176873	0.004647374269924442
0.0006	83.11084777878192	0.013117417000141334
0.0006	97.64673184424227	0.007667032400459182
0.0006	103.25991163673443	0.00512465338155049
0.0006	106.62708266836707	0.004049044484690295
0.0006	109.99425369999972	0.003466580138077731
0.0006	112.23903438775481	0.0031102813870615203
0.001	0.7756355613243221	0.
0.001	0.9112923245240956	0.
0.001	1.0706751239185202	0.
0.001	1.2579335852264473	0.
0.001	1.477943093558869	9.401617558857456e-16
0.001	1.7364317269620797	0.001005464121071304
0.001	2.040129390327172	0.04140587211507422
0.001	2.3969430324556678	0.00038640440518234294
0.001	2.8161625081615056	0.0011561166858720096
0.001	3.3087024451513263	0.013014595195592648
0.001	3.8873864128307356	0.00020199637856817458
0.001	4.56728079153998	0.001584629354155695
0.001	5.366087034702602	0.01635830692261889
0.001	6.304602536664798	0.011588948126971917
0.001	7.407262105193026	0.011081057739183773
0.001	8.702774136187518	0.03971127340319962
0.001	10.224868053797694	0.01246243366063532
0.001	12.013172475986213	0.014231608690966645
0.001	14.114246969103066	0.03376404694162811
0.001	16.58279425381185	0.0329612415256125
0.001	19.483084422868817	0.03433096397499646
0.001	22.89062825110902	0.034072213484062974
0.001	26.8941431632577	0.036765190891616804
0.001	31.597863044705125	0.037125192802945864
0.001	37.124252032538195	0.03221274096457052
0.001	43.617192941987966	0.026113763071654323
0.001	51.2457333408674	0.0227640844331614
0.001	60.208486803268215	0.02838687580159875
0.001	70.73880393176873	0.020527222341816448
0.001	83.11084777878192	0.013365737782149358
0.001	97.64673184424227	0.014744402919550597
0.001	103.25991163673443	0.011317773724761662
0.001	106.62708266836707	0.008688603749970584
0.001	109.99425369999972	0.007350904973243174
0.001	112.23903438775481	0.00653528347815768
0.002	0.7756355613243221	5.492470977525043e-15
0.002	0.9112923245240956	0.0004393012253601142
0.002	1.0706751239185202	0.02522106527434103
0.002	1.2579335852264473	0.005355703789631312
0.002	1.477943093558869	0.0031448521713265155
0.002	1.7364317269620797	0.0011760478545570611
0.002	2.040129390327172	0.000018779395738610844
0.002	2.3969430324556678	0.004882013800296602
0.002	2.8161625081615056	0.009818360330703341
0.002	3.3087024451513263	0.01908445144875378
0.002	3.8873864128307356	0.015921601039211135
0.002	4.56728079153998	0.019918387820013934
0.002	5.366087034702602	0.03223249713084556
0.002	6.304602536664798	0.016946613004693214
0.002	7.407262105193026	0.02613473764993462
0.002	8.702774136187518	0.03445766477355458
0.002	10.224868053797694	0.051640422592763184
0.002	12.013172475986213	0.05390750745249118
0.002	14.114246969103066	0.054483094234730425
0.002	16.58279425381185	0.06628889949245695
0.002	19.483084422868817	0.053960982978205056
0.002	22.89062825110902	0.07443789314653555
0.002	26.8941431632577	0.0809967038199311
0.002	31.597863044705125	0.07133233808137654
0.002	37.124252032538195	0.07091582578654994
0.002	43.617192941987966	0.06197468580686653
0.002	51.2457333408674	0.053087979264719566
0.002	60.208486803268215	0.038772137143542225
0.002	70.73880393176873	0.03422836929289585
0.002	83.11084777878192	0.02687411505639132
0.002	97.64673184424227	0.018821579448660773
0.002	103.25991163673443	0.013144476172719636
0.002	106.62708266836707	0.00922786247932694
0.002	109.99425369999972	0.007362459184664323
0.002	112.23903438775481	0.006229343039130083
0.004	0.7756355613243221	4.795112382696827e-6
0.004	0.9112923245240956	0.003241257854848128
0.004	1.0706751239185202	0.0016113418056627215
0.004	1.2579335852264473	0.0009395092442717545
0.004	1.477943093558869	0.01571337385032336
0.004	1.7364317269620797	0.03758344285155894
0.004	2.040129390327172	0.027922824968137118
0.004	2.3969430324556678	0.015429938986944019
0.004	2.8161625081615056	0.027711093070467888
0.004	3.3087024451513263	0.008456540540380676
0.004	3.8873864128307356	0.061296456349618285
0.004	4.56728079153998	0.03813120110687178
0.004	5.366087034702602	0.05453096602170482
0.004	6.304602536664798	0.06019186583455743
0.004	7.407262105193026	0.08386539466168628
0.004	8.702774136187518	0.07752857810664422
0.004	10.224868053797694	0.08886586063554977
0.004	12.013172475986213	0.12733378577083207
0.004	14.114246969103066	0.12716454716516457
0.004	16.58279425381185	0.11607937359354072
0.004	19.483084422868817	0.13419841176778763
0.004	22.89062825110902	0.1416336541419219
0.004	26.8941431632577	0.12124644911304967
0.004	31.597863044705125	0.11884507751430276
0.004	37.124252032538195	0.1221718325105511
0.004	43.617192941987966	0.10547563228310745
0.004	51.2457333408674	0.09453440890217275
0.004	60.208486803268215	0.07688057647326692
0.004	70.73880393176873	0.04815159434925676
0.004	83.11084777878192	0.03208045045397339
0.004	97.64673184424227	0.014598837582029308
0.004	103.25991163673443	0.008340596127008156
0.004	106.62708266836707	0.005547325617310477
0.004	109.99425369999972	0.0043312361610590225
0.004	112.23903438775481	0.0035948728614111137
0.006	0.7756355613243221	0.0017504945743159694
0.006	0.9112923245240956	0.01295311106003675
0.006	1.0706751239185202	0.00044673625699912347
0.006	1.2579335852264473	0.01339717243135907
0.006	1.477943093558869	0.007706526656520588
0.006	1.7364317269620797	0.009503808908449155
0.006	2.040129390327172	0.012398360638918636
0.006	2.3969430324556678	0.03449646482106119
0.006	2.8161625081615056	0.03419870647288969
0.006	3.3087024451513263	0.03951711157951327
0.006	3.8873864128307356	0.06219316413197891
0.006	4.56728079153998	0.08224817464138848
0.006	5.366087034702602	0.07023004891957604
0.006	6.304602536664798	0.08794377430294059
0.006	7.407262105193026	0.11539619062314986
0.006	8.702774136187518	0.11110105149688863
0.006	10.224868053797694	0.14429081152084605
0.006	12.013172475986213	0.15834123085406523
0.006	14.114246969103066	0.16527764383783494
0.006	16.58279425381185	0.17836639096097556
0.006	19.483084422868817	0.19892501884957378
0.006	22.89062825110902	0.19641160556561452
0.006	26.8941431632577	0.19654223709073584
0.006	31.597863044705125	0.18609737242748536
0.006	37.124252032538195	0.16910041793317895
0.006	43.617192941987966	0.1375729857403244
0.006	51.2457333408674	0.10848362910041749
0.006	60.208486803268215	0.08297681352875819
0.006	70.73880393176873	0.04890378409398466
0.006	83.11084777878192	0.026144546014948367
0.006	97.64673184424227	0.010044069035000663
0.006	103.25991163673443	0.0052160314274906795
0.006	106.62708266836707	0.003099969866780118
0.006	109.99425369999972	0.002272948235600617
0.006	112.23903438775481	0.001774975192534248
0.008	0.7756355613243221	0.0002444981831374913
0.008	0.9112923245240956	0.003857596391761474
0.008	1.0706751239185202	0.01602235572736256
0.008	1.2579335852264473	0.009601113163286566
0.008	1.477943093558869	0.013623293662302683
0.008	1.7364317269620797	0.02408817763986668
0.008	2.040129390327172	0.028958696936616315
0.008	2.3969430324556678	0.048553287051698736
0.008	2.8161625081615056	0.033658413893736285
0.008	3.3087024451513263	0.05847930910543187
0.008	3.8873864128307356	0.07603399038091124
0.008	4.56728079153998	0.10139862559566307
0.008	5.366087034702602	0.10521285262342467
0.008	6.304602536664798	0.10547142971585609
0.008	7.407262105193026	0.13784416881590197
0.008	8.702774136187518	0.16314501231585796
0.008	10.224868053797694	0.1821247036800304
0.008	12.013172475986213	0.21580346172607925
0.008	14.114246969103066	0.21804159998129644
0.008	16.58279425381185	0.24551324219733012
0.008	19.483084422868817	0.24912579114899944
0.008	22.89062825110902	0.24653446746704516
0.008	26.8941431632577	0.228891982281244
0.008	31.597863044705125	0.2179866277310882
0.008	37.124252032538195	0.18209929405759837
0.008	43.617192941987966	0.14967605067109432
0.008	51.2457333408674	0.10828158681256994
0.008	60.208486803268215	0.07349416003543872
0.008	70.73880393176873	0.04109615191534816
0.008	83.11084777878192	0.016445942547311822
0.008	97.64673184424227	0.00468123036692202
0.008	103.25991163673443	0.0021347174696527355
0.008	106.62708266836707	0.0011958736818592122
0.008	109.99425369999972	0.0008363788986877806
0.008	112.23903438775481	0.0006201056079590648
0.01	0.7756355613243221	0.0011723498841590433
0.01	0.9112923245240956	0.008000549267775466
0.01	1.0706751239185202	0.006458283359963808
0.01	1.2579335852264473	0.01202259719706522
0.01	1.477943093558869	0.013818726522559674
0.01	1.7364317269620797	0.024142861896705888
0.01	2.040129390327172	0.030510932101275822
0.01	2.3969430324556678	0.04451061751879235
0.01	2.8161625081615056	0.05950290095912034
0.01	3.3087024451513263	0.08667542717260762
0.01	3.8873864128307356	0.10533377301142445
0.01	4.56728079153998	0.10051834827866443
0.01	5.366087034702602	0.13734873281152374
0.01	6.304602536664798	0.15695476779025655
0.01	7.407262105193026	0.16531091319531577
0.01	8.702774136187518	0.19023225806124577
0.01	10.224868053797694	0.217809811122359
0.01	12.013172475986213	0.2405389281318304
0.01	14.114246969103066	0.26742454267971566
0.01	16.58279425381185	0.28786756106775996
0.01	19.483084422868817	0.29977888699856187
0.01	22.89062825110902	0.28900023100767613
0.01	26.8941431632577	0.26466502044503987
0.01	31.597863044705125	0.23771276095625274
0.01	37.124252032538195	0.1925937120506451
0.01	43.617192941987966	0.14449959065396425
0.01	51.2457333408674	0.09673327696425903
0.01	60.208486803268215	0.05739213125387186
0.01	70.73880393176873	0.025471060580933288
0.01	83.11084777878192	0.009607896917245765
0.01	97.64673184424227	0.0019437210370218463
0.01	103.25991163673443	0.0009021543067716874
0.01	106.62708266836707	0.0005449970054751298
0.01	109.99425369999972	0.00039974756834212834
0.01	112.23903438775481	0.0003120682593196648
0.011748975549395297	0.7756355613243221	0.005171537993557548
0.011748975549395297	0.9112923245240956	0.003227626225378933
0.011748975549395297	1.0706751239185202	0.010060476579456933
0.011748975549395297	1.2579335852264473	0.010836808445937061
0.011748975549395297	1.477943093558869	0.011382401109111142
0.011748975549395297	1.7364317269620797	0.027156967263217594
0.011748975549395297	2.040129390327172	0.032742639386800464
0.011748975549395297	2.3969430324556678	0.047739033535903135
0.011748975549395297	2.8161625081615056	0.060908865342249305
0.011748975549395297	3.3087024451513263	0.08738765934146929
0.011748975549395297	3.8873864128307356	0.105128734354862
0.011748975549395297	4.56728079153998	0.13195895752426967
0.011748975549395297	5.366087034702602	0.16339270036556544
0.011748975549395297	6.304602536664798	0.18201414417385
0.011748975549395297	7.407262105193026	0.19007170432256704
0.011748975549395297	8.702774136187518	0.2263003847703704
0.011748975549395297	10.224868053797694	0.25162166088137644
0.011748975549395297	12.013172475986213	0.2835324263606842
0.011748975549395297	14.114246969103066	0.3154351172229616
0.011748975549395297	16.58279425381185	0.3319913329114481
0.011748975549395297	19.483084422868817	0.31498699011005504
0.011748975549395297	22.89062825110902	0.30385344374125717
0.011748975549395297	26.8941431632577	0.28071435500798886
0.011748975549395297	31.597863044705125	0.2425103371667264
0.011748975549395297	37.124252032538195	0.18521894030732702
0.011748975549395297	43.617192941987966	0.13282238229200574
0.011748975549395297	51.2457333408674	0.08036432857584368
0.011748975549395297	60.208486803268215	0.04138040931462953
0.011748975549395297	70.73880393176873	0.017893666733547718
0.011748975549395297	83.11084777878192	0.0063585932247542595
0.011748975549395297	97.64673184424227	0.0009964559149345739
0.011748975549395297	103.25991163673443	0.0004235049874755381
0.011748975549395297	106.62708266836707	0.00023434363867258872
0.011748975549395297	109.99425369999972	0.00016097558435949858
0.011748975549395297	112.23903438775481	0.00011680162312069599
0.013803842646028852	0.7756355613243221	0.0038101647760106386
0.013803842646028852	0.9112923245240956	0.0020512246970539874
0.013803842646028852	1.0706751239185202	0.015203032499508553
0.013803842646028852	1.2579335852264473	0.009706543042969877
0.013803842646028852	1.477943093558869	0.021769429024803392
0.013803842646028852	1.7364317269620797	0.028463626651500654
0.013803842646028852	2.040129390327172	0.03421327433678758
0.013803842646028852	2.3969430324556678	0.06793559338080962
0.013803842646028852	2.8161625081615056	0.08079419241765434
0.013803842646028852	3.3087024451513263	0.09062035778033438
0.013803842646028852	3.8873864128307356	0.11428919680937823
0.013803842646028852	4.56728079153998	0.14463241197989604
0.013803842646028852	5.366087034702602	0.19149148729510135
0.013803842646028852	6.304602536664798	0.20132887653063136
0.013803842646028852	7.407262105193026	0.24470551415247496
0.013803842646028852	8.702774136187518	0.26744108601746264
0.013803842646028852	10.224868053797694	0.28785439407962643
0.013803842646028852	12.013172475986213	0.3242749664000474
0.013803842646028852	14.114246969103066	0.35839938157710377
0.013803842646028852	16.58279425381185	0.36423685662080924
0.013803842646028852	19.483084422868817	0.3497748768663607
0.013803842646028852	22.89062825110902	0.33292852136566997
0.013803842646028852	26.8941431632577	0.2755775364288897
0.013803842646028852	31.597863044705125	0.2330104209783851
0.013803842646028852	37.124252032538195	0.16705346483905015
0.013803842646028852	43.617192941987966	0.1085910675944386
0.013803842646028852	51.2457333408674	0.05900268548880833
0.013803842646028852	60.208486803268215	0.028173004731770836
0.013803842646028852	70.73880393176873	0.011813643997691761
0.013803842646028852	83.11084777878192	0.0036712900764839748
0.013803842646028852	97.64673184424227	0.00032326155588353325
0.013803842646028852	103.25991163673443	0.00007893607243960429
0.013803842646028852	106.62708266836707	0.00002891132742067185
0.013803842646028852	109.99425369999972	0.00001559387820393198
0.013803842646028852	112.23903438775481	7.735579492474097e-6
0.0162181009735893	0.7756355613243221	0.004982137719209054
0.0162181009735893	0.9112923245240956	0.004691876764039151
0.0162181009735893	1.0706751239185202	0.011247695937095152
0.0162181009735893	1.2579335852264473	0.014490866521494786
0.0162181009735893	1.477943093558869	0.023927728198160542
0.0162181009735893	1.7364317269620797	0.030690856382515817
0.0162181009735893	2.040129390327172	0.04041259308607191
0.0162181009735893	2.3969430324556678	0.07543512592687542
0.0162181009735893	2.8161625081615056	0.09933967930310562
0.0162181009735893	3.3087024451513263	0.11903056743938416
0.0162181009735893	3.8873864128307356	0.13702569184613253
0.0162181009735893	4.56728079153998	0.15160404693041604
0.0162181009735893	5.366087034702602	0.20295028401957818
0.0162181009735893	6.304602536664798	0.23595188947982884
0.0162181009735893	7.407262105193026	0.26637902152667775
0.0162181009735893	8.702774136187518	0.3134274891511791
0.0162181009735893	10.224868053797694	0.3372589688079068
0.0162181009735893	12.013172475986213	0.3701738042830338
0.0162181009735893	14.114246969103066	0.385124860636524
0.0162181009735893	16.58279425381185	0.3801232125272573
0.0162181009735893	19.483084422868817	0.3625515229430942
0.0162181009735893	22.89062825110902	0.3409939197838447
0.0162181009735893	26.8941431632577	0.2596995263403077
0.0162181009735893	31.597863044705125	0.20831150256700792
0.0162181009735893	37.124252032538195	0.1378072224750763
0.0162181009735893	43.617192941987966	0.08226590320357792
0.0162181009735893	51.2457333408674	0.04118956721193204
0.0162181009735893	60.208486803268215	0.01851811755830956
0.0162181009735893	70.73880393176873	0.00690838090447285
0.0162181009735893	83.11084777878192	0.0014504095683572588
0.0162181009735893	97.64673184424227	0.00008513088800672827
0.0162181009735893	103.25991163673443	0.00001541311679796475
0.0162181009735893	106.62708266836707	4.283581731491826e-6
0.0162181009735893	109.99425369999972	2.058246539452858e-6
0.0162181009735893	112.23903438775481	7.716562824271448e-7
0.019054607179632473	0.7756355613243221	0.00030608935637518013
0.019054607179632473	0.9112923245240956	0.0021285801511310514
0.019054607179632473	1.0706751239185202	0.010385398037977344
0.019054607179632473	1.2579335852264473	0.01699413162324683
0.019054607179632473	1.477943093558869	0.039791695454358206
0.019054607179632473	1.7364317269620797	0.030798807489626497
0.019054607179632473	2.040129390327172	0.057358261352262366
0.019054607179632473	2.3969430324556678	0.08396134361254624
0.019054607179632473	2.8161625081615056	0.10441241609238183
0.019054607179632473	3.3087024451513263	0.13463119388808747
0.019054607179632473	3.8873864128307356	0.1632787065388497
0.019054607179632473	4.56728079153998	0.1837747902006051
0.019054607179632473	5.366087034702602	0.23182739492171134
0.019054607179632473	6.304602536664798	0.2814110598404553
0.019054607179632473	7.407262105193026	0.3091034820364219
0.019054607179632473	8.702774136187518	0.362447932379105
0.019054607179632473	10.224868053797694	0.39757067102826316
0.019054607179632473	12.013172475986213	0.4151735377730622
0.019054607179632473	14.114246969103066	0.41140223945061644
0.019054607179632473	16.58279425381185	0.3962463618534379
0.019054607179632473	19.483084422868817	0.37213759557542436
0.019054607179632473	22.89062825110902	0.32468324633545775
0.019054607179632473	26.8941431632577	0.24537442455303274
0.019054607179632473	31.597863044705125	0.1800052277919677
0.019054607179632473	37.124252032538195	0.10568952805529347
0.019054607179632473	43.617192941987966	0.056009850935944204
0.019054607179632473	51.2457333408674	0.026022892147321043
0.019054607179632473	60.208486803268215	0.00974489170163121
0.019054607179632473	70.73880393176873	0.003493298076064776
0.019054607179632473	83.11084777878192	0.0006706215486500003
0.019054607179632473	97.64673184424227	0.0000104258941335638
0.019054607179632473	103.25991163673443	1.4378807733481196e-6
0.019054607179632473	106.62708266836707	3.037257524279403e-7
0.019054607179632473	109.99425369999972	1.434658531056963e-7
0.019054607179632473	112.23903438775481	5.3953975044464515e-8
0.0223872113856834	0.7756355613243221	0.00032927462284117865
0.0223872113856834	0.9112923245240956	0.00025341016194376875
0.0223872113856834	1.0706751239185202	0.01056813201166477
0.0223872113856834	1.2579335852264473	0.01847107426416928
0.0223872113856834	1.477943093558869	0.04938697343861165
0.0223872113856834	1.7364317269620797	0.04184315210434671
0.0223872113856834	2.040129390327172	0.07228898849582355
0.0223872113856834	2.3969430324556678	0.1031087335251725
0.0223872113856834	2.8161625081615056	0.12200422525466274
0.0223872113856834	3.3087024451513263	0.1640573772225016
0.0223872113856834	3.8873864128307356	0.20172740866770075
0.0223872113856834	4.56728079153998	0.24037777840210386
0.0223872113856834	5.366087034702602	0.2898392503800899
0.0223872113856834	6.304602536664798	0.32334808005123933
0.0223872113856834	7.407262105193026	0.35296990103346393
0.0223872113856834	8.702774136187518	0.407092156465044
0.0223872113856834	10.224868053797694	0.4380473872875153
0.0223872113856834	12.013172475986213	0.45096239538347777
0.0223872113856834	14.114246969103066	0.4373520253761187
0.0223872113856834	16.58279425381185	0.40694839859489024
0.0223872113856834	19.483084422868817	0.3588317651617299
0.0223872113856834	22.89062825110902	0.2925442561195651
0.0223872113856834	26.8941431632577	0.2127574109631351
0.0223872113856834	31.597863044705125	0.13656988326010244
0.0223872113856834	37.124252032538195	0.07520816244657975
0.0223872113856834	43.617192941987966	0.03650869884882006
0.0223872113856834	51.2457333408674	0.016188098273081788
0.0223872113856834	60.208486803268215	0.0049901124374453695
0.0223872113856834	70.73880393176873	0.0011732160214797454
0.0223872113856834	83.11084777878192	0.0001840780702832324
0.0223872113856834	97.64673184424227	3.7373622391493383e-7
0.0223872113856834	103.25991163673443	2.2338191273856475e-8
0.0223872113856834	106.62708266836707	3.5745883715586107e-9
0.0223872113856834	109.99425369999972	1.6318788445960175e-9
0.0223872113856834	112.23903438775481	5.787797045799348e-10
0.026302679918953815	0.7756355613243221	0.00495238761920522
0.026302679918953815	0.9112923245240956	0.0031399158666898705
0.026302679918953815	1.0706751239185202	0.014154553671201282
0.026302679918953815	1.2579335852264473	0.0243074068889934
0.026302679918953815	1.477943093558869	0.04508566416809279
0.026302679918953815	1.7364317269620797	0.056928047098394476
0.026302679918953815	2.040129390327172	0.07882618067581507
0.026302679918953815	2.3969430324556678	0.10970945035534338
0.026302679918953815	2.8161625081615056	0.1408820457676899
0.026302679918953815	3.3087024451513263	0.18327668645980316
0.026302679918953815	3.8873864128307356	0.21895127352204494
0.026302679918953815	4.56728079153998	0.2708097956271781
0.026302679918953815	5.366087034702602	0.31765948811411965
0.026302679918953815	6.304602536664798	0.3640046672862763
0.026302679918953815	7.407262105193026	0.4066268892555112
0.026302679918953815	8.702774136187518	0.45279543381857296
0.026302679918953815	10.224868053797694	0.4786971823416248
0.026302679918953815	12.013172475986213	0.4677334706179238
0.026302679918953815	14.114246969103066	0.45007600915085616
0.026302679918953815	16.58279425381185	0.4004127287104065
0.026302679918953815	19.483084422868817	0.32660078867303355
0.026302679918953815	22.89062825110902	0.24904594143733289
0.026302679918953815	26.8941431632577	0.16377618680779377
0.026302679918953815	31.597863044705125	0.09863137195277613
0.026302679918953815	37.124252032538195	0.04961931628239543
0.026302679918953815	43.617192941987966	0.021194610612684663
0.026302679918953815	51.2457333408674	0.008482551599023449
0.026302679918953815	60.208486803268215	0.0023252773189544017
0.026302679918953815	70.73880393176873	0.0005072539720496099
0.026302679918953815	83.11084777878192	0.0000586561746116575
0.026302679918953815	97.64673184424227	4.993172439568889e-8
0.026302679918953815	103.25991163673443	1.0339768128284428e-9
0.026302679918953815	106.62708266836707	1.2248992156496296e-11
0.026302679918953815	109.99425369999972	3.1804032547833467e-13
0.026302679918953815	112.23903438775481	0.
0.030902954325135904	0.7756355613243221	0.002741242581529761
0.030902954325135904	0.9112923245240956	0.005598602932202951
0.030902954325135904	1.0706751239185202	0.01871221590185206
0.030902954325135904	1.2579335852264473	0.027246143956475923
0.030902954325135904	1.477943093558869	0.044985659951620204
0.030902954325135904	1.7364317269620797	0.07286438280210382
0.030902954325135904	2.040129390327172	0.09906328719401641
0.030902954325135904	2.3969430324556678	0.12332081855588004
0.030902954325135904	2.8161625081615056	0.17382724423265142
0.030902954325135904	3.3087024451513263	0.22400443012613785
0.030902954325135904	3.8873864128307356	0.25431868087390963
0.030902954325135904	4.56728079153998	0.3030612662539321
0.030902954325135904	5.366087034702602	0.3523246689800974
0.030902954325135904	6.304602536664798	0.4108154518258418
0.030902954325135904	7.407262105193026	0.45747504600813976
0.030902954325135904	8.702774136187518	0.4847568890179024
0.030902954325135904	10.224868053797694	0.4868597898306442
0.030902954325135904	12.013172475986213	0.48492267734586814
0.030902954325135904	14.114246969103066	0.4501473975857735
0.030902954325135904	16.58279425381185	0.3814651789672704
0.030902954325135904	19.483084422868817	0.2803869862595803
0.030902954325135904	22.89062825110902	0.19493306105487956
0.030902954325135904	26.8941431632577	0.11853293409998727
0.030902954325135904	31.597863044705125	0.06523208786503355
0.030902954325135904	37.124252032538195	0.027576209359305753
0.030902954325135904	43.617192941987966	0.01082299982686671
0.030902954325135904	51.2457333408674	0.0036806451998996036
0.030902954325135904	60.208486803268215	0.001152717664317638
0.030902954325135904	70.73880393176873	0.0001585211050188341
0.030902954325135904	83.11084777878192	0.00003900967701134725
0.030902954325135904	97.64673184424227	9.56745540571361e-8
0.030902954325135904	103.25991163673443	2.165327733780923e-9
0.030902954325135904	106.62708266836707	2.43187443444283e-11
0.030902954325135904	109.99425369999972	6.46189697475271e-19
0.030902954325135904	112.23903438775481	7.635319793093518e-21
0.03630780547701014	0.7756355613243221	0.00006057165159650083
0.03630780547701014	0.9112923245240956	0.002723839781468301
0.03630780547701014	1.0706751239185202	0.018541519462279676
0.03630780547701014	1.2579335852264473	0.032827937371587235
0.03630780547701014	1.477943093558869	0.05176216013516975
0.03630780547701014	1.7364317269620797	0.08051438085950677
0.03630780547701014	2.040129390327172	0.12033716127167893
0.03630780547701014	2.3969430324556678	0.15382855607344814
0.03630780547701014	2.8161625081615056	0.1961643386099627
0.03630780547701014	3.3087024451513263	0.25493129114282365
0.03630780547701014	3.8873864128307356	0.30469990389314283
0.03630780547701014	4.56728079153998	0.35235520911708956
0.03630780547701014	5.366087034702602	0.3931262144583822
0.03630780547701014	6.304602536664798	0.4529546633432341
0.03630780547701014	7.407262105193026	0.48354531406336176
0.03630780547701014	8.702774136187518	0.5024974334487027
0.03630780547701014	10.224868053797694	0.4912830770986377
0.03630780547701014	12.013172475986213	0.47516979417375593
0.03630780547701014	14.114246969103066	0.40468577951800583
0.03630780547701014	16.58279425381185	0.3257852816710325
0.03630780547701014	19.483084422868817	0.22400014426365458
0.03630780547701014	22.89062825110902	0.1426684389848874
0.03630780547701014	26.8941431632577	0.0778256801124492
0.03630780547701014	31.597863044705125	0.03700726609645702
0.03630780547701014	37.124252032538195	0.014620594973719933
0.03630780547701014	43.617192941987966	0.005201808038847248
0.03630780547701014	51.2457333408674	0.0012601481049195088
0.03630780547701014	60.208486803268215	0.0003466412502434701
0.03630780547701014	70.73880393176873	0.000014689938136158119
0.03630780547701014	83.11084777878192	1.916447021479372e-6
0.03630780547701014	97.64673184424227	6.042706768927393e-9
0.03630780547701014	103.25991163673443	1.3790767660886989e-10
0.03630780547701014	106.62708266836707	1.5488804209142123e-12
0.03630780547701014	109.99425369999972	5.873584158659722e-19
0.03630780547701014	112.23903438775481	0.
0.04265795188015928	0.7756355613243221	0.0005521614214218152
0.04265795188015928	0.9112923245240956	0.00405058333687911
0.04265795188015928	1.0706751239185202	0.02081120201743923
0.04265795188015928	1.2579335852264473	0.04318489456820584
0.04265795188015928	1.477943093558869	0.07191138052358885
0.04265795188015928	1.7364317269620797	0.090734602410026
0.04265795188015928	2.040129390327172	0.1338734578813841
0.04265795188015928	2.3969430324556678	0.1764494634371817
0.04265795188015928	2.8161625081615056	0.2258538556406545
0.04265795188015928	3.3087024451513263	0.2845317174701044
0.04265795188015928	3.8873864128307356	0.3365003648625091
0.04265795188015928	4.56728079153998	0.3922872719898013
0.04265795188015928	5.366087034702602	0.4344383035888596
0.04265795188015928	6.304602536664798	0.4929726007845841
0.04265795188015928	7.407262105193026	0.5084818584447706
0.04265795188015928	8.702774136187518	0.5151125480685949
0.04265795188015928	10.224868053797694	0.48761277773270517
0.04265795188015928	12.013172475986213	0.4257149546389416
0.04265795188015928	14.114246969103066	0.34348451563432486
0.04265795188015928	16.58279425381185	0.25562386272861665
0.04265795188015928	19.483084422868817	0.16034000520393174
0.04265795188015928	22.89062825110902	0.09325444975751175
0.04265795188015928	26.8941431632577	0.045131774259332076
0.04265795188015928	31.597863044705125	0.018577909858077356
0.04265795188015928	37.124252032538195	0.006985083226271672
0.04265795188015928	43.617192941987966	0.002845562408828184
0.04265795188015928	51.2457333408674	0.0005123860515101449
0.04265795188015928	60.208486803268215	0.00010771703961883241
0.04265795188015928	70.73880393176873	9.845929669044253e-7
0.04265795188015928	83.11084777878192	6.448899409339857e-9
0.04265795188015928	97.64673184424227	2.123452994643227e-11
0.04265795188015928	103.25991163673443	4.852016373005429e-13
0.04265795188015928	106.62708266836707	5.449634276885194e-15
0.04265795188015928	109.99425369999972	9.156949085140419e-20
0.04265795188015928	112.23903438775481	0.
0.05011872336272725	0.7756355613243221	0.0011120699567755922
0.05011872336272725	0.9112923245240956	0.009171878307718893
0.05011872336272725	1.0706751239185202	0.028680118283064295
0.05011872336272725	1.2579335852264473	0.046667502023285394
0.05011872336272725	1.477943093558869	0.07610573009797941
0.05011872336272725	1.7364317269620797	0.12390721946697604
0.05011872336272725	2.040129390327172	0.1627158830600228
0.05011872336272725	2.3969430324556678	0.21209049756733206
0.05011872336272725	2.8161625081615056	0.24772717379990658
0.05011872336272725	3.3087024451513263	0.33241161579304823
0.05011872336272725	3.8873864128307356	0.36429050292053156
0.05011872336272725	4.56728079153998	0.4231321174451786
0.05011872336272725	5.366087034702602	0.48751866239644653
0.05011872336272725	6.304602536664798	0.5071250153769598
0.05011872336272725	7.407262105193026	0.5146168596799006
0.05011872336272725	8.702774136187518	0.4972129715586427
0.05011872336272725	10.224868053797694	0.45587638969444794
0.05011872336272725	12.013172475986213	0.3696903370590834
0.05011872336272725	14.114246969103066	0.26859345486005626
0.05011872336272725	16.58279425381185	0.18418632855559203
0.05011872336272725	19.483084422868817	0.10469987797969467
0.05011872336272725	22.89062825110902	0.05379329671338175
0.05011872336272725	26.8941431632577	0.024598402681254725
0.05011872336272725	31.597863044705125	0.009399679871747356
0.05011872336272725	37.124252032538195	0.003534757806130822
0.05011872336272725	43.617192941987966	0.0010962441881211837
0.05011872336272725	51.2457333408674	0.0002578142685326909
0.05011872336272725	60.208486803268215	0.000027148903337937277
0.05011872336272725	70.73880393176873	3.055001942478404e-8
0.05011872336272725	83.11084777878192	6.86909927942488e-22
0.05011872336272725	97.64673184424227	0.
0.05011872336272725	103.25991163673443	0.
0.05011872336272725	106.62708266836707	3.702687724067053e-21
0.05011872336272725	109.99425369999972	1.4602908309150106e-21
0.05011872336272725	112.23903438775481	0.
0.0588843655355589	0.7756355613243221	0.00489439941427756
0.0588843655355589	0.9112923245240956	0.02096760572861932
0.0588843655355589	1.0706751239185202	0.03312720516435473
0.0588843655355589	1.2579335852264473	0.05551829296156483
0.0588843655355589	1.477943093558869	0.07674613417140717
0.0588843655355589	1.7364317269620797	0.13763474046732535
0.0588843655355589	2.040129390327172	0.17131026097415408
0.0588843655355589	2.3969430324556678	0.23772100562237258
0.0588843655355589	2.8161625081615056	0.28283883066733734
0.0588843655355589	3.3087024451513263	0.3569825344414989
0.0588843655355589	3.8873864128307356	0.4009575155392607
0.0588843655355589	4.56728079153998	0.4586604914791008
0.0588843655355589	5.366087034702602	0.5042404111206457
0.0588843655355589	6.304602536664798	0.5057556776850524
0.0588843655355589	7.407262105193026	0.49576646981601286
0.0588843655355589	8.702774136187518	0.455832691187147
0.0588843655355589	10.224868053797694	0.3814420289648887
0.0588843655355589	12.013172475986213	0.29284520731469954
0.0588843655355589	14.114246969103066	0.1933195984632009
0.0588843655355589	16.58279425381185	0.11677482029464531
0.0588843655355589	19.483084422868817	0.06064692196532315
0.0588843655355589	22.89062825110902	0.029603256290648278
0.0588843655355589	26.8941431632577	0.011247091517493642
0.0588843655355589	31.597863044705125	0.0039532781545911205
0.0588843655355589	37.124252032538195	0.0013398213035403297
0.0588843655355589	43.617192941987966	0.0003601136715409142
0.0588843655355589	51.2457333408674	0.00004376395149233285
0.0588843655355589	60.208486803268215	2.558056454849425e-6
0.0588843655355589	70.73880393176873	5.043229871024791e-10
0.0588843655355589	83.11084777878192	7.705363498191074e-19
0.0588843655355589	97.64673184424227	1.015477096382819e-18
0.0588843655355589	103.25991163673443	0.
0.0588843655355589	106.62708266836707	1.471371039833505e-18
0.0588843655355589	109.99425369999972	9.318654334522118e-19
0.0588843655355589	112.23903438775481	5.729233622573703e-19
0.06918309709189366	0.7756355613243221	0.005615084928818891
0.06918309709189366	0.9112923245240956	0.020677443587239157
0.06918309709189366	1.0706751239185202	0.03603943294955306
0.06918309709189366	1.2579335852264473	0.06745277067580077
0.06918309709189366	1.477943093558869	0.09612549586589726
0.06918309709189366	1.7364317269620797	0.1488628864055647
0.06918309709189366	2.040129390327172	0.21314599756161082
0.06918309709189366	2.3969430324556678	0.27132372905046653
0.06918309709189366	2.8161625081615056	0.3230834881590723
0.06918309709189366	3.3087024451513263	0.3809922053810317
0.06918309709189366	3.8873864128307356	0.43023376718130774
0.06918309709189366	4.56728079153998	0.4868647117390922
0.06918309709189366	5.366087034702602	0.5134793116063541
0.06918309709189366	6.304602536664798	0.5015192164509165
0.06918309709189366	7.407262105193026	0.45643774449645386
0.06918309709189366	8.702774136187518	0.3937325123340429
0.06918309709189366	10.224868053797694	0.2968506577315213
0.06918309709189366	12.013172475986213	0.20709735372938426
0.06918309709189366	14.114246969103066	0.12722945106093714
0.06918309709189366	16.58279425381185	0.06822560733185756
0.06918309709189366	19.483084422868817	0.032970910614110005
0.06918309709189366	22.89062825110902	0.013483768127097388
0.06918309709189366	26.8941431632577	0.004310815480774594
0.06918309709189366	31.597863044705125	0.0015393516265866638
0.06918309709189366	37.124252032538195	0.00038284503232008274
0.06918309709189366	43.617192941987966	0.00008510323392968285
0.06918309709189366	51.2457333408674	0.000024282880617928488
0.06918309709189366	60.208486803268215	3.2620513788646275e-7
0.06918309709189366	70.73880393176873	7.941823159447405e-13
0.06918309709189366	83.11084777878192	6.520779562149851e-19
0.06918309709189366	97.64673184424227	9.444144507611165e-19
0.06918309709189366	103.25991163673443	0.
0.06918309709189366	106.62708266836707	1.5339594251186374e-18
0.06918309709189366	109.99425369999972	1.1279217329822228e-18
0.06918309709189366	112.23903438775481	8.521890365949401e-19
0.08128305161640995	0.7756355613243221	0.00342984362370389
0.08128305161640995	0.9112923245240956	0.017051089302353984
0.08128305161640995	1.0706751239185202	0.04385308148229157
0.08128305161640995	1.2579335852264473	0.06803107279052305
0.08128305161640995	1.477943093558869	0.1164313541430729
0.08128305161640995	1.7364317269620797	0.16818855629640306
0.08128305161640995	2.040129390327172	0.24240493233380653
0.08128305161640995	2.3969430324556678	0.29901093771756
0.08128305161640995	2.8161625081615056	0.3654504576868622
0.08128305161640995	3.3087024451513263	0.4205503576551964
0.08128305161640995	3.8873864128307356	0.45169521929610246
0.08128305161640995	4.56728079153998	0.48608288387850196
0.08128305161640995	5.366087034702602	0.49302045704536507
0.08128305161640995	6.304602536664798	0.46286259927505813
0.08128305161640995	7.407262105193026	0.39109487642426655
0.08128305161640995	8.702774136187518	0.3066491968935915
0.08128305161640995	10.224868053797694	0.21623122742863396
0.08128305161640995	12.013172475986213	0.13202985241387105
0.08128305161640995	14.114246969103066	0.07190576594452328
0.08128305161640995	16.58279425381185	0.036052568702481365
0.08128305161640995	19.483084422868817	0.01595747369725551
0.08128305161640995	22.89062825110902	0.005540294922018833
0.08128305161640995	26.8941431632577	0.0015105215380401286
0.08128305161640995	31.597863044705125	0.0005108915513496061
0.08128305161640995	37.124252032538195	0.00006991768648704366
0.08128305161640995	43.617192941987966	0.000011944488290968619
0.08128305161640995	51.2457333408674	0.000023908806739775154
0.08128305161640995	60.208486803268215	2.063608172394053e-7
0.08128305161640995	70.73880393176873	0.
0.08128305161640995	83.11084777878192	5.454243987451351e-19
0.08128305161640995	97.64673184424227	3.3521288546661586e-19
0.08128305161640995	103.25991163673443	0.
0.08128305161640995	106.62708266836707	7.270538877006365e-19
0.08128305161640995	109.99425369999972	4.527707028706278e-19
0.08128305161640995	112.23903438775481	2.7056049627965007e-19
0.09549925860214359	0.7756355613243221	0.0032077875422940405
0.09549925860214359	0.9112923245240956	0.021115016853483957
0.09549925860214359	1.0706751239185202	0.05159240534407804
0.09549925860214359	1.2579335852264473	0.08238905006721388
0.09549925860214359	1.477943093558869	0.13087423085551775
0.09549925860214359	1.7364317269620797	0.18557015907671098
0.09549925860214359	2.040129390327172	0.2573845789796973
0.09549925860214359	2.3969430324556678	0.34165240356516274
0.09549925860214359	2.8161625081615056	0.3904283626279483
0.09549925860214359	3.3087024451513263	0.4341101695538852
0.09549925860214359	3.8873864128307356	0.4630925130387718
0.09549925860214359	4.56728079153998	0.46203977489614195
0.09549925860214359	5.366087034702602	0.43988991089856017
0.09549925860214359	6.304602536664798	0.38390393567983294
0.09549925860214359	7.407262105193026	0.3038296896240312
0.09549925860214359	8.702774136187518	0.21542039501194127
0.09549925860214359	10.224868053797694	0.13553484127687518
0.09549925860214359	12.013172475986213	0.07566052391791334
0.09549925860214359	14.114246969103066	0.03609804369934699
0.09549925860214359	16.58279425381185	0.015688440218820217
0.09549925860214359	19.483084422868817	0.006046103472383565
0.09549925860214359	22.89062825110902	0.0022017732037532506
0.09549925860214359	26.8941431632577	0.00043294394450348186
0.09549925860214359	31.597863044705125	0.00009177571147087494
0.09549925860214359	37.124252032538195	6.923919472445656e-6
0.09549925860214359	43.617192941987966	1.2776662467639155e-6
0.09549925860214359	51.2457333408674	4.0633192512145375e-6
0.09549925860214359	60.208486803268215	6.030322248393757e-9
0.09549925860214359	70.73880393176873	0.
0.09549925860214359	83.11084777878192	9.661657244010373e-21
0.09549925860214359	97.64673184424227	0.
0.09549925860214359	103.25991163673443	0.
0.09549925860214359	106.62708266836707	0.
0.09549925860214359	109.99425369999972	0.
0.09549925860214359	112.23903438775481	0.
0.11220184543019636	0.7756355613243221	0.0045005891148177804
0.11220184543019636	0.9112923245240956	0.019667676044056243
0.11220184543019636	1.0706751239185202	0.05731992555901313
0.11220184543019636	1.2579335852264473	0.09871783318748117
0.11220184543019636	1.477943093558869	0.14831833392640523
0.11220184543019636	1.7364317269620797	0.20414356599588054
0.11220184543019636	2.040129390327172	0.2807548756859264
0.11220184543019636	2.3969430324556678	0.36184723368421395
0.11220184543019636	2.8161625081615056	0.41355926993962056
0.11220184543019636	3.3087024451513263	0.43707100934261034
0.11220184543019636	3.8873864128307356	0.4452415909082142
0.11220184543019636	4.56728079153998	0.4188274212791451
0.11220184543019636	5.366087034702602	0.37063030560588917
0.11220184543019636	6.304602536664798	0.2958444958333156
0.11220184543019636	7.407262105193026	0.21401405722356678
0.11220184543019636	8.702774136187518	0.1371492410149957
0.11220184543019636	10.224868053797694	0.07648018214554016
0.11220184543019636	12.013172475986213	0.03822888642865376
0.11220184543019636	14.114246969103066	0.017432343524608516
0.11220184543019636	16.58279425381185	0.006021331112591694
0.11220184543019636	19.483084422868817	0.0023111773598207073
0.11220184543019636	22.89062825110902	0.0007374026301625886
0.11220184543019636	26.8941431632577	0.00010398009772801193
0.11220184543019636	31.597863044705125	0.000020154932232048078
0.11220184543019636	37.124252032538195	2.886646848018535e-6
0.11220184543019636	43.617192941987966	1.5247141561301595e-8
0.11220184543019636	51.2457333408674	4.927965606177328e-8
0.11220184543019636	60.208486803268215	3.423912297246386e-11
0.11220184543019636	70.73880393176873	0.
0.11220184543019636	83.11084777878192	4.433861559647379e-19
0.11220184543019636	97.64673184424227	1.5534914804122829e-19
0.11220184543019636	103.25991163673443	0.
0.11220184543019636	106.62708266836707	3.014802338727226e-19
0.11220184543019636	109.99425369999972	1.4791147867134203e-19
0.11220184543019636	112.23903438775481	4.727699852955748e-20
0.13182567385564073	0.7756355613243221	0.007460903145041896
0.13182567385564073	0.9112923245240956	0.02915666898280423
0.13182567385564073	1.0706751239185202	0.06576183804874632
0.13182567385564073	1.2579335852264473	0.1148269844709226
0.13182567385564073	1.477943093558869	0.16821831486303374
0.13182567385564073	1.7364317269620797	0.23875415475777265
0.13182567385564073	2.040129390327172	0.2935595492624782
0.13182567385564073	2.3969430324556678	0.3644217895012053
0.13182567385564073	2.8161625081615056	0.4122675353622908
0.13182567385564073	3.3087024451513263	0.4180692672814764
0.13182567385564073	3.8873864128307356	0.4040668835866271
0.13182567385564073	4.56728079153998	0.35233906124190334
0.13182567385564073	5.366087034702602	0.2790695528649696
0.13182567385564073	6.304602536664798	0.2052357544603827
0.13182567385564073	7.407262105193026	0.1295310064374717
0.13182567385564073	8.702774136187518	0.0747937269233248
0.13182567385564073	10.224868053797694	0.03786866990832143
0.13182567385564073	12.013172475986213	0.016590145869179323
0.13182567385564073	14.114246969103066	0.006858944207476376
0.13182567385564073	16.58279425381185	0.0019381980821931493
0.13182567385564073	19.483084422868817	0.0007219397506274312
0.13182567385564073	22.89062825110902	0.0001446846009279254
0.13182567385564073	26.8941431632577	0.00003440285278023645
0.13182567385564073	31.597863044705125	1.3101066620073255e-6
0.13182567385564073	37.124252032538195	5.915840275080402e-8
0.13182567385564073	43.617192941987966	1.0551887068193785e-11
0.13182567385564073	51.2457333408674	1.5196051637323777e-11
0.13182567385564073	60.208486803268215	9.664321807735541e-15
0.13182567385564073	70.73880393176873	0.
0.13182567385564073	83.11084777878192	9.079557130743477e-19
0.13182567385564073	97.64673184424227	6.041383750085029e-19
0.13182567385564073	103.25991163673443	2.2641203621115505e-19
0.13182567385564073	106.62708266836707	7.115447157399494e-19
0.13182567385564073	109.99425369999972	3.549678537414934e-19
0.13182567385564073	112.23903438775481	1.2409798899145126e-19
0.1548816618912482	0.7756355613243221	0.008846280523931209
0.1548816618912482	0.9112923245240956	0.03753555209047878
0.1548816618912482	1.0706751239185202	0.07537033922822828
0.1548816618912482	1.2579335852264473	0.12671301607839697
0.1548816618912482	1.477943093558869	0.1915468518753638
0.1548816618912482	1.7364317269620797	0.25714357279761535
0.1548816618912482	2.040129390327172	0.29873201058246596
0.1548816618912482	2.3969430324556678	0.347629664591119
0.1548816618912482	2.8161625081615056	0.3817769033217428
0.1548816618912482	3.3087024451513263	0.36647592123661166
0.1548816618912482	3.8873864128307356	0.3315373075497698
0.1548816618912482	4.56728079153998	0.26768512954618273
0.1548816618912482	5.366087034702602	0.1853991290222926
0.1548816618912482	6.304602536664798	0.12496619846432945
0.1548816618912482	7.407262105193026	0.07060163559990558
0.1548816618912482	8.702774136187518	0.03549357376654388
0.1548816618912482	10.224868053797694	0.015903374657108837
0.1548816618912482	12.013172475986213	0.006265719514550066
0.1548816618912482	14.114246969103066	0.002163518940972356
0.1548816618912482	16.58279425381185	0.0005402958363678077
0.1548816618912482	19.483084422868817	0.00011198020739316195
0.1548816618912482	22.89062825110902	5.256379254909351e-6
0.1548816618912482	26.8941431632577	4.5763516888688856e-6
0.1548816618912482	31.597863044705125	1.3603529483280557e-7
0.1548816618912482	37.124252032538195	4.4871730349027554e-11
0.1548816618912482	43.617192941987966	4.5140471153779004e-15
0.1548816618912482	51.2457333408674	2.3272654179277487e-19
0.1548816618912482	60.208486803268215	0.
0.1548816618912482	70.73880393176873	0.
0.1548816618912482	83.11084777878192	5.153929278704641e-19
0.1548816618912482	97.64673184424227	1.3838143388174596e-19
0.1548816618912482	103.25991163673443	2.3115698282378037e-20
0.1548816618912482	106.62708266836707	4.2904241216210514e-19
0.1548816618912482	109.99425369999972	1.6901464508539164e-19
0.1548816618912482	112.23903438775481	0.
0.18197008586099844	0.7756355613243221	0.010526254127293308
0.18197008586099844	0.9112923245240956	0.04420598663844736
0.18197008586099844	1.0706751239185202	0.08795566426346868
0.18197008586099844	1.2579335852264473	0.14224847035599414
0.18197008586099844	1.477943093558869	0.20705655311229193
0.18197008586099844	1.7364317269620797	0.2656022007846582
0.18197008586099844	2.040129390327172	0.3048345949376802
0.18197008586099844	2.3969430324556678	0.32834963263778305
0.18197008586099844	2.8161625081615056	0.33069025683042735
0.18197008586099844	3.3087024451513263	0.296000178702185
0.18197008586099844	3.8873864128307356	0.24549681177770916
0.18197008586099844	4.56728079153998	0.17693371918509043
0.18197008586099844	5.366087034702602	0.10968778253709052
0.18197008586099844	6.304602536664798	0.06453845090400886
0.18197008586099844	7.407262105193026	0.03371961591264111
0.18197008586099844	8.702774136187518	0.014873974078688597
0.18197008586099844	10.224868053797694	0.005776416196797778
0.18197008586099844	12.013172475986213	0.0022244106777017133
0.18197008586099844	14.114246969103066	0.0007239922944349207
0.18197008586099844	16.58279425381185	0.00015330787784169594
0.18197008586099844	19.483084422868817	5.6687496172732295e-6
0.18197008586099844	22.89062825110902	1.6626720054436697e-8
0.18197008586099844	26.8941431632577	2.672820743229233e-8
0.18197008586099844	31.597863044705125	8.141556202688195e-10
0.18197008586099844	37.124252032538195	0.
0.18197008586099844	43.617192941987966	0.
0.18197008586099844	51.2457333408674	0.
0.18197008586099844	60.208486803268215	0.
0.18197008586099844	70.73880393176873	0.
0.18197008586099844	83.11084777878192	2.947873330944225e-19
0.18197008586099844	97.64673184424227	3.024557841278665e-20
0.18197008586099844	103.25991163673443	1.4190507075463906e-20
0.18197008586099844	106.62708266836707	3.6181579790513784e-19
0.18197008586099844	109.99425369999972	1.425762595376705e-19
0.18197008586099844	112.23903438775481	0.
0.21379620895022325	0.7756355613243221	0.013463188646648545
0.21379620895022325	0.9112923245240956	0.046466253566778117
0.21379620895022325	1.0706751239185202	0.0965984465572858
0.21379620895022325	1.2579335852264473	0.15073646981946354
0.21379620895022325	1.477943093558869	0.21995621483680106
0.21379620895022325	1.7364317269620797	0.2571014733791321
0.21379620895022325	2.040129390327172	0.2878340750644438
0.21379620895022325	2.3969430324556678	0.28853530022475804
0.21379620895022325	2.8161625081615056	0.26426043450435005
0.21379620895022325	3.3087024451513263	0.22417328186639093
0.21379620895022325	3.8873864128307356	0.1629138167374768
0.21379620895022325	4.56728079153998	0.10361856099973969
0.21379620895022325	5.366087034702602	0.05571388091275158
0.21379620895022325	6.304602536664798	0.02917270572660936
0.21379620895022325	7.407262105193026	0.012936037661893688
0.21379620895022325	8.702774136187518	0.004910870699677514
0.21379620895022325	10.224868053797694	0.0016201489316252727
0.21379620895022325	12.013172475986213	0.0006516272043189826
0.21379620895022325	14.114246969103066	0.0001583349363253791
0.21379620895022325	16.58279425381185	0.000022890643344269143
0.21379620895022325	19.483084422868817	1.5569543844743728e-6
0.21379620895022325	22.89062825110902	4.588142229239475e-12
0.21379620895022325	26.8941431632577	0.
0.21379620895022325	31.597863044705125	0.
0.21379620895022325	37.124252032538195	0.
0.21379620895022325	43.617192941987966	2.285925811724852e-20
0.21379620895022325	51.2457333408674	0.
0.21379620895022325	60.208486803268215	0.
0.21379620895022325	70.73880393176873	1.067833075482153e-19
0.21379620895022325	83.11084777878192	4.539200197312191e-19
0.21379620895022325	97.64673184424227	0.
0.21379620895022325	103.25991163673443	1.7537761058301808e-19
0.21379620895022325	106.62708266836707	4.768708305040608e-19
0.21379620895022325	109.99425369999972	2.1398755486884874e-19
0.21379620895022325	112.23903438775481	4.463067543778668e-20
0.25118864315095807	0.7756355613243221	0.01571582539747019
0.25118864315095807	0.9112923245240956	0.04567026116177326
0.25118864315095807	1.0706751239185202	0.10106310530842068
0.25118864315095807	1.2579335852264473	0.1620193223684467
0.25118864315095807	1.477943093558869	0.21331820875598734
0.25118864315095807	1.7364317269620797	0.2391062593664976
0.25118864315095807	2.040129390327172	0.25760783437182827
0.25118864315095807	2.3969430324556678	0.2341056598617267
0.25118864315095807	2.8161625081615056	0.19394308014138334
0.25118864315095807	3.3087024451513263	0.14187403280822855
0.25118864315095807	3.8873864128307356	0.09074917344198713
0.25118864315095807	4.56728079153998	0.0522763516999022
0.25118864315095807	5.366087034702602	0.024319466963466433
0.25118864315095807	6.304602536664798	0.010653369723212534
0.25118864315095807	7.407262105193026	0.004980543352157295
0.25118864315095807	8.702774136187518	0.001590616847876514
0.25118864315095807	10.224868053797694	0.0004860958862883176
0.25118864315095807	12.013172475986213	0.00005754291966773036
0.25118864315095807	14.114246969103066	0.000016878816614860443
0.25118864315095807	16.58279425381185	3.302913109958811e-6
0.25118864315095807	19.483084422868817	3.813190038736923e-8
0.25118864315095807	22.89062825110902	5.260096575523663e-19
0.25118864315095807	26.8941431632577	1.736584935459743e-19
0.25118864315095807	31.597863044705125	6.457335286008141e-19
0.25118864315095807	37.124252032538195	6.468114273992587e-20
0.25118864315095807	43.617192941987966	4.063690936354812e-19
0.25118864315095807	51.2457333408674	3.7892906185253575e-19
0.25118864315095807	60.208486803268215	2.1761742539960232e-20
0.25118864315095807	70.73880393176873	4.505054300509962e-19
0.25118864315095807	83.11084777878192	3.359464549616212e-19
0.25118864315095807	97.64673184424227	2.8060546806725066e-21
0.25118864315095807	103.25991163673443	1.869963884882802e-19
0.25118864315095807	106.62708266836707	3.840883211810053e-19
0.25118864315095807	109.99425369999972	1.8710266453151157e-19
0.25118864315095807	112.23903438775481	6.056859996684695e-20
0.2951209226666387	0.7756355613243221	0.015233596111987744
0.2951209226666387	0.9112923245240956	0.051232113446306286
0.2951209226666387	1.0706751239185202	0.10550870245269685
0.2951209226666387	1.2579335852264473	0.1627823819358163
0.2951209226666387	1.477943093558869	0.19718433989086964
0.2951209226666387	1.7364317269620797	0.21489356483092142
0.2951209226666387	2.040129390327172	0.19727863778022003
0.2951209226666387	2.3969430324556678	0.16656719690365354
0.2951209226666387	2.8161625081615056	0.12272393672969104
0.2951209226666387	3.3087024451513263	0.07571298226513429
0.2951209226666387	3.8873864128307356	0.042841697241397955
0.2951209226666387	4.56728079153998	0.021738053162464435
0.2951209226666387	5.366087034702602	0.008914984224405686
0.2951209226666387	6.304602536664798	0.002986476371817787
0.2951209226666387	7.407262105193026	0.0014418627236141754
0.2951209226666387	8.702774136187518	0.0003954800932265634
0.2951209226666387	10.224868053797694	0.0000678757578373814
0.2951209226666387	12.013172475986213	2.931938652734011e-6
0.2951209226666387	14.114246969103066	6.521117880434016e-7
0.2951209226666387	16.58279425381185	1.5340533987074347e-7
0.2951209226666387	19.483084422868817	3.139258510276948e-11
0.2951209226666387	22.89062825110902	2.2520510260723465e-19
0.2951209226666387	26.8941431632577	5.925193415926798e-20
0.2951209226666387	31.597863044705125	1.5311062597303433e-19
0.2951209226666387	37.124252032538195	1.73242509627596e-19
0.2951209226666387	43.617192941987966	2.7800273979443534e-19
0.2951209226666387	51.2457333408674	2.2130712204969456e-19
0.2951209226666387	60.208486803268215	3.1715774660523006e-20
0.2951209226666387	70.73880393176873	4.506997653450722e-19
0.2951209226666387	83.11084777878192	3.160672240555363e-19
0.2951209226666387	97.64673184424227	1.1471297447183436e-20
0.2951209226666387	103.25991163673443	2.8138428285947237e-19
0.2951209226666387	106.62708266836707	4.0086462846936477e-19
0.2951209226666387	109.99425369999972	2.193364078654297e-19
0.2951209226666387	112.23903438775481	1.0348207444235551e-19
0.34673685045253166	0.7756355613243221	0.020311508673601052
0.34673685045253166	0.9112923245240956	0.05612227976584907
0.34673685045253166	1.0706751239185202	0.11101400530545408
0.34673685045253166	1.2579335852264473	0.15257485356804942
0.34673685045253166	1.477943093558869	0.17333484772132032
0.34673685045253166	1.7364317269620797	0.1708712253656011
0.34673685045253166	2.040129390327172	0.13664913114031466
0.34673685045253166	2.3969430324556678	0.10125663062156322
0.34673685045253166	2.8161625081615056	0.06550516385586443
0.34673685045253166	3.3087024451513263	0.035035448926299395
0.34673685045253166	3.8873864128307356	0.016950343739836615
0.34673685045253166	4.56728079153998	0.00679984185208654
0.34673685045253166	5.366087034702602	0.0024040119957959225
0.34673685045253166	6.304602536664798	0.0006864112909195925
0.34673685045253166	7.407262105193026	0.00016428255429825502
0.34673685045253166	8.702774136187518	0.00004627661214386255
0.34673685045253166	10.224868053797694	1.9753565990874832e-6
0.34673685045253166	12.013172475986213	2.0499210923519e-8
0.34673685045253166	14.114246969103066	1.3757715698302082e-9
0.34673685045253166	16.58279425381185	3.267878747408039e-10
0.34673685045253166	19.483084422868817	1.4420507830201067e-14
0.34673685045253166	22.89062825110902	0.
0.34673685045253166	26.8941431632577	0.
0.34673685045253166	31.597863044705125	0.
0.34673685045253166	37.124252032538195	2.0555258115735954e-20
0.34673685045253166	43.617192941987966	2.0547590006333582e-19
0.34673685045253166	51.2457333408674	1.4769759223487283e-19
0.34673685045253166	60.208486803268215	3.505267327887716e-20
0.34673685045253166	70.73880393176873	4.460097138601511e-19
0.34673685045253166	83.11084777878192	3.0611307419649455e-19
0.34673685045253166	97.64673184424227	1.7058274993038353e-20
0.34673685045253166	103.25991163673443	3.087743850166206e-19
0.34673685045253166	106.62708266836707	3.2199860078026537e-19
0.34673685045253166	109.99425369999972	1.9850399135690841e-19
0.34673685045253166	112.23903438775481	1.20515282571752e-19
0.40738027780411284	0.7756355613243221	0.02295759162218575
0.40738027780411284	0.9112923245240956	0.06149795461950577
0.40738027780411284	1.0706751239185202	0.11375538799043577
0.40738027780411284	1.2579335852264473	0.13429514883340324
0.40738027780411284	1.477943093558869	0.14073181408926005
0.40738027780411284	1.7364317269620797	0.12225672446931549
0.40738027780411284	2.040129390327172	0.08599125674047127
0.40738027780411284	2.3969430324556678	0.0553673292943754
0.40738027780411284	2.8161625081615056	0.029194385554370945
0.40738027780411284	3.3087024451513263	0.01446521723105792
0.40738027780411284	3.8873864128307356	0.005254686515859853
0.40738027780411284	4.56728079153998	0.0014861275832085473
0.40738027780411284	5.366087034702602	0.00047699865954835887
0.40738027780411284	6.304602536664798	0.0001049595231970126
0.40738027780411284	7.407262105193026	5.150764793330132e-6
0.40738027780411284	8.702774136187518	6.43447143259686e-7
0.40738027780411284	10.224868053797694	5.608375934372804e-9
0.40738027780411284	12.013172475986213	9.428777521127896e-13
0.40738027780411284	14.114246969103066	0.
0.40738027780411284	16.58279425381185	0.
0.40738027780411284	19.483084422868817	1.709242156052801e-20
0.40738027780411284	22.89062825110902	0.
0.40738027780411284	26.8941431632577	0.
0.40738027780411284	31.597863044705125	3.2863799961760075e-19
0.40738027780411284	37.124252032538195	3.700241318134215e-20
0.40738027780411284	43.617192941987966	2.284942035365878e-19
0.40738027780411284	51.2457333408674	4.584641355788456e-19
0.40738027780411284	60.208486803268215	2.867604232015059e-19
0.40738027780411284	70.73880393176873	6.153831210504961e-19
0.40738027780411284	83.11084777878192	4.699951690208026e-19
0.40738027780411284	97.64673184424227	1.5894685457382112e-19
0.40738027780411284	103.25991163673443	4.434690227541845e-19
0.40738027780411284	106.62708266836707	3.8545275525146283e-19
0.40738027780411284	109.99425369999972	3.1792408685162203e-19
0.40738027780411284	112.23903438775481	2.7596870056478213e-19
0.47863009232263853	0.7756355613243221	0.02526299763648132
0.47863009232263853	0.9112923245240956	0.06308775208293455
0.47863009232263853	1.0706751239185202	0.10691067330147891
0.47863009232263853	1.2579335852264473	0.11208475018334513
0.47863009232263853	1.477943093558869	0.09845302641821742
0.47863009232263853	1.7364317269620797	0.07347407996859762
0.47863009232263853	2.040129390327172	0.04337675420070645
0.47863009232263853	2.3969430324556678	0.023671979452914632
0.47863009232263853	2.8161625081615056	0.010545790929698668
0.47863009232263853	3.3087024451513263	0.0038900957722019054
0.47863009232263853	3.8873864128307356	0.0011040386307523023
0.47863009232263853	4.56728079153998	0.0003167922336409681
0.47863009232263853	5.366087034702602	0.00007624222022708073
0.47863009232263853	6.304602536664798	0.000011827081912392695
0.47863009232263853	7.407262105193026	7.078564355396035e-8
0.47863009232263853	8.702774136187518	8.749516175055296e-10
0.47863009232263853	10.224868053797694	1.2577262540410616e-12
0.47863009232263853	12.013172475986213	0.
0.47863009232263853	14.114246969103066	0.
0.47863009232263853	16.58279425381185	0.
0.47863009232263853	19.483084422868817	3.622656090616959e-19
0.47863009232263853	22.89062825110902	0.
0.47863009232263853	26.8941431632577	0.
0.47863009232263853	31.597863044705125	2.1652695857555763e-19
0.47863009232263853	37.124252032538195	8.326419904137603e-21
0.47863009232263853	43.617192941987966	3.8562458243934956e-20
0.47863009232263853	51.2457333408674	1.324197390283264e-19
0.47863009232263853	60.208486803268215	1.6054076355254484e-19
0.47863009232263853	70.73880393176873	4.796325806661136e-19
0.47863009232263853	83.11084777878192	2.445348962679997e-19
0.47863009232263853	97.64673184424227	4.356632466024468e-20
0.47863009232263853	103.25991163673443	3.255531014910509e-19
0.47863009232263853	106.62708266836707	2.2985012389192233e-19
0.47863009232263853	109.99425369999972	2.1590269057817026e-19
0.47863009232263853	112.23903438775481	2.082173632297777e-19
0.5623413251903494	0.7756355613243221	0.02476068712583499
0.5623413251903494	0.9112923245240956	0.05868334271830625
0.5623413251903494	1.0706751239185202	0.08824973837315793
0.5623413251903494	1.2579335852264473	0.0833038578807576
0.5623413251903494	1.477943093558869	0.060850628951543494
0.5623413251903494	1.7364317269620797	0.037479416361894224
0.5623413251903494	2.040129390327172	0.018962752443520497
0.5623413251903494	2.3969430324556678	0.008826166808857413
0.5623413251903494	2.8161625081615056	0.002659429447657458
0.5623413251903494	3.3087024451513263	0.000647215512037582
0.5623413251903494	3.8873864128307356	0.00011836655183910666
0.5623413251903494	4.56728079153998	0.00006154034937680511
0.5623413251903494	5.366087034702602	4.454356446917061e-6
0.5623413251903494	6.304602536664798	5.250875521500579e-7
0.5623413251903494	7.407262105193026	1.608254035224718e-10
0.5623413251903494	8.702774136187518	1.6090852443954203e-19
0.5623413251903494	10.224868053797694	0.
0.5623413251903494	12.013172475986213	0.
0.5623413251903494	14.114246969103066	0.
0.5623413251903494	16.58279425381185	0.
0.5623413251903494	19.483084422868817	0.
0.5623413251903494	22.89062825110902	0.
0.5623413251903494	26.8941431632577	0.
0.5623413251903494	31.597863044705125	1.224353107718209e-19
0.5623413251903494	37.124252032538195	1.6133223561499645e-20
0.5623413251903494	43.617192941987966	2.4906132811503707e-20
0.5623413251903494	51.2457333408674	1.9449021968545166e-19
0.5623413251903494	60.208486803268215	2.269439110789884e-19
0.5623413251903494	70.73880393176873	3.3951602935900972e-19
0.5623413251903494	83.11084777878192	8.448983737103576e-20
0.5623413251903494	97.64673184424227	1.3495939914233784e-20
0.5623413251903494	103.25991163673443	1.8428661709503887e-19
0.5623413251903494	106.62708266836707	6.014754971834173e-20
0.5623413251903494	109.99425369999972	9.004974996132597e-20
0.5623413251903494	112.23903438775481	1.104162490612001e-19
0.6606934480075964	0.7756355613243221	0.026770653334271928
0.6606934480075964	0.9112923245240956	0.05123936557387383
0.6606934480075964	1.0706751239185202	0.06792395236299648
0.6606934480075964	1.2579335852264473	0.05498111190926444
0.6606934480075964	1.477943093558869	0.03272860278609702
0.6606934480075964	1.7364317269620797	0.016396146403193937
0.6606934480075964	2.040129390327172	0.006866048344885576
0.6606934480075964	2.3969430324556678	0.002027655896478912
0.6606934480075964	2.8161625081615056	0.0004890355105178962
0.6606934480075964	3.3087024451513263	0.00003422407645089757
0.6606934480075964	3.8873864128307356	4.545809808608121e-6
0.6606934480075964	4.56728079153998	4.068288244079107e-6
0.6606934480075964	5.366087034702602	2.5204983508850406e-7
0.6606934480075964	6.304602536664798	1.3347646962040565e-9
0.6606934480075964	7.407262105193026	3.164475501492069e-13
0.6606934480075964	8.702774136187518	0.
0.6606934480075964	10.224868053797694	3.1298488513956116e-19
0.6606934480075964	12.013172475986213	0.
0.6606934480075964	14.114246969103066	0.
0.6606934480075964	16.58279425381185	1.792349715149317e-19
0.6606934480075964	19.483084422868817	1.41691368487074e-19
0.6606934480075964	22.89062825110902	0.
0.6606934480075964	26.8941431632577	0.
0.6606934480075964	31.597863044705125	4.430653980264529e-19
0.6606934480075964	37.124252032538195	4.646484817762411e-20
0.6606934480075964	43.617192941987966	0.
0.6606934480075964	51.2457333408674	2.0887880468724535e-19
0.6606934480075964	60.208486803268215	1.552871034354888e-19
0.6606934480075964	70.73880393176873	2.1540230909760327e-19
0.6606934480075964	83.11084777878192	2.038645037250314e-20
0.6606934480075964	97.64673184424227	1.0572969746460588e-20
0.6606934480075964	103.25991163673443	1.5475306829629312e-19
0.6606934480075964	106.62708266836707	8.687161783677385e-21
0.6606934480075964	109.99425369999972	6.147006397631703e-20
0.6606934480075964	112.23903438775481	9.65537444628137e-20
0.776247116628692	0.7756355613243221	0.02647524137731005
0.776247116628692	0.9112923245240956	0.0447363015883605
0.776247116628692	1.0706751239185202	0.04525435466967472
0.776247116628692	1.2579335852264473	0.027890713554462584
0.776247116628692	1.477943093558869	0.01397282367487669
0.776247116628692	1.7364317269620797	0.005463117744091495
0.776247116628692	2.040129390327172	0.0016076879513699882
0.776247116628692	2.3969430324556678	0.00024919083048982263
0.776247116628692	2.8161625081615056	0.000060518290346507523
0.776247116628692	3.3087024451513263	6.631746005338345e-7
0.776247116628692	3.8873864128307356	9.63447684355102e-9
0.776247116628692	4.56728079153998	9.748977003018479e-9
0.776247116628692	5.366087034702602	6.760371200083122e-10
0.776247116628692	6.304602536664798	0.
0.776247116628692	7.407262105193026	5.122844914240186e-19
0.776247116628692	8.702774136187518	0.
0.776247116628692	10.224868053797694	0.
0.776247116628692	12.013172475986213	0.
0.776247116628692	14.114246969103066	0.
0.776247116628692	16.58279425381185	0.
0.776247116628692	19.483084422868817	1.235426654438698e-20
0.776247116628692	22.89062825110902	4.314909409730799e-21
0.776247116628692	26.8941431632577	0.
0.776247116628692	31.597863044705125	1.7113093841270406e-19
0.776247116628692	37.124252032538195	3.4137958819572745e-20
0.776247116628692	43.617192941987966	0.
0.776247116628692	51.2457333408674	6.133036040423689e-20
0.776247116628692	60.208486803268215	1.300917690593461e-19
0.776247116628692	70.73880393176873	1.550886941836573e-19
0.776247116628692	83.11084777878192	1.7306624952619918e-20
0.776247116628692	97.64673184424227	1.0278184073125663e-20
0.776247116628692	103.25991163673443	1.722496894548243e-19
0.776247116628692	106.62708266836707	1.7122323272863726e-20
0.776247116628692	109.99425369999972	8.051806975890503e-20
0.776247116628692	112.23903438775481	1.2241637310518369e-19
0.9120108393559101	0.7756355613243221	0.026348214573367612
0.9120108393559101	0.9112923245240956	0.03563404090351085
0.9120108393559101	1.0706751239185202	0.025548795810146865
0.9120108393559101	1.2579335852264473	0.01213584005675954
0.9120108393559101	1.477943093558869	0.003755105996716166
0.9120108393559101	1.7364317269620797	0.0008499860701404694
0.9120108393559101	2.040129390327172	0.0001200819290615409
0.9120108393559101	2.3969430324556678	5.817378045350746e-6
0.9120108393559101	2.8161625081615056	1.1543893230099988e-6
0.9120108393559101	3.3087024451513263	3.1999719212595698e-9
0.9120108393559101	3.8873864128307356	9.576912439794875e-14
0.9120108393559101	4.56728079153998	9.417984437471548e-21
0.9120108393559101	5.366087034702602	3.8957860839812665e-20
0.9120108393559101	6.304602536664798	0.
0.9120108393559101	7.407262105193026	0.
0.9120108393559101	8.702774136187518	0.
0.9120108393559101	10.224868053797694	0.
0.9120108393559101	12.013172475986213	0.
0.9120108393559101	14.114246969103066	0.
0.9120108393559101	16.58279425381185	0.
0.9120108393559101	19.483084422868817	0.
0.9120108393559101	22.89062825110902	1.238639897930056e-20
0.9120108393559101	26.8941431632577	0.
0.9120108393559101	31.597863044705125	7.66420592507162e-21
0.9120108393559101	37.124252032538195	2.2441219715833324e-20
0.9120108393559101	43.617192941987966	0.
0.9120108393559101	51.2457333408674	5.686067333984941e-20
0.9120108393559101	60.208486803268215	7.175809745241845e-20
0.9120108393559101	70.73880393176873	8.332496716837356e-20
0.9120108393559101	83.11084777878192	0.
0.9120108393559101	97.64673184424227	3.908042561608227e-21
0.9120108393559101	103.25991163673443	1.131008730559838e-19
0.9120108393559101	106.62708266836707	2.3202367369482587e-21
0.9120108393559101	109.99425369999972	3.640748989790296e-20
0.9120108393559101	112.23903438775481	5.932909734818154e-20
1.071519305237607	0.7756355613243221	0.02087726252725461
1.071519305237607	0.9112923245240956	0.02253630338488106
1.071519305237607	1.0706751239185202	0.011206447608509687
1.071519305237607	1.2579335852264473	0.0026771572728499686
1.071519305237607	1.477943093558869	0.00037532649137722715
1.071519305237607	1.7364317269620797	0.00001956907379915271
1.071519305237607	2.040129390327172	7.402225949115624e-7
1.071519305237607	2.3969430324556678	4.3009565672080634e-9
1.071519305237607	2.8161625081615056	4.675449845843607e-10
1.071519305237607	3.3087024451513263	1.8088252627534767e-13
1.071519305237607	3.8873864128307356	0.
1.071519305237607	4.56728079153998	0.
1.071519305237607	5.366087034702602	0.
1.071519305237607	6.304602536664798	0.
1.071519305237607	7.407262105193026	0.
1.071519305237607	8.702774136187518	0.
1.071519305237607	10.224868053797694	0.
1.071519305237607	12.013172475986213	4.4326030648252315e-21
1.071519305237607	14.114246969103066	0.
1.071519305237607	16.58279425381185	2.993825763319637e-21
1.071519305237607	19.483084422868817	8.780539255298377e-21
1.071519305237607	22.89062825110902	1.7699878590877527e-20
1.071519305237607	26.8941431632577	0.
1.071519305237607	31.597863044705125	2.0583217096089918e-19
1.071519305237607	37.124252032538195	1.984543868958197e-20
1.071519305237607	43.617192941987966	0.
1.071519305237607	51.2457333408674	4.935060702672261e-20
1.071519305237607	60.208486803268215	4.0770367314293097e-20
1.071519305237607	70.73880393176873	4.198918762203026e-20
1.071519305237607	83.11084777878192	0.
1.071519305237607	97.64673184424227	0.
1.071519305237607	103.25991163673443	7.447683693804668e-20
1.071519305237607	106.62708266836707	1.5847103102537537e-21
1.071519305237607	109.99425369999972	6.965289886495648e-21
1.071519305237607	112.23903438775481	1.1350531522306546e-20
1.2589254117941675	0.7756355613243221	0.019407920120473203
1.2589254117941675	0.9112923245240956	0.011286708575583069
1.2589254117941675	1.0706751239185202	0.0024133610333038394
1.2589254117941675	1.2579335852264473	0.00019149739505610756
1.2589254117941675	1.477943093558869	0.000012280590949981938
1.2589254117941675	1.7364317269620797	9.910155650355644e-8
1.2589254117941675	2.040129390327172	5.622196142911445e-10
1.2589254117941675	2.3969430324556678	1.4333281206013125e-13
1.2589254117941675	2.8161625081615056	0.
1.2589254117941675	3.3087024451513263	3.3040156177474697e-19
1.2589254117941675	3.8873864128307356	0.
1.2589254117941675	4.56728079153998	0.
1.2589254117941675	5.366087034702602	0.
1.2589254117941675	6.304602536664798	9.71595170857109e-20
1.2589254117941675	7.407262105193026	0.
1.2589254117941675	8.702774136187518	0.
1.2589254117941675	10.224868053797694	0.
1.2589254117941675	12.013172475986213	0.
1.2589254117941675	14.114246969103066	0.
1.2589254117941675	16.58279425381185	0.
1.2589254117941675	19.483084422868817	0.
1.2589254117941675	22.89062825110902	2.5748000265844788e-20
1.2589254117941675	26.8941431632577	3.3451571609729856e-20
1.2589254117941675	31.597863044705125	5.550240577082991e-20
1.2589254117941675	37.124252032538195	1.3490012062134049e-20
1.2589254117941675	43.617192941987966	0.
1.2589254117941675	51.2457333408674	2.542790714372646e-20
1.2589254117941675	60.208486803268215	1.0075634213902175e-20
1.2589254117941675	70.73880393176873	1.5473940635756243e-21
1.2589254117941675	83.11084777878192	0.
1.2589254117941675	97.64673184424227	0.
1.2589254117941675	103.25991163673443	5.8420796024612e-20
1.2589254117941675	106.62708266836707	1.243071558885436e-21
1.2589254117941675	109.99425369999972	0.
1.2589254117941675	112.23903438775481	0.
1.4791083881682088	0.7756355613243221	0.012051257214300339
1.4791083881682088	0.9112923245240956	0.0031373912405883234
1.4791083881682088	1.0706751239185202	0.00013652106357060184
1.4791083881682088	1.2579335852264473	3.3742959700535435e-6
1.4791083881682088	1.477943093558869	2.163361366890739e-8
1.4791083881682088	1.7364317269620797	1.4226074337108026e-11
1.4791083881682088	2.040129390327172	0.
1.4791083881682088	2.3969430324556678	0.
1.4791083881682088	2.8161625081615056	0.
1.4791083881682088	3.3087024451513263	2.725347210938336e-19
1.4791083881682088	3.8873864128307356	3.3435926618252966e-19
1.4791083881682088	4.56728079153998	0.
1.4791083881682088	5.366087034702602	0.
1.4791083881682088	6.304602536664798	4.6604679409273845e-21
1.4791083881682088	7.407262105193026	5.160794372442531e-20
1.4791083881682088	8.702774136187518	0.
1.4791083881682088	10.224868053797694	1.0615393785053157e-21
1.4791083881682088	12.013172475986213	3.2471777094997628e-21
1.4791083881682088	14.114246969103066	0.
1.4791083881682088	16.58279425381185	0.
1.4791083881682088	19.483084422868817	4.002364106955787e-21
1.4791083881682088	22.89062825110902	0.
1.4791083881682088	26.8941431632577	0.
1.4791083881682088	31.597863044705125	8.302158951414018e-20
1.4791083881682088	37.124252032538195	6.886360134740816e-21
1.4791083881682088	43.617192941987966	0.
1.4791083881682088	51.2457333408674	2.1141014673956985e-20
1.4791083881682088	60.208486803268215	0.
1.4791083881682088	70.73880393176873	0.
1.4791083881682088	83.11084777878192	0.
1.4791083881682088	97.64673184424227	0.
1.4791083881682088	103.25991163673443	6.656523872090315e-20
1.4791083881682088	106.62708266836707	1.4163681547494603e-21
1.4791083881682088	109.99425369999972	0.
1.4791083881682088	112.23903438775481	0.
1.7378008287493762	0.7756355613243221	0.005340707396641099
1.7378008287493762	0.9112923245240956	0.00035858696246209563
1.7378008287493762	1.0706751239185202	1.7584428327855685e-6
1.7378008287493762	1.2579335852264473	1.0598587158736448e-8
1.7378008287493762	1.477943093558869	1.931529964660105e-12
1.7378008287493762	1.7364317269620797	1.4866050166279398e-18
1.7378008287493762	2.040129390327172	0.
1.7378008287493762	2.3969430324556678	0.
1.7378008287493762	2.8161625081615056	3.9002389055794647e-20
1.7378008287493762	3.3087024451513263	1.4539731883418895e-21
1.7378008287493762	3.8873864128307356	0.
1.7378008287493762	4.56728079153998	0.
1.7378008287493762	5.366087034702602	0.
1.7378008287493762	6.304602536664798	0.
1.7378008287493762	7.407262105193026	1.6025386427035416e-20
1.7378008287493762	8.702774136187518	0.
1.7378008287493762	10.224868053797694	6.806395280674313e-20
1.7378008287493762	12.013172475986213	0.
1.7378008287493762	14.114246969103066	0.
1.7378008287493762	16.58279425381185	4.995878393195069e-20
1.7378008287493762	19.483084422868817	1.9225215154144277e-21
1.7378008287493762	22.89062825110902	6.697231919702845e-20
1.7378008287493762	26.8941431632577	0.
1.7378008287493762	31.597863044705125	6.594362916092233e-20
1.7378008287493762	37.124252032538195	3.519653647952019e-21
1.7378008287493762	43.617192941987966	0.
1.7378008287493762	51.2457333408674	6.6014432930373095e-21
1.7378008287493762	60.208486803268215	0.
1.7378008287493762	70.73880393176873	0.
1.7378008287493762	83.11084777878192	0.
1.7378008287493762	97.64673184424227	0.
1.7378008287493762	103.25991163673443	4.637380670145861e-20
1.7378008287493762	106.62708266836707	9.867369859792473e-22
1.7378008287493762	109.99425369999972	0.
1.7378008287493762	112.23903438775481	0.
2.0417379446695296	0.7756355613243221	0.0016862600540450065
2.0417379446695296	0.9112923245240956	0.00003888747876155877
2.0417379446695296	1.0706751239185202	1.1725039299794966e-9
2.0417379446695296	1.2579335852264473	1.5707939702230592e-18
2.0417379446695296	1.477943093558869	5.704737503248254e-19
2.0417379446695296	1.7364317269620797	2.447203303821513e-19
2.0417379446695296	2.040129390327172	1.8035216892870506e-20
2.0417379446695296	2.3969430324556678	0.
2.0417379446695296	2.8161625081615056	8.477950137775429e-20
2.0417379446695296	3.3087024451513263	0.
2.0417379446695296	3.8873864128307356	0.
2.0417379446695296	4.56728079153998	0.
2.0417379446695296	5.366087034702602	0.
2.0417379446695296	6.304602536664798	0.
2.0417379446695296	7.407262105193026	4.0140688018987136e-22
2.0417379446695296	8.702774136187518	0.
2.0417379446695296	10.224868053797694	1.975064220962783e-20
2.0417379446695296	12.013172475986213	8.146519733710932e-22
2.0417379446695296	14.114246969103066	0.
2.0417379446695296	16.58279425381185	0.
2.0417379446695296	19.483084422868817	3.89099066523308e-21
2.0417379446695296	22.89062825110902	1.9579882714170743e-20
2.0417379446695296	26.8941431632577	0.
2.0417379446695296	31.597863044705125	3.8093702597898155e-20
2.0417379446695296	37.124252032538195	6.434600259787271e-21
2.0417379446695296	43.617192941987966	0.
2.0417379446695296	51.2457333408674	4.248426856985763e-22
2.0417379446695296	60.208486803268215	0.
2.0417379446695296	70.73880393176873	0.
2.0417379446695296	83.11084777878192	0.
2.0417379446695296	97.64673184424227	0.
2.0417379446695296	103.25991163673443	2.4273017098920225e-20
2.0417379446695296	106.62708266836707	5.1647870719351445e-22
2.0417379446695296	109.99425369999972	0.
2.0417379446695296	112.23903438775481	0.
2.194703763810877	0.7756355613243221	0.001046762523706285
2.194703763810877	0.9112923245240956	0.000021226237822682422
2.194703763810877	1.0706751239185202	3.183675909152159e-11
2.194703763810877	1.2579335852264473	5.812131111519377e-19
2.194703763810877	1.477943093558869	9.3397746412444e-19
2.194703763810877	1.7364317269620797	1.814332730175244e-18
2.194703763810877	2.040129390327172	1.3866252920319725e-19
2.194703763810877	2.3969430324556678	0.
2.194703763810877	2.8161625081615056	1.9373282274100812e-20
2.194703763810877	3.3087024451513263	0.
2.194703763810877	3.8873864128307356	1.6190792611984064e-20
2.194703763810877	4.56728079153998	8.369244491115945e-22
2.194703763810877	5.366087034702602	1.3355102027665185e-20
2.194703763810877	6.304602536664798	2.0319337380862176e-20
2.194703763810877	7.407262105193026	1.5090617258665617e-20
2.194703763810877	8.702774136187518	6.167222470396652e-21
2.194703763810877	10.224868053797694	1.2794791201310514e-19
2.194703763810877	12.013172475986213	5.728030863069005e-20
2.194703763810877	14.114246969103066	0.
2.194703763810877	16.58279425381185	1.111108153629328e-20
2.194703763810877	19.483084422868817	2.5206478148663535e-20
2.194703763810877	22.89062825110902	1.2684170388740212e-19
2.194703763810877	26.8941431632577	1.1932060877676608e-20
2.194703763810877	31.597863044705125	9.044030156468868e-20
2.194703763810877	37.124252032538195	1.947350295145816e-21
2.194703763810877	43.617192941987966	0.
2.194703763810877	51.2457333408674	1.102189024469114e-21
2.194703763810877	60.208486803268215	0.
2.194703763810877	70.73880393176873	0.
2.194703763810877	83.11084777878192	0.
2.194703763810877	97.64673184424227	0.
2.194703763810877	103.25991163673443	1.7551368414879162e-20
2.194703763810877	106.62708266836707	3.7345617281327253e-22
2.194703763810877	109.99425369999972	0.
2.194703763810877	112.23903438775481	0.
2.266270190891666	0.7756355613243221	0.0009413757077743922
2.266270190891666	0.9112923245240956	0.000019165607712823468
2.266270190891666	1.0706751239185202	1.9224425608376275e-11
2.266270190891666	1.2579335852264473	6.955645259962717e-19
2.266270190891666	1.477943093558869	1.3553083648366005e-18
2.266270190891666	1.7364317269620797	1.6338674672196896e-18
2.266270190891666	2.040129390327172	1.353178666262348e-19
2.266270190891666	2.3969430324556678	0.
2.266270190891666	2.8161625081615056	5.832629680316038e-20
2.266270190891666	3.3087024451513263	0.
2.266270190891666	3.8873864128307356	4.874491384598531e-20
2.266270190891666	4.56728079153998	2.5196919721735708e-21
2.266270190891666	5.366087034702602	4.020762376148481e-20
2.266270190891666	6.304602536664798	6.117454369124062e-20
2.266270190891666	7.407262105193026	3.9152955901517184e-20
2.266270190891666	8.702774136187518	1.8567387971234746e-20
2.266270190891666	10.224868053797694	7.622330000979658e-20
2.266270190891666	12.013172475986213	1.5970671355050215e-19
2.266270190891666	14.114246969103066	0.
2.266270190891666	16.58279425381185	3.345164904536218e-20
2.266270190891666	19.483084422868817	1.5016430638736568e-20
2.266270190891666	22.89062825110902	7.556429094499761e-20
2.266270190891666	26.8941431632577	3.592333577646413e-20
2.266270190891666	31.597863044705125	7.417955300945525e-20
2.266270190891666	37.124252032538195	5.862802682962949e-21
2.266270190891666	43.617192941987966	0.
2.266270190891666	51.2457333408674	2.2121254442624112e-21
2.266270190891666	60.208486803268215	0.
2.266270190891666	70.73880393176873	0.
2.266270190891666	83.11084777878192	0.
2.266270190891666	97.64673184424227	0.
2.266270190891666	103.25991163673443	1.5462070912259815e-20
2.266270190891666	106.62708266836707	3.290003200983878e-22
2.266270190891666	109.99425369999972	0.
2.266270190891666	112.23903438775481	0.
2.361692093666052	0.7756355613243221	0.0008141296702852242
2.361692093666052	0.9112923245240956	0.000016676459200330634
2.361692093666052	1.0706751239185202	4.132070297045827e-12
2.361692093666052	1.2579335852264473	8.3113512935722655e-19
2.361692093666052	1.477943093558869	1.85657972637822e-18
2.361692093666052	1.7364317269620797	1.4159384869755086e-18
2.361692093666052	2.040129390327172	1.311259666971343e-19
2.361692093666052	2.3969430324556678	0.
2.361692093666052	2.8161625081615056	1.0476748708956022e-19
2.361692093666052	3.3087024451513263	0.
2.361692093666052	3.8873864128307356	8.755711251951584e-20
2.361692093666052	4.56728079153998	4.525948168032149e-21
2.361692093666052	5.366087034702602	7.222216965958662e-20
2.361692093666052	6.304602536664798	1.0988359569631575e-19
2.361692093666052	7.407262105193026	6.783639832285625e-20
2.361692093666052	8.702774136187518	3.3351312978570387e-20
2.361692093666052	10.224868053797694	1.4331648220343197e-20
2.361692093666052	12.013172475986213	2.8181394451214973e-19
2.361692093666052	14.114246969103066	0.
2.361692093666052	16.58279425381185	6.008688021651641e-20
2.361692093666052	19.483084422868817	2.823417529966508e-21
2.361692093666052	22.89062825110902	1.420774009658704e-20
2.361692093666052	26.8941431632577	6.45265998950016e-20
2.361692093666052	31.597863044705125	5.464947497008012e-20
2.361692093666052	37.124252032538195	1.0530946383736088e-20
2.361692093666052	43.617192941987966	0.
2.361692093666052	51.2457333408674	3.534630846630983e-21
2.361692093666052	60.208486803268215	0.
2.361692093666052	70.73880393176873	0.
2.361692093666052	83.11084777878192	0.
2.361692093666052	97.64673184424227	0.
2.361692093666052	103.25991163673443	1.2944072848779392e-20
2.361692093666052	106.62708266836707	2.7542262189786225e-22
2.361692093666052	109.99425369999972	0.
2.361692093666052	112.23903438775481	0.