0.00001	0.547356931926266	6.045893205273996e-17
0.00001	0.6430883209993724	2.6252812265098584e-17
0.00001	0.75556289595233	0.
0.00001	0.8877089990574226	0.
0.00001	1.042967132490383	2.1351093666094694e-17
0.00001	1.2253795338452433	2.2130529878001952e-18
0.00001	1.439695418187717	6.263379927235299e-11
0.00001	1.6914946266863922	6.309904408972629e-9
0.00001	1.9873329010871945	4.013163176946527e-9
0.00001	2.334912566338227	0.000011626383346815051
0.00001	2.743283065188365	9.564087353742314e-6
0.00001	3.2230765657968274	5.615689620835985e-6
0.00001	3.786784776537589	0.00010914394399605863
0.00001	4.449084175036247	0.00024017140646735992
0.00001	5.22721811897024	0.00002375276859699961
0.00001	6.1414457871137405	0.00010119977250773568
0.00001	7.2155696390736095	0.00023875413544078073
0.00001	8.477555126443487	0.00009242957136324517
0.00001	9.96025878992353	0.00015418869347241288
0.00001	11.702283698846108	0.0001848533668767391
0.00001	13.748984504983008	0.00025859278519669237
0.00001	16.153648277806017	0.00026550982131736664
0.00001	18.978881864947425	0.00012393531368359685
0.00001	22.29824189861291	0.00008473683238181294
0.00001	26.198149886130484	0.00021680679374781403
0.00001	30.780142245154025	0.0001987577823904123
0.00001	36.16351386452239	0.00010332203352782338
0.00001	42.48842401744912	0.00012523416535476222
0.00001	49.91954549133496	0.00008119177423549126
0.00001	58.65035194146207	0.0000643360309549293
0.00001	60.1727777177948	0.00006360970530225111
0.00001	62.13493351294028	0.000057457059639821506
0.00001	64.75114123980093	0.0000491440495282846
0.00003	0.547356931926266	1.813767961582199e-16
0.00003	0.6430883209993724	7.875843679529576e-17
0.00003	0.75556289595233	0.
0.00003	0.8877089990574226	0.
0.00003	1.042967132490383	6.405328099828409e-17
0.00003	1.2253795338452433	6.6391589634005865e-18
0.00003	1.439695418187717	1.87901397817059e-10
0.00003	1.6914946266863922	1.892971322691789e-8
0.00003	1.9873329010871945	1.2039489530839581e-8
0.00003	2.334912566338227	0.00003487915004044515
0.00003	2.743283065188365	0.000028692262061226946
0.00003	3.2230765657968274	0.000016847068862507957
0.00003	3.786784776537589	0.00032743183198817593
0.00003	4.449084175036247	0.0007205142194020797
0.00003	5.22721811897024	0.00007125830579099883
0.00003	6.1414457871137405	0.00030359931752320705
0.00003	7.2155696390736095	0.0007162624063223423
0.00003	8.477555126443487	0.0002772887140897355
0.00003	9.96025878992353	0.00046256608041723865
0.00003	11.702283698846108	0.0005545601006302173
0.00003	13.748984504983008	0.0007757783555900772
0.00003	16.153648277806017	0.0007965294639520999
0.00003	18.978881864947425	0.0003718059410507906
0.00003	22.29824189861291	0.0002542104971454388
0.00003	26.198149886130484	0.0006504203812434421
0.00003	30.780142245154025	0.000596273347171237
0.00003	36.16351386452239	0.00030996610058347016
0.00003	42.48842401744912	0.00037570249606428666
0.00003	49.91954549133496	0.00024357532270647382
0.00003	58.65035194146207	0.0001930080928647879
0.00003	60.1727777177948	0.00019082911590675338
0.00003	62.13493351294028	0.00017237117891946452
0.00003	64.75114123980093	0.0001474321485848538
0.00006	0.547356931926266	3.627535923164398e-16
0.00006	0.6430883209993724	1.5751687359059151e-16
0.00006	0.75556289595233	0.
0.00006	0.8877089990574226	0.
0.00006	1.042967132490383	1.2810656199656818e-16
0.00006	1.2253795338452433	1.3278317926801173e-17
0.00006	1.439695418187717	3.75802795634118e-10
0.00006	1.6914946266863922	3.785942645383578e-8
0.00006	1.9873329010871945	2.4078979061679162e-8
0.00006	2.334912566338227	0.0000697583000808903
0.00006	2.743283065188365	0.00005738452412245389
0.00006	3.2230765657968274	0.000033694137725015914
0.00006	3.786784776537589	0.0006548636639763519
0.00006	4.449084175036247	0.0014410284388041595
0.00006	5.22721811897024	0.00014251661158199767
0.00006	6.1414457871137405	0.0006071986350464141
0.00006	7.2155696390736095	0.0014325248126446845
0.00006	8.477555126443487	0.000554577428179471
0.00006	9.96025878992353	0.0009251321608344773
0.00006	11.702283698846108	0.0011091202012604346
0.00006	13.748984504983008	0.0015515567111801544
0.00006	16.153648277806017	0.0015930589279041997
0.00006	18.978881864947425	0.0007436118821015812
0.00006	22.29824189861291	0.0005084209942908776
0.00006	26.198149886130484	0.0013008407624868841
0.00006	30.780142245154025	0.001192546694342474
0.00006	36.16351386452239	0.0006199322011669403
0.00006	42.48842401744912	0.0007514049921285733
0.00006	49.91954549133496	0.00048715064541294764
0.00006	58.65035194146207	0.0003860161857295758
0.00006	60.1727777177948	0.00038165823181350676
0.00006	62.13493351294028	0.00034474235783892905
0.00006	64.75114123980093	0.0002948642971697076
0.0001	0.547356931926266	6.045893205273996e-16
0.0001	0.6430883209993724	2.6252812265098585e-16
0.0001	0.75556289595233	0.
0.0001	0.8877089990574226	0.
0.0001	1.042967132490383	2.1351093666094695e-16
0.0001	1.2253795338452433	2.2130529878001954e-17
0.0001	1.439695418187717	6.263379927235299e-10
0.0001	1.6914946266863922	6.30990440897263e-8
0.0001	1.9873329010871945	4.013163176946527e-8
0.0001	2.334912566338227	0.00011626383346815052
0.0001	2.743283065188365	0.00009564087353742314
0.0001	3.2230765657968274	0.00005615689620835985
0.0001	3.786784776537589	0.0010914394399605864
0.0001	4.449084175036247	0.002401714064673599
0.0001	5.22721811897024	0.0002375276859699961
0.0001	6.1414457871137405	0.0010119977250773568
0.0001	7.2155696390736095	0.0023875413544078073
0.0001	8.477555126443487	0.0009242957136324517
0.0001	9.96025878992353	0.001541886934724129
0.0001	11.702283698846108	0.001848533668767391
0.0001	13.748984504983008	0.002585927851966924
0.0001	16.153648277806017	0.002655098213173666
0.0001	18.978881864947425	0.0012393531368359687
0.0001	22.29824189861291	0.0008473683238181294
0.0001	26.198149886130484	0.0021680679374781403
0.0001	30.780142245154025	0.0019875778239041232
0.0001	36.16351386452239	0.0010332203352782338
0.0001	42.48842401744912	0.0012523416535476222
0.0001	49.91954549133496	0.0008119177423549127
0.0001	58.65035194146207	0.000643360309549293
0.0001	60.1727777177948	0.0006360970530225113
0.0001	62.13493351294028	0.000574570596398215
0.0001	64.75114123980093	0.000491440495282846
0.0003	0.547356931926266	1.813767961582199e-15
0.0003	0.6430883209993724	7.875843679529574e-16
0.0003	0.75556289595233	0.
0.0003	0.8877089990574226	0.
0.0003	1.042967132490383	6.405328099828408e-16
0.0003	1.2253795338452433	6.639158963400585e-17
0.0003	1.439695418187717	1.8790139781705896e-9
0.0003	1.6914946266863922	1.8929713226917885e-7
0.0003	1.9873329010871945	1.203948953083958e-7
0.0003	2.334912566338227	0.00034879150040445153
0.0003	2.743283065188365	0.0002869226206122694
0.0003	3.2230765657968274	0.00016847068862507953
0.0003	3.786784776537589	0.0032743183198817587
0.0003	4.449084175036247	0.007205142194020797
0.0003	5.22721811897024	0.0007125830579099883
0.0003	6.1414457871137405	0.00303599317523207
0.0003	7.2155696390736095	0.0071626240632234215
0.0003	8.477555126443487	0.002772887140897355
0.0003	9.96025878992353	0.004625660804172386
0.0003	11.702283698846108	0.005545601006302172
0.0003	13.748984504983008	0.007757783555900771
0.0003	16.153648277806017	0.007965294639520998
0.0003	18.978881864947425	0.0037180594105079056
0.0003	22.29824189861291	0.0025421049714543877
0.0003	26.198149886130484	0.00650420381243442
0.0003	30.780142245154025	0.005962733471712369
0.0003	36.16351386452239	0.0030996610058347013
0.0003	42.48842401744912	0.0037570249606428663
0.0003	49.91954549133496	0.002435753227064738
0.0003	58.65035194146207	0.001930080928647879
0.0003	60.1727777177948	0.0019082911590675333
0.0003	62.13493351294028	0.0017237117891946451
0.0003	64.75114123980093	0.001474321485848538
0.0006	0.547356931926266	3.627535923164398e-15
0.0006	0.6430883209993724	1.5751687359059148e-15
0.0006	0.75556289595233	0.
0.0006	0.8877089990574226	0.
0.0006	1.042967132490383	1.2810656199656815e-15
0.0006	1.2253795338452433	1.327831792680117e-16
0.0006	1.439695418187717	3.758027956341179e-9
0.0006	1.6914946266863922	3.785942645383577e-7
0.0006	1.9873329010871945	2.407897906167916e-7
0.0006	2.334912566338227	0.0006975830008089031
0.0006	2.743283065188365	0.0005738452412245388
0.0006	3.2230765657968274	0.00033694137725015906
0.0006	3.786784776537589	0.006548636639763517
0.0006	4.449084175036247	0.014410284388041594
0.0006	5.22721811897024	0.0014251661158199765
0.0006	6.1414457871137405	0.00607198635046414
0.0006	7.2155696390736095	0.014325248126446843
0.0006	8.477555126443487	0.00554577428179471
0.0006	9.96025878992353	0.009251321608344772
0.0006	11.702283698846108	0.011091202012604344
0.0006	13.748984504983008	0.015515567111801541
0.0006	16.153648277806017	0.015930589279041996
0.0006	18.978881864947425	0.007436118821015811
0.0006	22.29824189861291	0.0050842099429087755
0.0006	26.198149886130484	0.01300840762486884
0.0006	30.780142245154025	0.011925466943424739
0.0006	36.16351386452239	0.006199322011669403
0.0006	42.48842401744912	0.007514049921285733
0.0006	49.91954549133496	0.004871506454129476
0.0006	58.65035194146207	0.003860161857295758
0.0006	60.1727777177948	0.0038165823181350667
0.0006	62.13493351294028	0.0034474235783892903
0.0006	64.75114123980093	0.002948642971697076
0.001	0.547356931926266	6.045893205273996e-15
0.001	0.6430883209993724	2.625281226509858e-15
0.001	0.75556289595233	0.
0.001	0.8877089990574226	0.
0.001	1.042967132490383	2.1351093666094693e-15
0.001	1.2253795338452433	2.2130529878001953e-16
0.001	1.439695418187717	6.263379927235299e-9
0.001	1.6914946266863922	6.309904408972629e-7
0.001	1.9873329010871945	4.013163176946527e-7
0.001	2.334912566338227	0.001162638334681505
0.001	2.743283065188365	0.0009564087353742314
0.001	3.2230765657968274	0.0005615689620835985
0.001	3.786784776537589	0.010914394399605863
0.001	4.449084175036247	0.02401714064673599
0.001	5.22721811897024	0.002375276859699961
0.001	6.1414457871137405	0.010119977250773567
0.001	7.2155696390736095	0.023875413544078072
0.001	8.477555126443487	0.009242957136324517
0.001	9.96025878992353	0.015418869347241288
0.001	11.702283698846108	0.01848533668767391
0.001	13.748984504983008	0.025859278519669238
0.001	16.153648277806017	0.02655098213173666
0.001	18.978881864947425	0.012393531368359686
0.001	22.29824189861291	0.008473683238181293
0.001	26.198149886130484	0.0216806793747814
0.001	30.780142245154025	0.01987577823904123
0.001	36.16351386452239	0.010332203352782338
0.001	42.48842401744912	0.012523416535476221
0.001	49.91954549133496	0.008119177423549126
0.001	58.65035194146207	0.00643360309549293
0.001	60.1727777177948	0.006360970530225112
0.001	62.13493351294028	0.0057457059639821504
0.001	64.75114123980093	0.00491440495282846
0.002	0.547356931926266	3.134697163699757e-15
0.002	0.6430883209993724	1.8867781560364285e-15
0.002	0.75556289595233	3.4347838160981467e-15
0.002	0.8877089990574226	3.0425755251799e-16
0.002	1.042967132490383	0.000018587297071311273
0.002	1.2253795338452433	0.002164128294919647
0.002	1.439695418187717	0.00015500204140882546
0.002	1.6914946266863922	0.010121562042117723
0.002	1.9873329010871945	0.00007021051078858487
0.002	2.334912566338227	0.010965012365502185
0.002	2.743283065188365	0.013745566895399764
0.002	3.2230765657968274	0.02535687934108711
0.002	3.786784776537589	0.016382506422419008
0.002	4.449084175036247	0.0175067836291797
0.002	5.22721811897024	0.03364942759554676
0.002	6.1414457871137405	0.018102087623085756
0.002	7.2155696390736095	0.03532991732856007
0.002	8.477555126443487	0.042443377797585835
0.002	9.96025878992353	0.040558132985128004
0.002	11.702283698846108	0.05159775242784193
0.002	13.748984504983008	0.052577465582695854
0.002	16.153648277806017	0.04510685231255762
0.002	18.978881864947425	0.04316903203090134
0.002	22.29824189861291	0.041467341719069045
0.002	26.198149886130484	0.035458429662439395
0.002	30.780142245154025	0.025160328476395145
0.002	36.16351386452239	0.02396625002138933
0.002	42.48842401744912	0.024085587866673343
0.002	49.91954549133496	0.013769172744352423
0.002	58.65035194146207	0.017526715356192563
0.002	60.1727777177948	0.014879861842959034
0.002	62.13493351294028	0.010576807862260434
0.002	64.75114123980093	0.007288570769304012
0.004	0.547356931926266	8.630231969663444e-6
0.004	0.6430883209993724	0.00003061954599325428
0.004	0.75556289595233	0.000010122560955196286
0.004	0.8877089990574226	0.00006590768672942088
0.004	1.042967132490383	0.00011379899585113701
0.004	1.2253795338452433	0.001362156815187833
0.004	1.439695418187717	0.01715528786417963
0.004	1.6914946266863922	0.023666737221780913
0.004	1.9873329010871945	0.046880016429585426
0.004	2.334912566338227	0.01768487455451348
0.004	2.743283065188365	0.024357460702052573
0.004	3.2230765657968274	0.039724345081646975
0.004	3.786784776537589	0.026497985054259852
0.004	4.449084175036247	0.054147558353816835
0.004	5.22721811897024	0.057982016317728854
0.004	6.1414457871137405	0.058751720891362214
0.004	7.2155696390736095	0.08026469258280688
0.004	8.477555126443487	0.08338559608784178
0.004	9.96025878992353	0.09827249940617067
0.004	11.702283698846108	0.10059655511634279
0.004	13.748984504983008	0.09014834681288099
0.004	16.153648277806017	0.09763623034595452
0.004	18.978881864947425	0.08577256493636314
0.004	22.29824189861291	0.08063727140931808
0.004	26.198149886130484	0.07168958938917587
0.004	30.780142245154025	0.06157889046989781
0.004	36.16351386452239	0.050682510135930336
0.004	42.48842401744912	0.03368886044788792
0.004	49.91954549133496	0.023773826196500602
0.004	58.65035194146207	0.0120124519467527
0.004	60.1727777177948	0.00926777446327802
0.004	62.13493351294028	0.006444354151635859
0.004	64.75114123980093	0.004837384629794386
0.006	0.547356931926266	0.03131055171529164
0.006	0.6430883209993724	0.01516145343427539
0.006	0.75556289595233	0.004254807512289444
0.006	0.8877089990574226	0.009155442511354668
0.006	1.042967132490383	0.015528993005233848
0.006	1.2253795338452433	0.0069719743468236615
0.006	1.439695418187717	0.01739409131666159
0.006	1.6914946266863922	0.015379289221407287
0.006	1.9873329010871945	0.021686706334058288
0.006	2.334912566338227	0.06069513451577874
0.006	2.743283065188365	0.0449755789968022
0.006	3.2230765657968274	0.06684869772748171
0.006	3.786784776537589	0.053288133214006446
0.006	4.449084175036247	0.07469819235952095
0.006	5.22721811897024	0.07796696521841397
0.006	6.1414457871137405	0.08220984419392804
0.006	7.2155696390736095	0.11646181774615316
0.006	8.477555126443487	0.12526218868320763
0.006	9.96025878992353	0.1243143610826645
0.006	11.702283698846108	0.1415184922263637
0.006	13.748984504983008	0.14207473899434978
0.006	16.153648277806017	0.13694046575048646
0.006	18.978881864947425	0.12307778196874766
0.006	22.29824189861291	0.11572303830756185
0.006	26.198149886130484	0.09594521649970955
0.006	30.780142245154025	0.08147152149476078
0.006	36.16351386452239	0.05952617374939435
0.006	42.48842401744912	0.04514023835043995
0.006	49.91954549133496	0.02897261275838313
0.006	58.65035194146207	0.014279308395508927
0.006	60.1727777177948	0.011804801023515846
0.006	62.13493351294028	0.008225112380965726
0.006	64.75114123980093	0.005651586075987099
0.008	0.547356931926266	0.002344902690992657
0.008	0.6430883209993724	0.000413551804893789
0.008	0.75556289595233	0.0001559964281352979
0.008	0.8877089990574226	0.008904030803728601
0.008	1.042967132490383	0.019085747862020306
0.008	1.2253795338452433	0.012323638535818644
0.008	1.439695418187717	0.024595219955850667
0.008	1.6914946266863922	0.02923278874774592
0.008	1.9873329010871945	0.05766053760552391
0.008	2.334912566338227	0.05330622004701469
0.008	2.743283065188365	0.045991893029154955
0.008	3.2230765657968274	0.05703417369992393
0.008	3.786784776537589	0.07507426086219597
0.008	4.449084175036247	0.10030341985752043
0.008	5.22721811897024	0.11619913809061791
0.008	6.1414457871137405	0.11434232374646586
0.008	7.2155696390736095	0.14928997790572207
0.008	8.477555126443487	0.1539423833012239
0.008	9.96025878992353	0.15237706073419477
0.008	11.702283698846108	0.18177872072785756
0.008	13.748984504983008	0.18645335328234744
0.008	16.153648277806017	0.18265551122872756
0.008	18.978881864947425	0.16745798184145042
0.008	22.29824189861291	0.13627935930165722
0.008	26.198149886130484	0.11081248150165872
0.008	30.780142245154025	0.09479712049037403
0.008	36.16351386452239	0.07019585946985751
0.008	42.48842401744912	0.05150042019398949
0.008	49.91954549133496	0.030584473333169406
0.008	58.65035194146207	0.009555659912588806
0.008	60.1727777177948	0.007600958496752139
0.008	62.13493351294028	0.005510008193296197
0.008	64.75114123980093	0.004309623478896726
0.01	0.547356931926266	2.8137600860658826e-6
0.01	0.6430883209993724	1.941866471712968e-6
0.01	0.75556289595233	0.004107864556367321
0.01	0.8877089990574226	0.000829069776796369
0.01	1.042967132490383	0.017942622922349667
0.01	1.2253795338452433	0.030354724331730924
0.01	1.439695418187717	0.020345162434214137
0.01	1.6914946266863922	0.028571424633767536
0.01	1.9873329010871945	0.052881560683577494
0.01	2.334912566338227	0.06295423066426317
0.01	2.743283065188365	0.07026579286249728
0.01	3.2230765657968274	0.08925754195551143
0.01	3.786784776537589	0.10908877613911153
0.01	4.449084175036247	0.10453151716061303
0.01	5.22721811897024	0.11791411248497902
0.01	6.1414457871137405	0.16189215967818574
0.01	7.2155696390736095	0.201374572912001
0.01	8.477555126443487	0.18057877652840698
0.01	9.96025878992353	0.20856644090820073
0.01	11.702283698846108	0.226627546131661
0.01	13.748984504983008	0.21337619972653904
0.01	16.153648277806017	0.2106597024642495
0.01	18.978881864947425	0.18881709011040282
0.01	22.29824189861291	0.1585319217071369
0.01	26.198149886130484	0.1186131739918491
0.01	30.780142245154025	0.10171066825991854
0.01	36.16351386452239	0.07161880370066365
0.01	42.48842401744912	0.04506314068103063
0.01	49.91954549133496	0.026404915590436975
0.01	58.65035194146207	0.007453670254575655
0.01	60.1727777177948	0.005243942775389249
0.01	62.13493351294028	0.003086072238095361
0.01	64.75114123980093	0.0019378672564187138
0.011748975549395297	0.547356931926266	1.4773536515610377e-10
0.011748975549395297	0.6430883209993724	0.000010864283907141048
0.011748975549395297	0.75556289595233	0.014598949181113952
0.011748975549395297	0.8877089990574226	0.0028943175251031953
0.011748975549395297	1.042967132490383	0.022416057078859214
0.011748975549395297	1.2253795338452433	0.03321497259157278
0.011748975549395297	1.439695418187717	0.04112369564754969
0.011748975549395297	1.6914946266863922	0.042490889107324625
0.011748975549395297	1.9873329010871945	0.06910663567392458
0.011748975549395297	2.334912566338227	0.07831834156738207
0.011748975549395297	2.743283065188365	0.10708568725517172
0.011748975549395297	3.2230765657968274	0.09788369498606778
0.011748975549395297	3.786784776537589	0.13756707137899576
0.011748975549395297	4.449084175036247	0.13375628332140244
0.011748975549395297	5.22721811897024	0.15112713553337698
0.011748975549395297	6.1414457871137405	0.19447925445523864
0.011748975549395297	7.2155696390736095	0.20457692453835402
0.011748975549395297	8.477555126443487	0.2032403307937481
0.011748975549395297	9.96025878992353	0.2481037414408113
0.011748975549395297	11.702283698846108	0.26344630718312356
0.011748975549395297	13.748984504983008	0.2289477734832187
0.011748975549395297	16.153648277806017	0.2312535951326518
0.011748975549395297	18.978881864947425	0.2043470546392815
0.011748975549395297	22.29824189861291	0.17885930722171176
0.011748975549395297	26.198149886130484	0.1327284395281161
0.011748975549395297	30.780142245154025	0.10067686269485565
0.011748975549395297	36.16351386452239	0.07135978366292228
0.011748975549395297	42.48842401744912	0.03899830163178162
0.011748975549395297	49.91954549133496	0.019906296058199283
0.011748975549395297	58.65035194146207	0.004723173975992976
0.011748975549395297	60.1727777177948	0.00315194285320734
0.011748975549395297	62.13493351294028	0.0018031276759329592
0.011748975549395297	64.75114123980093	0.0011580989176808885
0.013803842646028852	0.547356931926266	9.404367436366717e-9
0.013803842646028852	0.6430883209993724	0.0003388330280158936
0.013803842646028852	0.75556289595233	0.011102970861485041
0.013803842646028852	0.8877089990574226	0.0117093191596293
0.013803842646028852	1.042967132490383	0.031194390654032695
0.013803842646028852	1.2253795338452433	0.029117356987805917
0.013803842646028852	1.439695418187717	0.058970926972084
0.013803842646028852	1.6914946266863922	0.060865855595031416
0.013803842646028852	1.9873329010871945	0.08567309335069831
0.013803842646028852	2.334912566338227	0.097331727104762
0.013803842646028852	2.743283065188365	0.1196541157848841
0.013803842646028852	3.2230765657968274	0.11031254351196232
0.013803842646028852	3.786784776537589	0.1491389616557518
0.013803842646028852	4.449084175036247	0.14923628759401036
0.013803842646028852	5.22721811897024	0.1909101755595069
0.013803842646028852	6.1414457871137405	0.21259266322213127
0.013803842646028852	7.2155696390736095	0.2537129294754751
0.013803842646028852	8.477555126443487	0.2639932850468336
0.013803842646028852	9.96025878992353	0.2792691025520672
0.013803842646028852	11.702283698846108	0.2818217863452386
0.013803842646028852	13.748984504983008	0.26450220826712817
0.013803842646028852	16.153648277806017	0.24942468002956786
0.013803842646028852	18.978881864947425	0.22576971956154063
0.013803842646028852	22.29824189861291	0.1798311678851083
0.013803842646028852	26.198149886130484	0.1413537236938176
0.013803842646028852	30.780142245154025	0.10033177089180532
0.013803842646028852	36.16351386452239	0.06386910371742402
0.013803842646028852	42.48842401744912	0.03467340680380708
0.013803842646028852	49.91954549133496	0.013608524594195369
0.013803842646028852	58.65035194146207	0.002484201234212151
0.013803842646028852	60.1727777177948	0.0016245772817056218
0.013803842646028852	62.13493351294028	0.0010320058400267217
0.013803842646028852	64.75114123980093	0.0008213494057210925
0.0162181009735893	0.547356931926266	5.611578345332282e-6
0.0162181009735893	0.6430883209993724	0.00175912125586695
0.0162181009735893	0.75556289595233	0.010644773309007012
0.0162181009735893	0.8877089990574226	0.01891163566076054
0.0162181009735893	1.042967132490383	0.02701421527327338
0.0162181009735893	1.2253795338452433	0.03920566543019861
0.0162181009735893	1.439695418187717	0.049163484881738564
0.0162181009735893	1.6914946266863922	0.08071702500375522
0.0162181009735893	1.9873329010871945	0.0808028189209768
0.0162181009735893	2.334912566338227	0.11413388539757433
0.0162181009735893	2.743283065188365	0.13089930563567034
0.0162181009735893	3.2230765657968274	0.1503809499186809
0.0162181009735893	3.786784776537589	0.16627562381794517
0.0162181009735893	4.449084175036247	0.1737552345346598
0.0162181009735893	5.22721811897024	0.21644703476596
0.0162181009735893	6.1414457871137405	0.24801237873102705
0.0162181009735893	7.2155696390736095	0.29279105525554383
0.0162181009735893	8.477555126443487	0.3111456766158121
0.0162181009735893	9.96025878992353	0.3005358130265793
0.0162181009735893	11.702283698846108	0.30440517795327404
0.0162181009735893	13.748984504983008	0.2982043797347792
0.0162181009735893	16.153648277806017	0.268086134102594
0.0162181009735893	18.978881864947425	0.23463631747240135
0.0162181009735893	22.29824189861291	0.18458787809198682
0.0162181009735893	26.198149886130484	0.13341471605892985
0.0162181009735893	30.780142245154025	0.09323563116582784
0.0162181009735893	36.16351386452239	0.05426960818047068
0.0162181009735893	42.48842401744912	0.026895122075869797
0.0162181009735893	49.91954549133496	0.008695436694816984
0.0162181009735893	58.65035194146207	0.0012056811331228453
0.0162181009735893	60.1727777177948	0.0007284192224043296
0.0162181009735893	62.13493351294028	0.0004025505461403156
0.0162181009735893	64.75114123980093	0.00029394225662666897
0.019054607179632473	0.547356931926266	0.0005362677123529833
0.019054607179632473	0.6430883209993724	0.001449960007697423
0.019054607179632473	0.75556289595233	0.013378136429056544
0.019054607179632473	0.8877089990574226	0.01281988299334526
0.019054607179632473	1.042967132490383	0.02249694698847921
0.019054607179632473	1.2253795338452433	0.060668319737956326
0.019054607179632473	1.439695418187717	0.05243114565832293
0.019054607179632473	1.6914946266863922	0.08369310589691992
0.019054607179632473	1.9873329010871945	0.10149266538371886
0.019054607179632473	2.334912566338227	0.13432897114156242
0.019054607179632473	2.743283065188365	0.15530655053336304
0.019054607179632473	3.2230765657968274	0.17495305079162435
0.019054607179632473	3.786784776537589	0.19864100575424465
0.019054607179632473	4.449084175036247	0.21917446108167016
0.019054607179632473	5.22721811897024	0.23879081640478886
0.019054607179632473	6.1414457871137405	0.27926335559554094
0.019054607179632473	7.2155696390736095	0.3160373110510522
0.019054607179632473	8.477555126443487	0.3399301447690946
0.019054607179632473	9.96025878992353	0.3308154262029839
0.019054607179632473	11.702283698846108	0.34253569574790405
0.019054607179632473	13.748984504983008	0.3186173093321989
0.019054607179632473	16.153648277806017	0.28621043341893665
0.019054607179632473	18.978881864947425	0.23414459253115888
0.019054607179632473	22.29824189861291	0.18119258118969084
0.019054607179632473	26.198149886130484	0.1185041478719525
0.019054607179632473	30.780142245154025	0.07985497943376481
0.019054607179632473	36.16351386452239	0.04246022242202038
0.019054607179632473	42.48842401744912	0.0204018790536131
0.019054607179632473	49.91954549133496	0.006234703870249103
0.019054607179632473	58.65035194146207	0.0006402986245216711
0.019054607179632473	60.1727777177948	0.0003789220276604207
0.019054607179632473	62.13493351294028	0.00016619068951484594
0.019054607179632473	64.75114123980093	0.00008222765293050874
0.0223872113856834	0.547356931926266	0.0057816628419046605
0.0223872113856834	0.6430883209993724	0.001007776370163712
0.0223872113856834	0.75556289595233	0.014310985370209929
0.0223872113856834	0.8877089990574226	0.02255320766823316
0.0223872113856834	1.042967132490383	0.03137067384514471
0.0223872113856834	1.2253795338452433	0.0861747584938513
0.0223872113856834	1.439695418187717	0.08025457024111478
0.0223872113856834	1.6914946266863922	0.0882461279315694
0.0223872113856834	1.9873329010871945	0.12183453772036673
0.0223872113856834	2.334912566338227	0.13732890161913727
0.0223872113856834	2.743283065188365	0.18097599725155966
0.0223872113856834	3.2230765657968274	0.201337592696025
0.0223872113856834	3.786784776537589	0.23423611839778471
0.0223872113856834	4.449084175036247	0.26712997525349313
0.0223872113856834	5.22721811897024	0.2868554973269443
0.0223872113856834	6.1414457871137405	0.31491524020751394
0.0223872113856834	7.2155696390736095	0.3658238187450287
0.0223872113856834	8.477555126443487	0.37534137370832277
0.0223872113856834	9.96025878992353	0.3537681137926114
0.0223872113856834	11.702283698846108	0.35973686259622706
0.0223872113856834	13.748984504983008	0.33409536876431023
0.0223872113856834	16.153648277806017	0.28788620381541263
0.0223872113856834	18.978881864947425	0.22870485165667634
0.0223872113856834	22.29824189861291	0.16907494213845925
0.0223872113856834	26.198149886130484	0.10834677172996732
0.0223872113856834	30.780142245154025	0.06133725222091865
0.0223872113856834	36.16351386452239	0.029328544220934814
0.0223872113856834	42.48842401744912	0.014404617263661726
0.0223872113856834	49.91954549133496	0.004116950518750796
0.0223872113856834	58.65035194146207	0.00023973470451723182
0.0223872113856834	60.1727777177948	0.00012966658762003863
0.0223872113856834	62.13493351294028	0.000051720837017975986
0.0223872113856834	64.75114123980093	0.000024241541128677353
0.026302679918953815	0.547356931926266	0.008846846057023287
0.026302679918953815	0.6430883209993724	0.00236823289169671
0.026302679918953815	0.75556289595233	0.014769706907252718
0.026302679918953815	0.8877089990574226	0.03878625083985003
0.026302679918953815	1.042967132490383	0.02960354473830866
0.026302679918953815	1.2253795338452433	0.08044157267718637
0.026302679918953815	1.439695418187717	0.09427758857187316
0.026302679918953815	1.6914946266863922	0.08601793232916112
0.026302679918953815	1.9873329010871945	0.14598571205925803
0.026302679918953815	2.334912566338227	0.16104709573201131
0.026302679918953815	2.743283065188365	0.2098275077460787
0.026302679918953815	3.2230765657968274	0.23066445995170903
0.026302679918953815	3.786784776537589	0.2622851368015692
0.026302679918953815	4.449084175036247	0.31104872317782745
0.026302679918953815	5.22721811897024	0.3354085070678115
0.026302679918953815	6.1414457871137405	0.36345502640354355
0.026302679918953815	7.2155696390736095	0.4046162224831832
0.026302679918953815	8.477555126443487	0.39355941143538226
0.026302679918953815	9.96025878992353	0.3830819952361045
0.026302679918953815	11.702283698846108	0.3742905561425471
0.026302679918953815	13.748984504983008	0.3360199874824854
0.026302679918953815	16.153648277806017	0.2744926021922057
0.026302679918953815	18.978881864947425	0.2120166753571539
0.026302679918953815	22.29824189861291	0.1459687314926006
0.026302679918953815	26.198149886130484	0.08761419575740734
0.026302679918953815	30.780142245154025	0.04494351414443756
0.026302679918953815	36.16351386452239	0.019047437338232068
0.026302679918953815	42.48842401744912	0.007547021791148301
0.026302679918953815	49.91954549133496	0.0020281342735973032
0.026302679918953815	58.65035194146207	0.00008483605500660127
0.026302679918953815	60.1727777177948	0.0000347575954252522
0.026302679918953815	62.13493351294028	8.536922524228892e-6
0.026302679918953815	64.75114123980093	3.196039845615534e-6
0.030902954325135904	0.547356931926266	0.005210703672216605
0.030902954325135904	0.6430883209993724	0.005331865483477673
0.030902954325135904	0.75556289595233	0.03163630221659259
0.030902954325135904	0.8877089990574226	0.04380233708855541
0.030902954325135904	1.042967132490383	0.043648057407489435
0.030902954325135904	1.2253795338452433	0.0768243267910155
0.030902954325135904	1.439695418187717	0.10482282285935896
0.030902954325135904	1.6914946266863922	0.1084921002420883
0.030902954325135904	1.9873329010871945	0.17584342701771088
0.030902954325135904	2.334912566338227	0.20917324546775545
0.030902954325135904	2.743283065188365	0.23331502118698763
0.030902954325135904	3.2230765657968274	0.2510819439440898
0.030902954325135904	3.786784776537589	0.2957616227076581
0.030902954325135904	4.449084175036247	0.3518907128851151
0.030902954325135904	5.22721811897024	0.3756154028815526
0.030902954325135904	6.1414457871137405	0.40521964219537676
0.030902954325135904	7.2155696390736095	0.4333722343244964
0.030902954325135904	8.477555126443487	0.4266904691577264
0.030902954325135904	9.96025878992353	0.4177325014960347
0.030902954325135904	11.702283698846108	0.38434290832073637
0.030902954325135904	13.748984504983008	0.32915517695142116
0.030902954325135904	16.153648277806017	0.24737932203975246
0.030902954325135904	18.978881864947425	0.1783772717044561
0.030902954325135904	22.29824189861291	0.1155658821146666
0.030902954325135904	26.198149886130484	0.06329340266813781
0.030902954325135904	30.780142245154025	0.02987430036814248
0.030902954325135904	36.16351386452239	0.0113145256697404
0.030902954325135904	42.48842401744912	0.0034242750473533453
0.030902954325135904	49.91954549133496	0.0006275137046609027
0.030902954325135904	58.65035194146207	0.000028368716828523748
0.030902954325135904	60.1727777177948	9.988496616174331e-6
0.030902954325135904	62.13493351294028	1.8375026287710308e-6
0.030902954325135904	64.75114123980093	5.3118589151893e-7
0.03630780547701014	0.547356931926266	0.002101596144459967
0.03630780547701014	0.6430883209993724	0.00877653446364518
0.03630780547701014	0.75556289595233	0.030746756946246765
0.03630780547701014	0.8877089990574226	0.05188952925734254
0.03630780547701014	1.042967132490383	0.05885397487519008
0.03630780547701014	1.2253795338452433	0.07717159957292757
0.03630780547701014	1.439695418187717	0.12106024914785549
0.03630780547701014	1.6914946266863922	0.1457322470288562
0.03630780547701014	1.9873329010871945	0.18293961469994277
0.03630780547701014	2.334912566338227	0.2368851388108324
0.03630780547701014	2.743283065188365	0.26069528537313313
0.03630780547701014	3.2230765657968274	0.2873912300813892
0.03630780547701014	3.786784776537589	0.3534806492465383
0.03630780547701014	4.449084175036247	0.38605421316954963
0.03630780547701014	5.22721811897024	0.4173028381373012
0.03630780547701014	6.1414457871137405	0.4402414378755086
0.03630780547701014	7.2155696390736095	0.44729014094649266
0.03630780547701014	8.477555126443487	0.45559218933323886
0.03630780547701014	9.96025878992353	0.41893549652683487
0.03630780547701014	11.702283698846108	0.3791467529197697
0.03630780547701014	13.748984504983008	0.29938118252024465
0.03630780547701014	16.153648277806017	0.2135719424438557
0.03630780547701014	18.978881864947425	0.1409624222267219
0.03630780547701014	22.29824189861291	0.08863771368151667
0.03630780547701014	26.198149886130484	0.04331136333225776
0.03630780547701014	30.780142245154025	0.01805367830030278
0.03630780547701014	36.16351386452239	0.006823929300891912
0.03630780547701014	42.48842401744912	0.001634406521995211
0.03630780547701014	49.91954549133496	0.00017609668129551422
0.03630780547701014	58.65035194146207	4.660127747736658e-6
0.03630780547701014	60.1727777177948	1.5048830029684085e-6
0.03630780547701014	62.13493351294028	2.3366317961801954e-7
0.03630780547701014	64.75114123980093	5.4898691703683326e-8
0.04265795188015928	0.547356931926266	0.0022045754562824305
0.04265795188015928	0.6430883209993724	0.015754167864825253
0.04265795188015928	0.75556289595233	0.02608213167249057
0.04265795188015928	0.8877089990574226	0.057208252681982076
0.04265795188015928	1.042967132490383	0.06137754396640828
0.04265795188015928	1.2253795338452433	0.10669148893354682
0.04265795188015928	1.439695418187717	0.1439109496874029
0.04265795188015928	1.6914946266863922	0.15718958825938434
0.04265795188015928	1.9873329010871945	0.1872529145449867
0.04265795188015928	2.334912566338227	0.26312208557263655
0.04265795188015928	2.743283065188365	0.2931741853164978
0.04265795188015928	3.2230765657968274	0.3308910917573567
0.04265795188015928	3.786784776537589	0.4150587057741534
0.04265795188015928	4.449084175036247	0.42650090051679024
0.04265795188015928	5.22721811897024	0.4694132658722221
0.04265795188015928	6.1414457871137405	0.4657509275809123
0.04265795188015928	7.2155696390736095	0.46845028692778845
0.04265795188015928	8.477555126443487	0.45014464051604225
0.04265795188015928	9.96025878992353	0.3844534676111778
0.04265795188015928	11.702283698846108	0.3469757908360907
0.04265795188015928	13.748984504983008	0.2609234040734733
0.04265795188015928	16.153648277806017	0.17161753381694467
0.04265795188015928	18.978881864947425	0.1075340261019481
0.04265795188015928	22.29824189861291	0.05873419143015972
0.04265795188015928	26.198149886130484	0.026613763049830815
0.04265795188015928	30.780142245154025	0.00997771563356503
0.04265795188015928	36.16351386452239	0.003321326089241998
0.04265795188015928	42.48842401744912	0.0006593645074726815
0.04265795188015928	49.91954549133496	0.00004648723075214909
0.04265795188015928	58.65035194146207	1.7750115409921651e-7
0.04265795188015928	60.1727777177948	5.46790488760297e-8
0.04265795188015928	62.13493351294028	7.86833753454537e-9
0.04265795188015928	64.75114123980093	1.7906003786622771e-9
0.05011872336272725	0.547356931926266	0.003920883771437028
0.05011872336272725	0.6430883209993724	0.011890736531154219
0.05011872336272725	0.75556289595233	0.032514835234663614
0.05011872336272725	0.8877089990574226	0.06082000055458899
0.05011872336272725	1.042967132490383	0.07713285902752832
0.05011872336272725	1.2253795338452433	0.13420201161659073
0.05011872336272725	1.439695418187717	0.1593117477710141
0.05011872336272725	1.6914946266863922	0.17831390606868985
0.05011872336272725	1.9873329010871945	0.23612654840739355
0.05011872336272725	2.334912566338227	0.2929874308733235
0.05011872336272725	2.743283065188365	0.3312927021061725
0.05011872336272725	3.2230765657968274	0.37783578692446024
0.05011872336272725	3.786784776537589	0.4578819136476828
0.05011872336272725	4.449084175036247	0.4900016629883704
0.05011872336272725	5.22721811897024	0.5110673208524815
0.05011872336272725	6.1414457871137405	0.48893722950610924
0.05011872336272725	7.2155696390736095	0.4826343508149682
0.05011872336272725	8.477555126443487	0.43459726394926795
0.05011872336272725	9.96025878992353	0.35822240799456084
0.05011872336272725	11.702283698846108	0.2913629994597022
0.05011872336272725	13.748984504983008	0.20710690377060187
0.05011872336272725	16.153648277806017	0.12344732499082293
0.05011872336272725	18.978881864947425	0.0719461185984593
0.05011872336272725	22.29824189861291	0.034254259371843974
0.05011872336272725	26.198149886130484	0.014615442100715593
0.05011872336272725	30.780142245154025	0.005053101394696014
0.05011872336272725	36.16351386452239	0.00111631397011227
0.05011872336272725	42.48842401744912	0.00018201644606576022
0.05011872336272725	49.91954549133496	9.144359785938026e-6
0.05011872336272725	58.65035194146207	9.403261983280738e-10
0.05011872336272725	60.1727777177948	1.9752891965454618e-10
0.05011872336272725	62.13493351294028	2.2311145308683297e-11
0.05011872336272725	64.75114123980093	4.976928886273061e-12
0.0588843655355589	0.547356931926266	0.0021010262951948596
0.0588843655355589	0.6430883209993724	0.011633667494723658
0.0588843655355589	0.75556289595233	0.035727971198600175
0.0588843655355589	0.8877089990574226	0.06927091470387502
0.0588843655355589	1.042967132490383	0.10314167319979975
0.0588843655355589	1.2253795338452433	0.13725369445873994
0.0588843655355589	1.439695418187717	0.17485803813818665
0.0588843655355589	1.6914946266863922	0.2284418977109804
0.0588843655355589	1.9873329010871945	0.27315438917339596
0.0588843655355589	2.334912566338227	0.317000984206912
0.0588843655355589	2.743283065188365	0.3752477561201921
0.0588843655355589	3.2230765657968274	0.427460612147049
0.0588843655355589	3.786784776537589	0.49129593244942404
0.0588843655355589	4.449084175036247	0.5225528670408808
0.0588843655355589	5.22721811897024	0.5365233596804605
0.0588843655355589	6.1414457871137405	0.49520769917025964
0.0588843655355589	7.2155696390736095	0.4770017944046094
0.0588843655355589	8.477555126443487	0.40552001589830083
0.0588843655355589	9.96025878992353	0.3168978177435145
0.0588843655355589	11.702283698846108	0.2313090709160631
0.0588843655355589	13.748984504983008	0.15010454023157196
0.0588843655355589	16.153648277806017	0.08257178331994988
0.0588843655355589	18.978881864947425	0.04336297078561673
0.0588843655355589	22.29824189861291	0.017661713773680445
0.0588843655355589	26.198149886130484	0.006638079949772044
0.0588843655355589	30.780142245154025	0.0022128140630050174
0.0588843655355589	36.16351386452239	0.0004604659580682352
0.0588843655355589	42.48842401744912	0.00003203209734588873
0.0588843655355589	49.91954549133496	4.086972223347182e-7
0.0588843655355589	58.65035194146207	1.795287445319523e-11
0.0588843655355589	60.1727777177948	1.3825052211245211e-12
0.0588843655355589	62.13493351294028	0.
0.0588843655355589	64.75114123980093	0.
0.06918309709189366	0.547356931926266	0.0034128968015837012
0.06918309709189366	0.6430883209993724	0.016672001825027958
0.06918309709189366	0.75556289595233	0.046595302026837544
0.06918309709189366	0.8877089990574226	0.07922700828705288
0.06918309709189366	1.042967132490383	0.1250441954177148
0.06918309709189366	1.2253795338452433	0.15097096617095299
0.06918309709189366	1.439695418187717	0.2124723014616633
0.06918309709189366	1.6914946266863922	0.2789252373304726
0.06918309709189366	1.9873329010871945	0.31246987999178844
0.06918309709189366	2.334912566338227	0.3722647961764466
0.06918309709189366	2.743283065188365	0.42405810951469225
0.06918309709189366	3.2230765657968274	0.47342634755009244
0.06918309709189366	3.786784776537589	0.5150429885191078
0.06918309709189366	4.449084175036247	0.527540543045896
0.06918309709189366	5.22721811897024	0.538083782200974
0.06918309709189366	6.1414457871137405	0.48398155072544685
0.06918309709189366	7.2155696390736095	0.44508891693897534
0.06918309709189366	8.477555126443487	0.36306705314938237
0.06918309709189366	9.96025878992353	0.259388547573291
0.06918309709189366	11.702283698846108	0.1715824902883137
0.06918309709189366	13.748984504983008	0.09978231480299188
0.06918309709189366	16.153648277806017	0.050215423542979254
0.06918309709189366	18.978881864947425	0.023164241785511668
0.06918309709189366	22.29824189861291	0.008595166481138262
0.06918309709189366	26.198149886130484	0.002632772103102469
0.06918309709189366	30.780142245154025	0.0008623682026730812
0.06918309709189366	36.16351386452239	0.00015224847676369624
0.06918309709189366	42.48842401744912	6.785297970730464e-6
0.06918309709189366	49.91954549133496	1.9723290485565715e-9
0.06918309709189366	58.65035194146207	8.508969819724346e-14
0.06918309709189366	60.1727777177948	6.5525413397330324e-15
0.06918309709189366	62.13493351294028	0.
0.06918309709189366	64.75114123980093	0.
0.08128305161640995	0.547356931926266	0.0060665118004845165
0.08128305161640995	0.6430883209993724	0.025469954609064083
0.08128305161640995	0.75556289595233	0.0627639735046749
0.08128305161640995	0.8877089990574226	0.09304224305356056
0.08128305161640995	1.042967132490383	0.13722668634720953
0.08128305161640995	1.2253795338452433	0.18894427698106983
0.08128305161640995	1.439695418187717	0.2582557451846202
0.08128305161640995	1.6914946266863922	0.3240028024317032
0.08128305161640995	1.9873329010871945	0.35543200463944813
0.08128305161640995	2.334912566338227	0.4218913920068623
0.08128305161640995	2.743283065188365	0.4783540184186476
0.08128305161640995	3.2230765657968274	0.5054988890894403
0.08128305161640995	3.786784776537589	0.5350399996633975
0.08128305161640995	4.449084175036247	0.5252273354963848
0.08128305161640995	5.22721811897024	0.5077270025159439
0.08128305161640995	6.1414457871137405	0.4514528159110117
0.08128305161640995	7.2155696390736095	0.37211854990612436
0.08128305161640995	8.477555126443487	0.28056403130731705
0.08128305161640995	9.96025878992353	0.19015005034120425
0.08128305161640995	11.702283698846108	0.11569277881327045
0.08128305161640995	13.748984504983008	0.05919828753236071
0.08128305161640995	16.153648277806017	0.02641302054381648
0.08128305161640995	18.978881864947425	0.00995402877994824
0.08128305161640995	22.29824189861291	0.00390217808079106
0.08128305161640995	26.198149886130484	0.0009422522181407746
0.08128305161640995	30.780142245154025	0.0002615288916872527
0.08128305161640995	36.16351386452239	0.00002984135124764801
0.08128305161640995	42.48842401744912	1.5813454942042136e-6
0.08128305161640995	49.91954549133496	1.198408717733238e-12
0.08128305161640995	58.65035194146207	0.
0.08128305161640995	60.1727777177948	0.
0.08128305161640995	62.13493351294028	0.
0.08128305161640995	64.75114123980093	0.
0.09549925860214359	0.547356931926266	0.007717609833288811
0.09549925860214359	0.6430883209993724	0.030280534239255127
0.09549925860214359	0.75556289595233	0.05940092227371549
0.09549925860214359	0.8877089990574226	0.10924433318354912
0.09549925860214359	1.042967132490383	0.14892260732782897
0.09549925860214359	1.2253795338452433	0.22614411081535687
0.09549925860214359	1.439695418187717	0.27979204826637966
0.09549925860214359	1.6914946266863922	0.3414454207800869
0.09549925860214359	1.9873329010871945	0.39044090730226666
0.09549925860214359	2.334912566338227	0.44648583577917994
0.09549925860214359	2.743283065188365	0.5081155665532201
0.09549925860214359	3.2230765657968274	0.5134183654953999
0.09549925860214359	3.786784776537589	0.5375667548035894
0.09549925860214359	4.449084175036247	0.5093081593766848
0.09549925860214359	5.22721811897024	0.45981892204385166
0.09549925860214359	6.1414457871137405	0.3797853445946765
0.09549925860214359	7.2155696390736095	0.29282853933845354
0.09549925860214359	8.477555126443487	0.1974245618575972
0.09549925860214359	9.96025878992353	0.12528711695222816
0.09549925860214359	11.702283698846108	0.06757734622788039
0.09549925860214359	13.748984504983008	0.03075184554278868
0.09549925860214359	16.153648277806017	0.012457399376791578
0.09549925860214359	18.978881864947425	0.0038715179209994123
0.09549925860214359	22.29824189861291	0.001444646986226875
0.09549925860214359	26.198149886130484	0.00028184226527316214
0.09549925860214359	30.780142245154025	0.00003044959238182697
0.09549925860214359	36.16351386452239	0.000013330323765604254
0.09549925860214359	42.48842401744912	8.895816771394012e-8
0.09549925860214359	49.91954549133496	2.163952831894207e-15
0.09549925860214359	58.65035194146207	0.
0.09549925860214359	60.1727777177948	0.
0.09549925860214359	62.13493351294028	0.
0.09549925860214359	64.75114123980093	0.
0.11220184543019636	0.547356931926266	0.012842735563388328
0.11220184543019636	0.6430883209993724	0.03959244905008925
0.11220184543019636	0.75556289595233	0.07294232063991146
0.11220184543019636	0.8877089990574226	0.12726405510871588
0.11220184543019636	1.042967132490383	0.16975551626503213
0.11220184543019636	1.2253795338452433	0.24195375256585705
0.11220184543019636	1.439695418187717	0.3072980652730128
0.11220184543019636	1.6914946266863922	0.36737612243897616
0.11220184543019636	1.9873329010871945	0.42046487208121053
0.11220184543019636	2.334912566338227	0.47059516531694817
0.11220184543019636	2.743283065188365	0.5160993632228348
0.11220184543019636	3.2230765657968274	0.5294982946766391
0.11220184543019636	3.786784776537589	0.50229670852814
0.11220184543019636	4.449084175036247	0.47202845539584004
0.11220184543019636	5.22721811897024	0.376964070581312
0.11220184543019636	6.1414457871137405	0.2932449974527447
0.11220184543019636	7.2155696390736095	0.21360630231194697
0.11220184543019636	8.477555126443487	0.13088356594813372
0.11220184543019636	9.96025878992353	0.07450629221987855
0.11220184543019636	11.702283698846108	0.03384323926788519
0.11220184543019636	13.748984504983008	0.013680471779565025
0.11220184543019636	16.153648277806017	0.0048948550939742624
0.11220184543019636	18.978881864947425	0.0014325964865346886
0.11220184543019636	22.29824189861291	0.0004277622755581105
0.11220184543019636	26.198149886130484	0.00005190328886608703
0.11220184543019636	30.780142245154025	3.515700271802909e-6
0.11220184543019636	36.16351386452239	5.441844165872024e-6
0.11220184543019636	42.48842401744912	7.542890282578408e-10
0.11220184543019636	49.91954549133496	0.
0.11220184543019636	58.65035194146207	0.
0.11220184543019636	60.1727777177948	0.
0.11220184543019636	62.13493351294028	0.
0.11220184543019636	64.75114123980093	0.
0.13182567385564073	0.547356931926266	0.013827086127694038
0.13182567385564073	0.6430883209993724	0.042479156120446344
0.13182567385564073	0.75556289595233	0.07577282126171152
0.13182567385564073	0.8877089990574226	0.15011532036443784
0.13182567385564073	1.042967132490383	0.2036599871006546
0.13182567385564073	1.2253795338452433	0.266782847029061
0.13182567385564073	1.439695418187717	0.3415640228278997
0.13182567385564073	1.6914946266863922	0.3950723536040202
0.13182567385564073	1.9873329010871945	0.4469593513468615
0.13182567385564073	2.334912566338227	0.4948521641750928
0.13182567385564073	2.743283065188365	0.5109543179165424
0.13182567385564073	3.2230765657968274	0.5022641466674013
0.13182567385564073	3.786784776537589	0.4461537201832767
0.13182567385564073	4.449084175036247	0.3913108517199175
0.13182567385564073	5.22721811897024	0.2862409876477726
0.13182567385564073	6.1414457871137405	0.20851584194501308
0.13182567385564073	7.2155696390736095	0.13317305919503658
0.13182567385564073	8.477555126443487	0.07744362473446592
0.13182567385564073	9.96025878992353	0.03869263615801963
0.13182567385564073	11.702283698846108	0.015727958633342486
0.13182567385564073	13.748984504983008	0.005362872012655631
0.13182567385564073	16.153648277806017	0.0015370387271377015
0.13182567385564073	18.978881864947425	0.0005172748405701679
0.13182567385564073	22.29824189861291	0.00009038453242824267
0.13182567385564073	26.198149886130484	4.029823311973776e-6
0.13182567385564073	30.780142245154025	1.859331545678817e-7
0.13182567385564073	36.16351386452239	3.1017722384495663e-7
0.13182567385564073	42.48842401744912	2.2219197056629396e-11
0.13182567385564073	49.91954549133496	0.
0.13182567385564073	58.65035194146207	0.
0.13182567385564073	60.1727777177948	0.
0.13182567385564073	62.13493351294028	0.
0.13182567385564073	64.75114123980093	0.
0.1548816618912482	0.547356931926266	0.015851841977374728
0.1548816618912482	0.6430883209993724	0.04587424181437322
0.1548816618912482	0.75556289595233	0.08614731350710811
0.1548816618912482	0.8877089990574226	0.16189642745092048
0.1548816618912482	1.042967132490383	0.2431017196897763
0.1548816618912482	1.2253795338452433	0.29400211798175835
0.1548816618912482	1.439695418187717	0.36761293457756294
0.1548816618912482	1.6914946266863922	0.42831003669997403
0.1548816618912482	1.9873329010871945	0.470899636626439
0.1548816618912482	2.334912566338227	0.48540861856179585
0.1548816618912482	2.743283065188365	0.4871287178698569
0.1548816618912482	3.2230765657968274	0.43865703997624717
0.1548816618912482	3.786784776537589	0.3743495209598195
0.1548816618912482	4.449084175036247	0.29290179510524095
0.1548816618912482	5.22721811897024	0.2031371695254887
0.1548816618912482	6.1414457871137405	0.13220362801933022
0.1548816618912482	7.2155696390736095	0.0732783194574285
0.1548816618912482	8.477555126443487	0.03844565936736174
0.1548816618912482	9.96025878992353	0.017207532347317252
0.1548816618912482	11.702283698846108	0.0061875878328329905
0.1548816618912482	13.748984504983008	0.0017601702317243328
0.1548816618912482	16.153648277806017	0.0003518317906479904
0.1548816618912482	18.978881864947425	0.00009659996439171406
0.1548816618912482	22.29824189861291	7.623402176591166e-6
0.1548816618912482	26.198149886130484	5.474459472782838e-8
0.1548816618912482	30.780142245154025	8.297584403270087e-10
0.1548816618912482	36.16351386452239	1.3905877454322747e-9
0.1548816618912482	42.48842401744912	9.961617899669798e-14
0.1548816618912482	49.91954549133496	4.75904482733423e-20
0.1548816618912482	58.65035194146207	1.727953930873782e-20
0.1548816618912482	60.1727777177948	3.65651569195301e-19
0.1548816618912482	62.13493351294028	2.1437083941299115e-20
0.1548816618912482	64.75114123980093	4.03064083918126e-21
0.18197008586099844	0.547356931926266	0.022286657964986783
0.18197008586099844	0.6430883209993724	0.05621169730598264
0.18197008586099844	0.75556289595233	0.10971360891125022
0.18197008586099844	0.8877089990574226	0.18025948692338642
0.18197008586099844	1.042967132490383	0.268581084007126
0.18197008586099844	1.2253795338452433	0.3266163940438306
0.18197008586099844	1.439695418187717	0.393944405401568
0.18197008586099844	1.6914946266863922	0.4415760650371212
0.18197008586099844	1.9873329010871945	0.46495775120288074
0.18197008586099844	2.334912566338227	0.4588396431631197
0.18197008586099844	2.743283065188365	0.43472868989822544
0.18197008586099844	3.2230765657968274	0.36983114702567454
0.18197008586099844	3.786784776537589	0.29012714569135234
0.18197008586099844	4.449084175036247	0.2025768581525428
0.18197008586099844	5.22721811897024	0.13276949709373356
0.18197008586099844	6.1414457871137405	0.07431139969938252
0.18197008586099844	7.2155696390736095	0.03652628555079359
0.18197008586099844	8.477555126443487	0.015456915302539235
0.18197008586099844	9.96025878992353	0.006212000903206464
0.18197008586099844	11.702283698846108	0.001976205685891794
0.18197008586099844	13.748984504983008	0.0004816382941416647
0.18197008586099844	16.153648277806017	0.00008210059223000728
0.18197008586099844	18.978881864947425	5.430981614440328e-6
0.18197008586099844	22.29824189861291	1.426896047884005e-7
0.18197008586099844	26.198149886130484	3.234132497425828e-10
0.18197008586099844	30.780142245154025	4.3776439890765964e-15
0.18197008586099844	36.16351386452239	1.303661674362088e-18
0.18197008586099844	42.48842401744912	9.079442810398088e-19
0.18197008586099844	49.91954549133496	5.889998661117043e-19
0.18197008586099844	58.65035194146207	1.148774947079363e-19
0.18197008586099844	60.1727777177948	1.0044369150427297e-18
0.18197008586099844	62.13493351294028	5.5753784316109115e-19
0.18197008586099844	64.75114123980093	1.5022057366851265e-19
0.21379620895022325	0.547356931926266	0.01712686068464148
0.21379620895022325	0.6430883209993724	0.060657954019439006
0.21379620895022325	0.75556289595233	0.13106759619687774
0.21379620895022325	0.8877089990574226	0.20365568541564547
0.21379620895022325	1.042967132490383	0.2896411778446054
0.21379620895022325	1.2253795338452433	0.3536742069436869
0.21379620895022325	1.439695418187717	0.3978961068475796
0.21379620895022325	1.6914946266863922	0.43554360004821796
0.21379620895022325	1.9873329010871945	0.4312614849590021
0.21379620895022325	2.334912566338227	0.4138386556652997
0.21379620895022325	2.743283065188365	0.3582493422354422
0.21379620895022325	3.2230765657968274	0.28163155752936414
0.21379620895022325	3.786784776537589	0.19720696380193303
0.21379620895022325	4.449084175036247	0.1262661388068462
0.21379620895022325	5.22721811897024	0.07215035899117919
0.21379620895022325	6.1414457871137405	0.036059168381476644
0.21379620895022325	7.2155696390736095	0.01590229855864688
0.21379620895022325	8.477555126443487	0.005668502106703417
0.21379620895022325	9.96025878992353	0.001530382790795509
0.21379620895022325	11.702283698846108	0.0005243707923438301
0.21379620895022325	13.748984504983008	0.00011755908436594478
0.21379620895022325	16.153648277806017	0.00003417442679846211
0.21379620895022325	18.978881864947425	6.370558079626689e-8
0.21379620895022325	22.29824189861291	2.601507807139792e-10
0.21379620895022325	26.198149886130484	3.601815138869046e-13
0.21379620895022325	30.780142245154025	0.
0.21379620895022325	36.16351386452239	1.0127726912292822e-18
0.21379620895022325	42.48842401744912	5.097153554606155e-19
0.21379620895022325	49.91954549133496	1.5938790393005784e-19
0.21379620895022325	58.65035194146207	3.040846555117985e-20
0.21379620895022325	60.1727777177948	6.434721983581836e-19
0.21379620895022325	62.13493351294028	3.6803194981999474e-19
0.21379620895022325	64.75114123980093	9.529275259689732e-20
0.25118864315095807	0.547356931926266	0.013971269778743281
0.25118864315095807	0.6430883209993724	0.06328454585047005
0.25118864315095807	0.75556289595233	0.14946283319975232
0.25118864315095807	0.8877089990574226	0.22624303780388658
0.25118864315095807	1.042967132490383	0.29852905525112905
0.25118864315095807	1.2253795338452433	0.36403385745011674
0.25118864315095807	1.439695418187717	0.3906285521224041
0.25118864315095807	1.6914946266863922	0.4115632373654989
0.25118864315095807	1.9873329010871945	0.38422005135198484
0.25118864315095807	2.334912566338227	0.340410795256357
0.25118864315095807	2.743283065188365	0.26518945432675867
0.25118864315095807	3.2230765657968274	0.18601262204991217
0.25118864315095807	3.786784776537589	0.11587849839499512
0.25118864315095807	4.449084175036247	0.06612956990407218
0.25118864315095807	5.22721811897024	0.03253881135934009
0.25118864315095807	6.1414457871137405	0.01499995426947423
0.25118864315095807	7.2155696390736095	0.005853482251913402
0.25118864315095807	8.477555126443487	0.0016723601979670149
0.25118864315095807	9.96025878992353	0.0003272310126321205
0.25118864315095807	11.702283698846108	0.00011876888644944197
0.25118864315095807	13.748984504983008	0.000013737846314798375
0.25118864315095807	16.153648277806017	0.000010359718444338101
0.25118864315095807	18.978881864947425	2.806194744924245e-9
0.25118864315095807	22.29824189861291	2.3855685383651485e-14
0.25118864315095807	26.198149886130484	1.8348410814214523e-19
0.25118864315095807	30.780142245154025	0.
0.25118864315095807	36.16351386452239	8.035194611053486e-19
0.25118864315095807	42.48842401744912	3.157620668834148e-19
0.25118864315095807	49.91954549133496	0.
0.25118864315095807	58.65035194146207	1.4736842765146392e-20
0.25118864315095807	60.1727777177948	3.1184567978240875e-19
0.25118864315095807	62.13493351294028	1.2577901803801888e-19
0.25118864315095807	64.75114123980093	2.3649207523018753e-20
0.2951209226666387	0.547356931926266	0.019131701173619186
0.2951209226666387	0.6430883209993724	0.07219963793760359
0.2951209226666387	0.75556289595233	0.15959285346138752
0.2951209226666387	0.8877089990574226	0.23882218909999503
0.2951209226666387	1.042967132490383	0.29270384819960804
0.2951209226666387	1.2253795338452433	0.3487259120601316
0.2951209226666387	1.439695418187717	0.35692044842639986
0.2951209226666387	1.6914946266863922	0.3535107869531632
0.2951209226666387	1.9873329010871945	0.3107508827614175
0.2951209226666387	2.334912566338227	0.2494855077059962
0.2951209226666387	2.743283065188365	0.17673290252253887
0.2951209226666387	3.2230765657968274	0.10896777456354625
0.2951209226666387	3.786784776537589	0.059637548136466816
0.2951209226666387	4.449084175036247	0.029482405545632646
0.2951209226666387	5.22721811897024	0.01307574834847144
0.2951209226666387	6.1414457871137405	0.005360339364226116
0.2951209226666387	7.2155696390736095	0.0018691675517630798
0.2951209226666387	8.477555126443487	0.0002583376263070425
0.2951209226666387	9.96025878992353	0.00009469310922714982
0.2951209226666387	11.702283698846108	0.000014568769497014416
0.2951209226666387	13.748984504983008	4.203460738050152e-7
0.2951209226666387	16.153648277806017	5.95302022556907e-7
0.2951209226666387	18.978881864947425	1.6752816788373836e-10
0.2951209226666387	22.29824189861291	1.0572043838460018e-18
0.2951209226666387	26.198149886130484	1.4733474842658725e-19
0.2951209226666387	30.780142245154025	0.
0.2951209226666387	36.16351386452239	5.848246034718935e-19
0.2951209226666387	42.48842401744912	4.902962496871536e-19
0.2951209226666387	49.91954549133496	1.3055116845323546e-20
0.2951209226666387	58.65035194146207	1.3149033747094931e-20
0.2951209226666387	60.1727777177948	2.7824612318199754e-19
0.2951209226666387	62.13493351294028	2.0557825593204437e-19
0.2951209226666387	64.75114123980093	4.316923337955233e-20
0.34673685045253166	0.547356931926266	0.02592895855679043
0.34673685045253166	0.6430883209993724	0.08537575174827675
0.34673685045253166	0.75556289595233	0.16964620266638405
0.34673685045253166	0.8877089990574226	0.24057345772141633
0.34673685045253166	1.042967132490383	0.28373054692542765
0.34673685045253166	1.2253795338452433	0.3160080571057012
0.34673685045253166	1.439695418187717	0.2995078766488013
0.34673685045253166	1.6914946266863922	0.2704349099921755
0.34673685045253166	1.9873329010871945	0.2190637591282119
0.34673685045253166	2.334912566338227	0.15933342100367887
0.34673685045253166	2.743283065188365	0.10204608664868382
0.34673685045253166	3.2230765657968274	0.05554610763305366
0.34673685045253166	3.786784776537589	0.024785642877870488
0.34673685045253166	4.449084175036247	0.010368134890893102
0.34673685045253166	5.22721811897024	0.004026247443153978
0.34673685045253166	6.1414457871137405	0.001236568242731005
0.34673685045253166	7.2155696390736095	0.0002787084058488474
0.34673685045253166	8.477555126443487	0.00004418990873758975
0.34673685045253166	9.96025878992353	0.000011019764617682768
0.34673685045253166	11.702283698846108	4.2253827026710104e-7
0.34673685045253166	13.748984504983008	1.0883870435400851e-9
0.34673685045253166	16.153648277806017	2.5025897091311757e-9
0.34673685045253166	18.978881864947425	7.183374544761053e-13
0.34673685045253166	22.29824189861291	1.1259138650469415e-18
0.34673685045253166	26.198149886130484	1.6623860507144233e-19
0.34673685045253166	30.780142245154025	0.
0.34673685045253166	36.16351386452239	3.9416040904362823e-19
0.34673685045253166	42.48842401744912	3.5892261776644782e-19
0.34673685045253166	49.91954549133496	0.
0.34673685045253166	58.65035194146207	4.094998102626026e-21
0.34673685045253166	60.1727777177948	8.665407423911013e-20
0.34673685045253166	62.13493351294028	6.172777825400079e-20
0.34673685045253166	64.75114123980093	1.1606172958215454e-20
0.40738027780411284	0.547356931926266	0.028455696443131718
0.40738027780411284	0.6430883209993724	0.09710978403634214
0.40738027780411284	0.75556289595233	0.17339014004662293
0.40738027780411284	0.8877089990574226	0.23479729927652368
0.40738027780411284	1.042967132490383	0.2631046923991889
0.40738027780411284	1.2253795338452433	0.2651987737030972
0.40738027780411284	1.439695418187717	0.2343692863399664
0.40738027780411284	1.6914946266863922	0.19151145519305451
0.40738027780411284	1.9873329010871945	0.13810994859263362
0.40738027780411284	2.334912566338227	0.08729774807161274
0.40738027780411284	2.743283065188365	0.04905807551278379
0.40738027780411284	3.2230765657968274	0.023923752554402433
0.40738027780411284	3.786784776537589	0.009178963533906046
0.40738027780411284	4.449084175036247	0.003117880690486798
0.40738027780411284	5.22721811897024	0.0011944937438236995
0.40738027780411284	6.1414457871137405	0.00021158953082937507
0.40738027780411284	7.2155696390736095	0.00003325846973207339
0.40738027780411284	8.477555126443487	0.00001932166867013434
0.40738027780411284	9.96025878992353	5.021391167710631e-7
0.40738027780411284	11.702283698846108	3.834861752254262e-9
0.40738027780411284	13.748984504983008	3.708305679850885e-14
0.40738027780411284	16.153648277806017	0.
0.40738027780411284	18.978881864947425	0.
0.40738027780411284	22.29824189861291	8.062384085000345e-19
0.40738027780411284	26.198149886130484	3.5452612823612913e-20
0.40738027780411284	30.780142245154025	0.
0.40738027780411284	36.16351386452239	1.7935416569670366e-19
0.40738027780411284	42.48842401744912	3.327106832260459e-20
0.40738027780411284	49.91954549133496	0.
0.40738027780411284	58.65035194146207	0.
0.40738027780411284	60.1727777177948	0.
0.40738027780411284	62.13493351294028	0.
0.40738027780411284	64.75114123980093	0.
0.47863009232263853	0.547356931926266	0.034483001555144624
0.47863009232263853	0.6430883209993724	0.10344739731671168
0.47863009232263853	0.75556289595233	0.17198808315208117
0.47863009232263853	0.8877089990574226	0.2181600917579307
0.47863009232263853	1.042967132490383	0.22751701898293625
0.47863009232263853	1.2253795338452433	0.20610370993866114
0.47863009232263853	1.439695418187717	0.1649794950515938
0.47863009232263853	1.6914946266863922	0.12058537249737854
0.47863009232263853	1.9873329010871945	0.07234895620971284
0.47863009232263853	2.334912566338227	0.039328516449759286
0.47863009232263853	2.743283065188365	0.019205684372691507
0.47863009232263853	3.2230765657968274	0.008292421825122505
0.47863009232263853	3.786784776537589	0.0028241399938101937
0.47863009232263853	4.449084175036247	0.0006307015476974339
0.47863009232263853	5.22721811897024	0.00027148786964249164
0.47863009232263853	6.1414457871137405	0.000034462454882272233
0.47863009232263853	7.2155696390736095	0.000015658972803342693
0.47863009232263853	8.477555126443487	1.3676474006375037e-6
0.47863009232263853	9.96025878992353	1.8618225986471545e-8
0.47863009232263853	11.702283698846108	3.159546322549742e-13
0.47863009232263853	13.748984504983008	5.5347134329498245e-19
0.47863009232263853	16.153648277806017	0.
0.47863009232263853	18.978881864947425	0.
0.47863009232263853	22.29824189861291	2.775927793107777e-19
0.47863009232263853	26.198149886130484	0.
0.47863009232263853	30.780142245154025	0.
0.47863009232263853	36.16351386452239	4.4421133818549384e-20
0.47863009232263853	42.48842401744912	0.
0.47863009232263853	49.91954549133496	0.
0.47863009232263853	58.65035194146207	0.
0.47863009232263853	60.1727777177948	0.
0.47863009232263853	62.13493351294028	0.
0.47863009232263853	64.75114123980093	0.
0.5623413251903494	0.547356931926266	0.033109644616885994
0.5623413251903494	0.6430883209993724	0.09746737205938423
0.5623413251903494	0.75556289595233	0.16233560423317187
0.5623413251903494	0.8877089990574226	0.18477701140217145
0.5623413251903494	1.042967132490383	0.1799105675237108
0.5623413251903494	1.2253795338452433	0.14035510803929843
0.5623413251903494	1.439695418187717	0.10011360039405155
0.5623413251903494	1.6914946266863922	0.06520047185284109
0.5623413251903494	1.9873329010871945	0.032716150333937204
0.5623413251903494	2.334912566338227	0.015010553045105953
0.5623413251903494	2.743283065188365	0.005892070138251197
0.5623413251903494	3.2230765657968274	0.001985502225410542
0.5623413251903494	3.786784776537589	0.000488733764938976
0.5623413251903494	4.449084175036247	0.000051466308741542984
0.5623413251903494	5.22721811897024	0.000020070947658984846
0.5623413251903494	6.1414457871137405	2.6317956581467663e-6
0.5623413251903494	7.2155696390736095	1.6314920635588233e-6
0.5623413251903494	8.477555126443487	1.3624149118144187e-8
0.5623413251903494	9.96025878992353	1.7759442643703598e-10
0.5623413251903494	11.702283698846108	9.24271376056978e-20
0.5623413251903494	13.748984504983008	1.2085582514745964e-18
0.5623413251903494	16.153648277806017	5.220236713260531e-20
0.5623413251903494	18.978881864947425	0.
0.5623413251903494	22.29824189861291	6.977192784329073e-19
0.5623413251903494	26.198149886130484	1.5415176045498665e-20
0.5623413251903494	30.780142245154025	0.
0.5623413251903494	36.16351386452239	0.
0.5623413251903494	42.48842401744912	0.
0.5623413251903494	49.91954549133496	0.
0.5623413251903494	58.65035194146207	0.
0.5623413251903494	60.1727777177948	0.
0.5623413251903494	62.13493351294028	0.
0.5623413251903494	64.75114123980093	0.
0.6606934480075964	0.547356931926266	0.03454739460211068
0.6606934480075964	0.6430883209993724	0.09495542317682158
0.6606934480075964	0.75556289595233	0.13989813221593853
0.6606934480075964	0.8877089990574226	0.15161537291371932
0.6606934480075964	1.042967132490383	0.12653205586588542
0.6606934480075964	1.2253795338452433	0.08429210662922508
0.6606934480075964	1.439695418187717	0.05085294823501261
0.6606934480075964	1.6914946266863922	0.027274014774736864
0.6606934480075964	1.9873329010871945	0.012389935680735169
0.6606934480075964	2.334912566338227	0.004238952893327999
0.6606934480075964	2.743283065188365	0.0010507384456522498
0.6606934480075964	3.2230765657968274	0.00031442027376809146
0.6606934480075964	3.786784776537589	0.00005898571045579371
0.6606934480075964	4.449084175036247	1.2401147488242894e-6
0.6606934480075964	5.22721811897024	2.6395622923469835e-7
0.6606934480075964	6.1414457871137405	2.9769230984784487e-8
0.6606934480075964	7.2155696390736095	1.9547018557516016e-8
0.6606934480075964	8.477555126443487	3.9703887307401674e-12
0.6606934480075964	9.96025878992353	1.7548085138095646e-20
0.6606934480075964	11.702283698846108	2.962638843509668e-19
0.6606934480075964	13.748984504983008	1.021734551293912e-18
0.6606934480075964	16.153648277806017	3.442366390952427e-20
0.6606934480075964	18.978881864947425	0.
0.6606934480075964	22.29824189861291	4.784421909615416e-19
0.6606934480075964	26.198149886130484	5.816217341533903e-20
0.6606934480075964	30.780142245154025	0.
0.6606934480075964	36.16351386452239	8.037893989448859e-20
0.6606934480075964	42.48842401744912	1.2824579660199938e-19
0.6606934480075964	49.91954549133496	8.48332096862772e-21
0.6606934480075964	58.65035194146207	9.939094729211985e-21
0.6606934480075964	60.1727777177948	6.354115402164903e-20
0.6606934480075964	62.13493351294028	1.1015068542139148e-19
0.6606934480075964	64.75114123980093	2.187302836843928e-20
0.776247116628692	0.547356931926266	0.04029610731515806
0.776247116628692	0.6430883209993724	0.0894695050748874
0.776247116628692	0.75556289595233	0.1115261538119266
0.776247116628692	0.8877089990574226	0.10587139784938303
0.776247116628692	1.042967132490383	0.07785477649298524
0.776247116628692	1.2253795338452433	0.04439714811040602
0.776247116628692	1.439695418187717	0.022969652968277406
0.776247116628692	1.6914946266863922	0.008829597219554498
0.776247116628692	1.9873329010871945	0.0032127556426223285
0.776247116628692	2.334912566338227	0.0006796196997215743
0.776247116628692	2.743283065188365	0.00008283265168602668
0.776247116628692	3.2230765657968274	0.000025687123531201808
0.776247116628692	3.786784776537589	4.022755889006506e-6
0.776247116628692	4.449084175036247	2.998067642382194e-8
0.776247116628692	5.22721811897024	3.9510255059055396e-10
0.776247116628692	6.1414457871137405	2.161513286448245e-11
0.776247116628692	7.2155696390736095	1.434257921641082e-11
0.776247116628692	8.477555126443487	2.9130641559511845e-15
0.776247116628692	9.96025878992353	0.
0.776247116628692	11.702283698846108	1.3723075153474285e-19
0.776247116628692	13.748984504983008	5.665965187231342e-19
0.776247116628692	16.153648277806017	1.5501443102265596e-19
0.776247116628692	18.978881864947425	0.
0.776247116628692	22.29824189861291	4.389107065018429e-19
0.776247116628692	26.198149886130484	9.900807635663618e-20
0.776247116628692	30.780142245154025	0.
0.776247116628692	36.16351386452239	1.419802998065352e-19
0.776247116628692	42.48842401744912	1.8233203720052417e-19
0.776247116628692	49.91954549133496	3.1763032853121896e-20
0.776247116628692	58.65035194146207	5.686659525648303e-20
0.776247116628692	60.1727777177948	5.524498864534055e-20
0.776247116628692	62.13493351294028	1.0278611884608885e-19
0.776247116628692	64.75114123980093	1.998849534820805e-20
0.9120108393559101	0.547356931926266	0.04162313512212841
0.9120108393559101	0.6430883209993724	0.07740580318211948
0.9120108393559101	0.75556289595233	0.08069045031069462
0.9120108393559101	0.8877089990574226	0.06564033073177766
0.9120108393559101	1.042967132490383	0.041217097852349796
0.9120108393559101	1.2253795338452433	0.02067528864942125
0.9120108393559101	1.439695418187717	0.008285675895592313
0.9120108393559101	1.6914946266863922	0.002624956238803225
0.9120108393559101	1.9873329010871945	0.0004491195969627285
0.9120108393559101	2.334912566338227	0.00005725013919952953
0.9120108393559101	2.743283065188365	2.931138267488006e-6
0.9120108393559101	3.2230765657968274	5.496427901937803e-7
0.9120108393559101	3.786784776537589	6.345842721961473e-8
0.9120108393559101	4.449084175036247	3.4017077292210975e-10
0.9120108393559101	5.22721811897024	2.5112434509015468e-20
0.9120108393559101	6.1414457871137405	1.1439874096702803e-19
0.9120108393559101	7.2155696390736095	2.5701653440906696e-18
0.9120108393559101	8.477555126443487	1.0635397982310504e-19
0.9120108393559101	9.96025878992353	0.
0.9120108393559101	11.702283698846108	3.1591456027794086e-19
0.9120108393559101	13.748984504983008	6.726203338299499e-19
0.9120108393559101	16.153648277806017	0.
0.9120108393559101	18.978881864947425	0.
0.9120108393559101	22.29824189861291	4.015600622583974e-19
0.9120108393559101	26.198149886130484	8.425323870559456e-20
0.9120108393559101	30.780142245154025	0.
0.9120108393559101	36.16351386452239	8.735535568153475e-20
0.9120108393559101	42.48842401744912	1.1864143290103503e-19
0.9120108393559101	49.91954549133496	1.5386548177429307e-20
0.9120108393559101	58.65035194146207	5.601055368576978e-20
0.9120108393559101	60.1727777177948	6.427791839710573e-21
0.9120108393559101	62.13493351294028	4.9291776146202716e-20
0.9120108393559101	64.75114123980093	1.2806471700835813e-20
1.071519305237607	0.547356931926266	0.03812327872341776
1.071519305237607	0.6430883209993724	0.06606250687012101
1.071519305237607	0.75556289595233	0.05445417233030661
1.071519305237607	0.8877089990574226	0.036166015318188895
1.071519305237607	1.042967132490383	0.018453743244499016
1.071519305237607	1.2253795338452433	0.006640159254609441
1.071519305237607	1.439695418187717	0.0015997727233926307
1.071519305237607	1.6914946266863922	0.0003477903065885451
1.071519305237607	1.9873329010871945	0.000017321569052118678
1.071519305237607	2.334912566338227	9.422023234989152e-7
1.071519305237607	2.743283065188365	1.4567338825235684e-8
1.071519305237607	3.2230765657968274	7.322143761748215e-10
1.071519305237607	3.786784776537589	4.407969888435929e-11
1.071519305237607	4.449084175036247	0.
1.071519305237607	5.22721811897024	0.
1.071519305237607	6.1414457871137405	2.84067906729116e-20
1.071519305237607	7.2155696390736095	0.
1.071519305237607	8.477555126443487	0.
1.071519305237607	9.96025878992353	0.
1.071519305237607	11.702283698846108	0.
1.071519305237607	13.748984504983008	5.259476058953408e-19
1.071519305237607	16.153648277806017	0.
1.071519305237607	18.978881864947425	0.
1.071519305237607	22.29824189861291	3.8116397851381574e-19
1.071519305237607	26.198149886130484	2.358541459402892e-20
1.071519305237607	30.780142245154025	0.
1.071519305237607	36.16351386452239	7.710734793902128e-20
1.071519305237607	42.48842401744912	7.012801500562083e-20
1.071519305237607	49.91954549133496	5.2399448585774535e-21
1.071519305237607	58.65035194146207	4.808543831722203e-20
1.071519305237607	60.1727777177948	3.702937360083238e-21
1.071519305237607	62.13493351294028	9.512405075435591e-21
1.071519305237607	64.75114123980093	3.0741229202213663e-21
1.2589254117941675	0.547356931926266	0.03538550912324963
1.2589254117941675	0.6430883209993724	0.053551131988624996
1.2589254117941675	0.75556289595233	0.035603395115697836
1.2589254117941675	0.8877089990574226	0.016862715899402983
1.2589254117941675	1.042967132490383	0.005069930214463262
1.2589254117941675	1.2253795338452433	0.0008729410456248576
1.2589254117941675	1.439695418187717	0.00012825693032984657
1.2589254117941675	1.6914946266863922	0.000014122806955897107
1.2589254117941675	1.9873329010871945	2.354058579068868e-7
1.2589254117941675	2.334912566338227	4.417715661089287e-9
1.2589254117941675	2.743283065188365	2.3644452121693564e-11
1.2589254117941675	3.2230765657968274	1.3171991173323016e-19
1.2589254117941675	3.786784776537589	0.
1.2589254117941675	4.449084175036247	1.916544950159356e-19
1.2589254117941675	5.22721811897024	9.022238487224563e-20
1.2589254117941675	6.1414457871137405	0.
1.2589254117941675	7.2155696390736095	0.
1.2589254117941675	8.477555126443487	0.
1.2589254117941675	9.96025878992353	0.
1.2589254117941675	11.702283698846108	0.
1.2589254117941675	13.748984504983008	8.373726951363739e-20
1.2589254117941675	16.153648277806017	0.
1.2589254117941675	18.978881864947425	0.
1.2589254117941675	22.29824189861291	2.428393855918254e-19
1.2589254117941675	26.198149886130484	3.968058379856823e-20
1.2589254117941675	30.780142245154025	6.446744222608051e-22
1.2589254117941675	36.16351386452239	8.411998594101669e-20
1.2589254117941675	42.48842401744912	3.307474531320697e-20
1.2589254117941675	49.91954549133496	0.
1.2589254117941675	58.65035194146207	1.0953505796555583e-20
1.2589254117941675	60.1727777177948	8.435016349518679e-22
1.2589254117941675	62.13493351294028	0.
1.2589254117941675	64.75114123980093	0.
1.4791083881682088	0.547356931926266	0.03298876806229812
1.4791083881682088	0.6430883209993724	0.039772732653245976
1.4791083881682088	0.75556289595233	0.019181314804225885
1.4791083881682088	0.8877089990574226	0.004492739646257136
1.4791083881682088	1.042967132490383	0.0005702480532635853
1.4791083881682088	1.2253795338452433	0.000031490323711387934
1.4791083881682088	1.439695418187717	2.2442608733462977e-6
1.4791083881682088	1.6914946266863922	9.206729902386592e-8
1.4791083881682088	1.9873329010871945	2.511906003499632e-10
1.4791083881682088	2.334912566338227	9.564179385592029e-19
1.4791083881682088	2.743283065188365	0.
1.4791083881682088	3.2230765657968274	1.8061667068678568e-19
1.4791083881682088	3.786784776537589	0.
1.4791083881682088	4.449084175036247	0.
1.4791083881682088	5.22721811897024	0.
1.4791083881682088	6.1414457871137405	0.
1.4791083881682088	7.2155696390736095	0.
1.4791083881682088	8.477555126443487	0.
1.4791083881682088	9.96025878992353	0.
1.4791083881682088	11.702283698846108	1.750287904125083e-20
1.4791083881682088	13.748984504983008	0.
1.4791083881682088	16.153648277806017	0.
1.4791083881682088	18.978881864947425	0.
1.4791083881682088	22.29824189861291	1.8803830404338838e-19
1.4791083881682088	26.198149886130484	1.1008294770149178e-21
1.4791083881682088	30.780142245154025	2.9043809084690628e-21
1.4791083881682088	36.16351386452239	7.175158558623587e-20
1.4791083881682088	42.48842401744912	0.
1.4791083881682088	49.91954549133496	0.
1.4791083881682088	58.65035194146207	0.
1.4791083881682088	60.1727777177948	0.
1.4791083881682088	62.13493351294028	0.
1.4791083881682088	64.75114123980093	0.
1.7378008287493762	0.547356931926266	0.028092443246506515
1.7378008287493762	0.6430883209993724	0.027000125833480635
1.7378008287493762	0.75556289595233	0.006513819842264874
1.7378008287493762	0.8877089990574226	0.0004375311724000822
1.7378008287493762	1.042967132490383	0.000021360620929543773
1.7378008287493762	1.2253795338452433	3.7039491113324e-7
1.7378008287493762	1.439695418187717	1.0078861056184985e-8
1.7378008287493762	1.6914946266863922	1.3110422253497995e-10
1.7378008287493762	1.9873329010871945	1.3524059982175842e-14
1.7378008287493762	2.334912566338227	8.108094563145772e-19
1.7378008287493762	2.743283065188365	3.300198209616077e-20
1.7378008287493762	3.2230765657968274	0.
1.7378008287493762	3.786784776537589	0.
1.7378008287493762	4.449084175036247	0.
1.7378008287493762	5.22721811897024	0.
1.7378008287493762	6.1414457871137405	0.
1.7378008287493762	7.2155696390736095	0.
1.7378008287493762	8.477555126443487	0.
1.7378008287493762	9.96025878992353	0.
1.7378008287493762	11.702283698846108	0.
1.7378008287493762	13.748984504983008	0.
1.7378008287493762	16.153648277806017	0.
1.7378008287493762	18.978881864947425	0.
1.7378008287493762	22.29824189861291	8.61313764527403e-20
1.7378008287493762	26.198149886130484	2.3887448572158103e-21
1.7378008287493762	30.780142245154025	9.576306867214128e-21
1.7378008287493762	36.16351386452239	5.987275711509225e-20
1.7378008287493762	42.48842401744912	0.
1.7378008287493762	49.91954549133496	0.
1.7378008287493762	58.65035194146207	0.
1.7378008287493762	60.1727777177948	0.
1.7378008287493762	62.13493351294028	0.
1.7378008287493762	64.75114123980093	0.
2.0417379446695296	0.547356931926266	0.021472511273429692
2.0417379446695296	0.6430883209993724	0.014236908011878036
2.0417379446695296	0.75556289595233	0.0009402634429566268
2.0417379446695296	0.8877089990574226	0.000011879689146502018
2.0417379446695296	1.042967132490383	1.6495495113008638e-7
2.0417379446695296	1.2253795338452433	7.95558099677054e-10
2.0417379446695296	1.439695418187717	4.078949349612237e-15
2.0417379446695296	1.6914946266863922	4.488735600710873e-19
2.0417379446695296	1.9873329010871945	0.
2.0417379446695296	2.334912566338227	5.601085447198551e-20
2.0417379446695296	2.743283065188365	0.
2.0417379446695296	3.2230765657968274	0.
2.0417379446695296	3.786784776537589	2.8361551376536177e-20
2.0417379446695296	4.449084175036247	5.788332023133909e-20
2.0417379446695296	5.22721811897024	0.
2.0417379446695296	6.1414457871137405	0.
2.0417379446695296	7.2155696390736095	0.
2.0417379446695296	8.477555126443487	0.
2.0417379446695296	9.96025878992353	0.
2.0417379446695296	11.702283698846108	0.
2.0417379446695296	13.748984504983008	0.
2.0417379446695296	16.153648277806017	0.
2.0417379446695296	18.978881864947425	0.
2.0417379446695296	22.29824189861291	3.607232748272275e-20
2.0417379446695296	26.198149886130484	4.1404949811865024e-22
2.0417379446695296	30.780142245154025	1.2236057431434974e-20
2.0417379446695296	36.16351386452239	4.969754495846215e-20
2.0417379446695296	42.48842401744912	0.
2.0417379446695296	49.91954549133496	0.
2.0417379446695296	58.65035194146207	0.
2.0417379446695296	60.1727777177948	0.
2.0417379446695296	62.13493351294028	0.
2.0417379446695296	64.75114123980093	0.
2.398832919019492	0.547356931926266	0.014453561117076979
2.398832919019492	0.6430883209993724	0.005641283650308041
2.398832919019492	0.75556289595233	0.000042887155702716424
2.398832919019492	0.8877089990574226	6.022078252741429e-8
2.398832919019492	1.042967132490383	7.911064581203335e-11
2.398832919019492	1.2253795338452433	1.282669015563458e-14
2.398832919019492	1.439695418187717	0.
2.398832919019492	1.6914946266863922	2.3735798943980768e-18
2.398832919019492	1.9873329010871945	0.
2.398832919019492	2.334912566338227	4.785318128686833e-19
2.398832919019492	2.743283065188365	0.
2.398832919019492	3.2230765657968274	0.
2.398832919019492	3.786784776537589	0.
2.398832919019492	4.449084175036247	0.
2.398832919019492	5.22721811897024	0.
2.398832919019492	6.1414457871137405	4.436545723809498e-20
2.398832919019492	7.2155696390736095	0.
2.398832919019492	8.477555126443487	0.
2.398832919019492	9.96025878992353	0.
2.398832919019492	11.702283698846108	0.
2.398832919019492	13.748984504983008	0.
2.398832919019492	16.153648277806017	0.
2.398832919019492	18.978881864947425	0.
2.398832919019492	22.29824189861291	1.829810615045516e-19
2.398832919019492	26.198149886130484	9.225819776963756e-22
2.398832919019492	30.780142245154025	8.844896174651539e-21
2.398832919019492	36.16351386452239	2.980396464418131e-20
2.398832919019492	42.48842401744912	0.
2.398832919019492	49.91954549133496	0.
2.398832919019492	58.65035194146207	0.
2.398832919019492	60.1727777177948	0.
2.398832919019492	62.13493351294028	0.
2.398832919019492	64.75114123980093	0.
2.814101849141525	0.547356931926266	0.007338597075832557
2.814101849141525	0.6430883209993724	0.0017131114212796893
2.814101849141525	0.75556289595233	1.7126383245404642e-6
2.814101849141525	0.8877089990574226	1.6235997865240557e-10
2.814101849141525	1.042967132490383	8.056788306211289e-19
2.814101849141525	1.2253795338452433	1.2310585306297853e-19
2.814101849141525	1.439695418187717	0.
2.814101849141525	1.6914946266863922	1.3937549815013068e-18
2.814101849141525	1.9873329010871945	0.
2.814101849141525	2.334912566338227	1.925679955444908e-19
2.814101849141525	2.743283065188365	1.9786685962170576e-20
2.814101849141525	3.2230765657968274	1.0163260398243343e-19
2.814101849141525	3.786784776537589	0.
2.814101849141525	4.449084175036247	0.
2.814101849141525	5.22721811897024	0.
2.814101849141525	6.1414457871137405	0.
2.814101849141525	7.2155696390736095	0.
2.814101849141525	8.477555126443487	0.
2.814101849141525	9.96025878992353	0.
2.814101849141525	11.702283698846108	0.
2.814101849141525	13.748984504983008	0.
2.814101849141525	16.153648277806017	6.905163800856794e-22
2.814101849141525	18.978881864947425	0.
2.814101849141525	22.29824189861291	5.831454229370325e-20
2.814101849141525	26.198149886130484	8.921236318277604e-21
2.814101849141525	30.780142245154025	8.021103816683905e-21
2.814101849141525	36.16351386452239	8.242787159078817e-21
2.814101849141525	42.48842401744912	0.
2.814101849141525	49.91954549133496	0.
2.814101849141525	58.65035194146207	0.
2.814101849141525	60.1727777177948	0.
2.814101849141525	62.13493351294028	0.
2.814101849141525	64.75114123980093	0.
2.9058660398744007	0.547356931926266	0.0065632539613256205
2.9058660398744007	0.6430883209993724	0.0014378972342875252
2.9058660398744007	0.75556289595233	1.1501466966123777e-6
2.9058660398744007	0.8877089990574226	9.786656704181567e-11
2.9058660398744007	1.042967132490383	1.291172478947225e-18
2.9058660398744007	1.2253795338452433	2.411072780211867e-19
2.9058660398744007	1.439695418187717	0.
2.9058660398744007	1.6914946266863922	8.30311354234849e-19
2.9058660398744007	1.9873329010871945	0.
2.9058660398744007	2.334912566338227	1.1842771619950622e-19
2.9058660398744007	2.743283065188365	3.875294207951566e-20
2.9058660398744007	3.2230765657968274	6.054629842913269e-20
2.9058660398744007	3.786784776537589	0.
2.9058660398744007	4.449084175036247	0.
2.9058660398744007	5.22721811897024	0.
2.9058660398744007	6.1414457871137405	0.
2.9058660398744007	7.2155696390736095	0.
2.9058660398744007	8.477555126443487	0.
2.9058660398744007	9.96025878992353	0.
2.9058660398744007	11.702283698846108	0.
2.9058660398744007	13.748984504983008	0.
2.9058660398744007	16.153648277806017	1.3524013740137046e-21
2.9058660398744007	18.978881864947425	0.
2.9058660398744007	22.29824189861291	7.972937794197973e-20
2.9058660398744007	26.198149886130484	7.966099094863712e-21
2.9058660398744007	30.780142245154025	9.263058949511055e-21
2.9058660398744007	36.16351386452239	7.969202430108497e-21
2.9058660398744007	42.48842401744912	0.
2.9058660398744007	49.91954549133496	0.
2.9058660398744007	58.65035194146207	0.
2.9058660398744007	60.1727777177948	0.
2.9058660398744007	62.13493351294028	0.
2.9058660398744007	64.75114123980093	0.
3.028218294184902	0.547356931926266	0.0056276177746239515
3.028218294184902	0.6430883209993724	0.0011070839162955772
3.028218294184902	0.75556289595233	4.766235437394445e-7
3.028218294184902	0.8877089990574226	2.0692153225271034e-11
3.028218294184902	1.042967132490383	1.8691742022775906e-18
3.028218294184902	1.2253795338452433	3.816990641901614e-19
3.028218294184902	1.439695418187717	0.
3.028218294184902	1.6914946266863922	1.5611670238261755e-19
3.028218294184902	1.9873329010871945	0.
3.028218294184902	2.334912566338227	2.970100033525785e-20
3.028218294184902	2.743283065188365	6.135012533743113e-20
3.028218294184902	3.2230765657968274	1.1384028899545221e-20
3.028218294184902	3.786784776537589	0.
3.028218294184902	4.449084175036247	0.
3.028218294184902	5.22721811897024	0.
3.028218294184902	6.1414457871137405	0.
3.028218294184902	7.2155696390736095	0.
3.028218294184902	8.477555126443487	0.
3.028218294184902	9.96025878992353	0.
3.028218294184902	11.702283698846108	0.
3.028218294184902	13.748984504983008	0.
3.028218294184902	16.153648277806017	2.1409985758503677e-21
3.028218294184902	18.978881864947425	0.
3.028218294184902	22.29824189861291	1.051915339010797e-19
3.028218294184902	26.198149886130484	6.8136718639523e-21
3.028218294184902	30.780142245154025	1.0732985549410743e-20
3.028218294184902	36.16351386452239	7.630827746447644e-21
3.028218294184902	42.48842401744912	0.
3.028218294184902	49.91954549133496	0.
3.028218294184902	58.65035194146207	0.
3.028218294184902	60.1727777177948	0.
3.028218294184902	62.13493351294028	0.
3.028218294184902	64.75114123980093	0.