0.00001	0.9688755366805382	8.859279305024333e-17
0.00001	1.1383294990866888	2.170230222169557e-17
0.00001	1.33742054519249	1.7429482080424652e-13
0.00001	1.5713321284725492	3.7973424894089196e-11
0.00001	1.8461542757403249	1.2365470197769756e-9
0.00001	2.169042144608466	6.040816313784557e-9
0.00001	2.54840231226128	7.69723637614662e-9
0.00001	2.994111645678021	6.267330445743807e-7
0.00001	3.5177744517230782	0.000020473920386977277
0.00001	4.133024602158189	0.00010553359323682192
0.00001	4.855880499580578	0.00016673593234004555
0.00001	5.705162126035761	0.0003560356455154419
0.00001	6.7029810324130255	0.00029326062679589816
0.00001	7.875316025788107	0.0003100544869012391
0.00001	9.25268954307454	0.0004907640667586578
0.00001	10.870962320772826	0.0006209709723250763
0.00001	12.772267050515747	0.0005156016019325445
0.00001	15.00610532868567	0.00023297816707205227
0.00001	17.63063645983784	0.00020915256632666869
0.00001	20.714191668691196	0.00035723687718872073
0.00001	24.337053144094064	0.0003427786233564953
0.00001	28.593544233429512	0.00032569545668983155
0.00001	33.59448520691161	0.000264761105776707
0.00001	39.47007852905264	0.00019672563037736614
0.00001	46.37329875705518	0.00021839318911601912
0.00001	54.48387532414446	0.00019194551527325986
0.00001	59.226966843451	0.00015184915053108607
0.00001	61.158280979650485	0.00013809411677194586
0.00001	63.73336649458314	0.00012715302883745615
0.00003	0.9688755366805382	2.6577837915073e-16
0.00003	1.1383294990866888	6.510690666508672e-17
0.00003	1.33742054519249	5.228844624127396e-13
0.00003	1.5713321284725492	1.1392027468226759e-10
0.00003	1.8461542757403249	3.709641059330927e-9
0.00003	2.169042144608466	1.8122448941353675e-8
0.00003	2.54840231226128	2.309170912843986e-8
0.00003	2.994111645678021	1.8801991337231425e-6
0.00003	3.5177744517230782	0.00006142176116093183
0.00003	4.133024602158189	0.0003166007797104658
0.00003	4.855880499580578	0.0005002077970201368
0.00003	5.705162126035761	0.0010681069365463258
0.00003	6.7029810324130255	0.0008797818803876947
0.00003	7.875316025788107	0.0009301634607037173
0.00003	9.25268954307454	0.0014722922002759736
0.00003	10.870962320772826	0.0018629129169752292
0.00003	12.772267050515747	0.0015468048057976336
0.00003	15.00610532868567	0.0006989345012161569
0.00003	17.63063645983784	0.000627457698980006
0.00003	20.714191668691196	0.0010717106315661622
0.00003	24.337053144094064	0.0010283358700694859
0.00003	28.593544233429512	0.0009770863700694946
0.00003	33.59448520691161	0.0007942833173301211
0.00003	39.47007852905264	0.0005901768911320984
0.00003	46.37329875705518	0.0006551795673480574
0.00003	54.48387532414446	0.0005758365458197796
0.00003	59.226966843451	0.0004555474515932582
0.00003	61.158280979650485	0.00041428235031583757
0.00003	63.73336649458314	0.0003814590865123685
0.00006	0.9688755366805382	5.3155675830146e-16
0.00006	1.1383294990866888	1.3021381333017343e-16
0.00006	1.33742054519249	1.0457689248254791e-12
0.00006	1.5713321284725492	2.2784054936453517e-10
0.00006	1.8461542757403249	7.419282118661854e-9
0.00006	2.169042144608466	3.624489788270735e-8
0.00006	2.54840231226128	4.618341825687972e-8
0.00006	2.994111645678021	3.760398267446285e-6
0.00006	3.5177744517230782	0.00012284352232186366
0.00006	4.133024602158189	0.0006332015594209316
0.00006	4.855880499580578	0.0010004155940402735
0.00006	5.705162126035761	0.0021362138730926516
0.00006	6.7029810324130255	0.0017595637607753893
0.00006	7.875316025788107	0.0018603269214074345
0.00006	9.25268954307454	0.002944584400551947
0.00006	10.870962320772826	0.0037258258339504585
0.00006	12.772267050515747	0.0030936096115952673
0.00006	15.00610532868567	0.0013978690024323138
0.00006	17.63063645983784	0.001254915397960012
0.00006	20.714191668691196	0.0021434212631323245
0.00006	24.337053144094064	0.0020566717401389717
0.00006	28.593544233429512	0.0019541727401389893
0.00006	33.59448520691161	0.0015885666346602421
0.00006	39.47007852905264	0.0011803537822641969
0.00006	46.37329875705518	0.0013103591346961148
0.00006	54.48387532414446	0.0011516730916395592
0.00006	59.226966843451	0.0009110949031865165
0.00006	61.158280979650485	0.0008285647006316751
0.00006	63.73336649458314	0.000762918173024737
0.0001	0.9688755366805382	8.859279305024333e-16
0.0001	1.1383294990866888	2.170230222169557e-16
0.0001	1.33742054519249	1.7429482080424652e-12
0.0001	1.5713321284725492	3.7973424894089196e-10
0.0001	1.8461542757403249	1.2365470197769755e-8
0.0001	2.169042144608466	6.040816313784558e-8
0.0001	2.54840231226128	7.69723637614662e-8
0.0001	2.994111645678021	6.267330445743808e-6
0.0001	3.5177744517230782	0.00020473920386977277
0.0001	4.133024602158189	0.0010553359323682192
0.0001	4.855880499580578	0.0016673593234004557
0.0001	5.705162126035761	0.003560356455154419
0.0001	6.7029810324130255	0.002932606267958982
0.0001	7.875316025788107	0.003100544869012391
0.0001	9.25268954307454	0.0049076406675865785
0.0001	10.870962320772826	0.006209709723250764
0.0001	12.772267050515747	0.005156016019325445
0.0001	15.00610532868567	0.002329781670720523
0.0001	17.63063645983784	0.0020915256632666867
0.0001	20.714191668691196	0.003572368771887207
0.0001	24.337053144094064	0.003427786233564953
0.0001	28.593544233429512	0.0032569545668983155
0.0001	33.59448520691161	0.00264761105776707
0.0001	39.47007852905264	0.0019672563037736613
0.0001	46.37329875705518	0.0021839318911601913
0.0001	54.48387532414446	0.0019194551527325987
0.0001	59.226966843451	0.0015184915053108607
0.0001	61.158280979650485	0.0013809411677194584
0.0001	63.73336649458314	0.0012715302883745617
0.0003	0.9688755366805382	2.6577837915072995e-15
0.0003	1.1383294990866888	6.510690666508671e-16
0.0003	1.33742054519249	5.228844624127395e-12
0.0003	1.5713321284725492	1.1392027468226758e-9
0.0003	1.8461542757403249	3.7096410593309266e-8
0.0003	2.169042144608466	1.8122448941353671e-7
0.0003	2.54840231226128	2.3091709128439858e-7
0.0003	2.994111645678021	0.000018801991337231422
0.0003	3.5177744517230782	0.0006142176116093182
0.0003	4.133024602158189	0.0031660077971046576
0.0003	4.855880499580578	0.005002077970201367
0.0003	5.705162126035761	0.010681069365463257
0.0003	6.7029810324130255	0.008797818803876945
0.0003	7.875316025788107	0.009301634607037172
0.0003	9.25268954307454	0.014722922002759735
0.0003	10.870962320772826	0.01862912916975229
0.0003	12.772267050515747	0.015468048057976334
0.0003	15.00610532868567	0.006989345012161568
0.0003	17.63063645983784	0.00627457698980006
0.0003	20.714191668691196	0.01071710631566162
0.0003	24.337053144094064	0.010283358700694857
0.0003	28.593544233429512	0.009770863700694946
0.0003	33.59448520691161	0.00794283317330121
0.0003	39.47007852905264	0.005901768911320984
0.0003	46.37329875705518	0.006551795673480573
0.0003	54.48387532414446	0.005758365458197795
0.0003	59.226966843451	0.004555474515932582
0.0003	61.158280979650485	0.004142823503158375
0.0003	63.73336649458314	0.0038145908651236846
0.0006	0.9688755366805382	5.315567583014599e-15
0.0006	1.1383294990866888	1.3021381333017342e-15
0.0006	1.33742054519249	1.045768924825479e-11
0.0006	1.5713321284725492	2.2784054936453516e-9
0.0006	1.8461542757403249	7.419282118661853e-8
0.0006	2.169042144608466	3.6244897882707343e-7
0.0006	2.54840231226128	4.6183418256879716e-7
0.0006	2.994111645678021	0.000037603982674462844
0.0006	3.5177744517230782	0.0012284352232186364
0.0006	4.133024602158189	0.006332015594209315
0.0006	4.855880499580578	0.010004155940402734
0.0006	5.705162126035761	0.021362138730926513
0.0006	6.7029810324130255	0.01759563760775389
0.0006	7.875316025788107	0.018603269214074344
0.0006	9.25268954307454	0.02944584400551947
0.0006	10.870962320772826	0.03725825833950458
0.0006	12.772267050515747	0.030936096115952667
0.0006	15.00610532868567	0.013978690024323136
0.0006	17.63063645983784	0.01254915397960012
0.0006	20.714191668691196	0.02143421263132324
0.0006	24.337053144094064	0.020566717401389715
0.0006	28.593544233429512	0.019541727401389892
0.0006	33.59448520691161	0.01588566634660242
0.0006	39.47007852905264	0.011803537822641968
0.0006	46.37329875705518	0.013103591346961147
0.0006	54.48387532414446	0.01151673091639559
0.0006	59.226966843451	0.009110949031865163
0.0006	61.158280979650485	0.00828564700631675
0.0006	63.73336649458314	0.007629181730247369
0.001	0.9688755366805382	8.859279305024332e-15
0.001	1.1383294990866888	2.170230222169557e-15
0.001	1.33742054519249	1.742948208042465e-11
0.001	1.5713321284725492	3.797342489408919e-9
0.001	1.8461542757403249	1.2365470197769755e-7
0.001	2.169042144608466	6.040816313784557e-7
0.001	2.54840231226128	7.69723637614662e-7
0.001	2.994111645678021	0.00006267330445743808
0.001	3.5177744517230782	0.0020473920386977276
0.001	4.133024602158189	0.010553359323682192
0.001	4.855880499580578	0.016673593234004556
0.001	5.705162126035761	0.03560356455154419
0.001	6.7029810324130255	0.02932606267958982
0.001	7.875316025788107	0.031005448690123907
0.001	9.25268954307454	0.04907640667586578
0.001	10.870962320772826	0.062097097232507635
0.001	12.772267050515747	0.05156016019325445
0.001	15.00610532868567	0.023297816707205227
0.001	17.63063645983784	0.020915256632666867
0.001	20.714191668691196	0.03572368771887207
0.001	24.337053144094064	0.03427786233564953
0.001	28.593544233429512	0.03256954566898315
0.001	33.59448520691161	0.0264761105776707
0.001	39.47007852905264	0.019672563037736613
0.001	46.37329875705518	0.021839318911601912
0.001	54.48387532414446	0.019194551527325986
0.001	59.226966843451	0.015184915053108606
0.001	61.158280979650485	0.013809411677194584
0.001	63.73336649458314	0.012715302883745616
0.002	0.9688755366805382	4.156113029011122e-15
0.002	1.1383294990866888	1.6675484057684794e-16
0.002	1.33742054519249	1.0024255957772983e-6
0.002	1.5713321284725492	0.00021847989471552635
0.002	1.8461542757403249	0.0071144706486163545
0.002	2.169042144608466	0.034757452335108976
0.002	2.54840231226128	0.02802155502820513
0.002	2.994111645678021	0.035674913626329685
0.002	3.5177744517230782	0.07974324610691783
0.002	4.133024602158189	0.03987087404685212
0.002	4.855880499580578	0.016783846826944025
0.002	5.705162126035761	0.026529932853342805
0.002	6.7029810324130255	0.021856391280318892
0.002	7.875316025788107	0.03440147025397663
0.002	9.25268954307454	0.04654391752294346
0.002	10.870962320772826	0.0498062695509392
0.002	12.772267050515747	0.04527693617318701
0.002	15.00610532868567	0.05030655006634422
0.002	17.63063645983784	0.053384248101275955
0.002	20.714191668691196	0.043412484568892434
0.002	24.337053144094064	0.042891784645085126
0.002	28.593544233429512	0.05327015062091425
0.002	33.59448520691161	0.04787885937290865
0.002	39.47007852905264	0.04067201534787735
0.002	46.37329875705518	0.03137203814795983
0.002	54.48387532414446	0.023140441403316725
0.002	59.226966843451	0.02055634948540209
0.002	61.158280979650485	0.019720878282086945
0.002	63.73336649458314	0.01881850074864979
0.004	0.9688755366805382	3.156185071861724e-16
0.004	1.1383294990866888	2.2211238845865715e-9
0.004	1.33742054519249	3.794295391711131e-7
0.004	1.5713321284725492	0.00003196724040624199
0.004	1.8461542757403249	0.0017575887103462586
0.004	2.169042144608466	0.021190631473416703
0.004	2.54840231226128	0.04267144321911055
0.004	2.994111645678021	0.0236404240270333
0.004	3.5177744517230782	0.020115642502883325
0.004	4.133024602158189	0.04913671690568125
0.004	4.855880499580578	0.09347694771738296
0.004	5.705162126035761	0.10583356694330581
0.004	6.7029810324130255	0.11340775744270565
0.004	7.875316025788107	0.12184665878175198
0.004	9.25268954307454	0.12298774402256439
0.004	10.870962320772826	0.11796293095950727
0.004	12.772267050515747	0.1330798717732875
0.004	15.00610532868567	0.13521221844066023
0.004	17.63063645983784	0.11520526016263885
0.004	20.714191668691196	0.09478299464645094
0.004	24.337053144094064	0.09023668695046252
0.004	28.593544233429512	0.08440993318013121
0.004	33.59448520691161	0.06941755467914419
0.004	39.47007852905264	0.06076265041932562
0.004	46.37329875705518	0.04218215188346974
0.004	54.48387532414446	0.024749482048247853
0.004	59.226966843451	0.02003776773253081
0.004	61.158280979650485	0.018779123824102042
0.004	63.73336649458314	0.01765092791348625
0.006	0.9688755366805382	1.3959047050577484e-7
0.006	1.1383294990866888	3.029679820575271e-6
0.006	1.33742054519249	0.00022108993233380833
0.006	1.5713321284725492	0.005300786576974451
0.006	1.8461542757403249	0.025214343704657256
0.006	2.169042144608466	0.052581627704447985
0.006	2.54840231226128	0.06267209255442993
0.006	2.994111645678021	0.03395643723167619
0.006	3.5177744517230782	0.038410603863681426
0.006	4.133024602158189	0.06421239723775422
0.006	4.855880499580578	0.08784266974592746
0.006	5.705162126035761	0.0886669810868889
0.006	6.7029810324130255	0.12019016805798714
0.006	7.875316025788107	0.1463385091591534
0.006	9.25268954307454	0.16088396468630964
0.006	10.870962320772826	0.1524931286476055
0.006	12.772267050515747	0.15478477864131943
0.006	15.00610532868567	0.16775038195699404
0.006	17.63063645983784	0.17006534256578715
0.006	20.714191668691196	0.15637627651243252
0.006	24.337053144094064	0.14949803879206472
0.006	28.593544233429512	0.13260563683422644
0.006	33.59448520691161	0.1052705003674323
0.006	39.47007852905264	0.075023557521263
0.006	46.37329875705518	0.05079026078087587
0.006	54.48387532414446	0.03575302892203074
0.006	59.226966843451	0.027547265777280967
0.006	61.158280979650485	0.0250344802069376
0.006	63.73336649458314	0.023062412351384193
0.008	0.9688755366805382	0.000050703747859616085
0.008	1.1383294990866888	0.0006105906211297388
0.008	1.33742054519249	0.00231951550677923
0.008	1.5713321284725492	0.005505902956952506
0.008	1.8461542757403249	0.020154593147962845
0.008	2.169042144608466	0.02764187495260078
0.008	2.54840231226128	0.03576285862154147
0.008	2.994111645678021	0.0436047231692066
0.008	3.5177744517230782	0.05106410172947865
0.008	4.133024602158189	0.06555079601249816
0.008	4.855880499580578	0.07979968482119289
0.008	5.705162126035761	0.11488672349258551
0.008	6.7029810324130255	0.16222569651478247
0.008	7.875316025788107	0.18724269458492693
0.008	9.25268954307454	0.20281574773898575
0.008	10.870962320772826	0.20647310411203418
0.008	12.772267050515747	0.21646507530394585
0.008	15.00610532868567	0.2288013172523376
0.008	17.63063645983784	0.22711926805144603
0.008	20.714191668691196	0.20014923392865544
0.008	24.337053144094064	0.1661052796587846
0.008	28.593544233429512	0.14936611647326797
0.008	33.59448520691161	0.1198729769702994
0.008	39.47007852905264	0.0793078160943246
0.008	46.37329875705518	0.048876514753915336
0.008	54.48387532414446	0.024548630754515383
0.008	59.226966843451	0.016525841585825818
0.008	61.158280979650485	0.014584891929834157
0.008	63.73336649458314	0.013219309243410313
0.01	0.9688755366805382	0.000310152538844922
0.01	1.1383294990866888	0.003672640329679936
0.01	1.33742054519249	0.013184328927982943
0.01	1.5713321284725492	0.008790596784895887
0.01	1.8461542757403249	0.013238833483425357
0.01	2.169042144608466	0.029716951121311903
0.01	2.54840231226128	0.048072406546969856
0.01	2.994111645678021	0.06924363567136996
0.01	3.5177744517230782	0.06838285985551112
0.01	4.133024602158189	0.0727359945397459
0.01	4.855880499580578	0.10007966187296953
0.01	5.705162126035761	0.14993396065969622
0.01	6.7029810324130255	0.1988960284813768
0.01	7.875316025788107	0.20950902625215131
0.01	9.25268954307454	0.22209617101674997
0.01	10.870962320772826	0.23414397206475057
0.01	12.772267050515747	0.2604166999522955
0.01	15.00610532868567	0.26898156528678
0.01	17.63063645983784	0.2686987171608547
0.01	20.714191668691196	0.24794652969215267
0.01	24.337053144094064	0.2004677835489982
0.01	28.593544233429512	0.1630736142184743
0.01	33.59448520691161	0.12456737863597545
0.01	39.47007852905264	0.08056172400452301
0.01	46.37329875705518	0.04551722492709785
0.01	54.48387532414446	0.017125641023044404
0.01	59.226966843451	0.009369511259349117
0.01	61.158280979650485	0.007761642779624092
0.01	63.73336649458314	0.006782048528586536
0.011748975549395297	0.9688755366805382	0.0005076472777443219
0.011748975549395297	1.1383294990866888	0.0051801657306804185
0.011748975549395297	1.33742054519249	0.019187579601260378
0.011748975549395297	1.5713321284725492	0.017564986400873728
0.011748975549395297	1.8461542757403249	0.02235596282318576
0.011748975549395297	2.169042144608466	0.04034692744275492
0.011748975549395297	2.54840231226128	0.06284628030349615
0.011748975549395297	2.994111645678021	0.08632336464985782
0.011748975549395297	3.5177744517230782	0.0953530702840346
0.011748975549395297	4.133024602158189	0.10395359362107823
0.011748975549395297	4.855880499580578	0.13683064858291327
0.011748975549395297	5.705162126035761	0.18854934655658215
0.011748975549395297	6.7029810324130255	0.22851106000971302
0.011748975549395297	7.875316025788107	0.23746174881694204
0.011748975549395297	9.25268954307454	0.26293392600441495
0.011748975549395297	10.870962320772826	0.28551429148814816
0.011748975549395297	12.772267050515747	0.30564304490027394
0.011748975549395297	15.00610532868567	0.3052902829346352
0.011748975549395297	17.63063645983784	0.3050837612609491
0.011748975549395297	20.714191668691196	0.2798609288041967
0.011748975549395297	24.337053144094064	0.2271932730536702
0.011748975549395297	28.593544233429512	0.1718652478612059
0.011748975549395297	33.59448520691161	0.11967819217160314
0.011748975549395297	39.47007852905264	0.07950933368768129
0.011748975549395297	46.37329875705518	0.04435406051358663
0.011748975549395297	54.48387532414446	0.014546066841452298
0.011748975549395297	59.226966843451	0.007029555604150004
0.011748975549395297	61.158280979650485	0.005564141844454467
0.011748975549395297	63.73336649458314	0.004722186451392321
0.013803842646028852	0.9688755366805382	0.0009062689001519718
0.013803842646028852	1.1383294990866888	0.007467715109769643
0.013803842646028852	1.33742054519249	0.026390702886418815
0.013803842646028852	1.5713321284725492	0.03298107232468358
0.013803842646028852	1.8461542757403249	0.035620914656470146
0.013803842646028852	2.169042144608466	0.04659620316219763
0.013803842646028852	2.54840231226128	0.06919550019432433
0.013803842646028852	2.994111645678021	0.0875901132118193
0.013803842646028852	3.5177744517230782	0.11620434321572021
0.013803842646028852	4.133024602158189	0.14754507287375496
0.013803842646028852	4.855880499580578	0.18595190956947133
0.013803842646028852	5.705162126035761	0.23609189524258967
0.013803842646028852	6.7029810324130255	0.2744307322734905
0.013803842646028852	7.875316025788107	0.2849435333911366
0.013803842646028852	9.25268954307454	0.3181617834713627
0.013803842646028852	10.870962320772826	0.33785631712120645
0.013803842646028852	12.772267050515747	0.3463518626022784
0.013803842646028852	15.00610532868567	0.3384261965843549
0.013803842646028852	17.63063645983784	0.325775241120996
0.013803842646028852	20.714191668691196	0.2911239503370006
0.013803842646028852	24.337053144094064	0.23660178357473285
0.013803842646028852	28.593544233429512	0.1772850936139442
0.013803842646028852	33.59448520691161	0.11822681440532307
0.013803842646028852	39.47007852905264	0.07436080664700312
0.013803842646028852	46.37329875705518	0.0391398507022477
0.013803842646028852	54.48387532414446	0.012299696652716062
0.013803842646028852	59.226966843451	0.005495817255384025
0.013803842646028852	61.158280979650485	0.004162397792330336
0.013803842646028852	63.73336649458314	0.0034102119940201407
0.0162181009735893	0.9688755366805382	0.0011665200208939648
0.0162181009735893	1.1383294990866888	0.005981982943541997
0.0162181009735893	1.33742054519249	0.019210950566276478
0.0162181009735893	1.5713321284725492	0.03678808593644222
0.0162181009735893	1.8461542757403249	0.04918247940716597
0.0162181009735893	2.169042144608466	0.061473758612745705
0.0162181009735893	2.54840231226128	0.08100292995546401
0.0162181009735893	2.994111645678021	0.08688959073555061
0.0162181009735893	3.5177744517230782	0.12393002140431504
0.0162181009735893	4.133024602158189	0.18026676221936927
0.0162181009735893	4.855880499580578	0.2282670986662252
0.0162181009735893	5.705162126035761	0.26763140955420645
0.0162181009735893	6.7029810324130255	0.30245789501876963
0.0162181009735893	7.875316025788107	0.327595501999445
0.0162181009735893	9.25268954307454	0.36437963654292277
0.0162181009735893	10.870962320772826	0.3806181084055376
0.0162181009735893	12.772267050515747	0.38274659668350125
0.0162181009735893	15.00610532868567	0.369491516926351
0.0162181009735893	17.63063645983784	0.34933130280131847
0.0162181009735893	20.714191668691196	0.3048282152025432
0.0162181009735893	24.337053144094064	0.24055104778217481
0.0162181009735893	28.593544233429512	0.1701811872477623
0.0162181009735893	33.59448520691161	0.1097333963335629
0.0162181009735893	39.47007852905264	0.06256130645716916
0.0162181009735893	46.37329875705518	0.02942920556247437
0.0162181009735893	54.48387532414446	0.009224789548091196
0.0162181009735893	59.226966843451	0.004032644189773937
0.0162181009735893	61.158280979650485	0.0029911105044369128
0.0162181009735893	63.73336649458314	0.0024046339628400865
0.019054607179632473	0.9688755366805382	0.0029357646904196767
0.019054607179632473	1.1383294990866888	0.006726603512502018
0.019054607179632473	1.33742054519249	0.010970858041799182
0.019054607179632473	1.5713321284725492	0.02792796313934184
0.019054607179632473	1.8461542757403249	0.055959400148482455
0.019054607179632473	2.169042144608466	0.08313219637024714
0.019054607179632473	2.54840231226128	0.10743891289690087
0.019054607179632473	2.994111645678021	0.1142871484306152
0.019054607179632473	3.5177744517230782	0.144760187684959
0.019054607179632473	4.133024602158189	0.19958581665629593
0.019054607179632473	4.855880499580578	0.2535007811026738
0.019054607179632473	5.705162126035761	0.30824609929753594
0.019054607179632473	6.7029810324130255	0.34487105159436127
0.019054607179632473	7.875316025788107	0.3710765161161551
0.019054607179632473	9.25268954307454	0.4078444515070202
0.019054607179632473	10.870962320772826	0.4271549292476107
0.019054607179632473	12.772267050515747	0.43099439263195016
0.019054607179632473	15.00610532868567	0.4058351527259535
0.019054607179632473	17.63063645983784	0.36923971034585057
0.019054607179632473	20.714191668691196	0.3095527256513355
0.019054607179632473	24.337053144094064	0.23428887731863918
0.019054607179632473	28.593544233429512	0.1517949543634714
0.019054607179632473	33.59448520691161	0.09034320276464451
0.019054607179632473	39.47007852905264	0.04656372514056501
0.019054607179632473	46.37329875705518	0.0189782272149469
0.019054607179632473	54.48387532414446	0.005695007821103631
0.019054607179632473	59.226966843451	0.0025162452353155486
0.019054607179632473	61.158280979650485	0.0018753888461295718
0.019054607179632473	63.73336649458314	0.0015122228602904497
0.0223872113856834	0.9688755366805382	0.004897991711464947
0.0223872113856834	1.1383294990866888	0.01187080556473528
0.0223872113856834	1.33742054519249	0.016850529520531878
0.0223872113856834	1.5713321284725492	0.025846870463914342
0.0223872113856834	1.8461542757403249	0.057910763490063376
0.0223872113856834	2.169042144608466	0.09051337119495256
0.0223872113856834	2.54840231226128	0.12240266938679156
0.0223872113856834	2.994111645678021	0.14869837612548056
0.0223872113856834	3.5177744517230782	0.18240897006598875
0.0223872113856834	4.133024602158189	0.2281575605842449
0.0223872113856834	4.855880499580578	0.2837207338599734
0.0223872113856834	5.705162126035761	0.3632659583490562
0.0223872113856834	6.7029810324130255	0.4062559272820952
0.0223872113856834	7.875316025788107	0.43007550882998924
0.0223872113856834	9.25268954307454	0.46610607832538187
0.0223872113856834	10.870962320772826	0.48016671736916056
0.0223872113856834	12.772267050515747	0.47416541786610056
0.0223872113856834	15.00610532868567	0.43450305855871635
0.0223872113856834	17.63063645983784	0.3673815733684685
0.0223872113856834	20.714191668691196	0.287659050123962
0.0223872113856834	24.337053144094064	0.20911937074154033
0.0223872113856834	28.593544233429512	0.1277443693693119
0.0223872113856834	33.59448520691161	0.06921466844485391
0.0223872113856834	39.47007852905264	0.03299341827577683
0.0223872113856834	46.37329875705518	0.011568579616051082
0.0223872113856834	54.48387532414446	0.0027193365916738954
0.0223872113856834	59.226966843451	0.0010912456629013593
0.0223872113856834	61.158280979650485	0.0007904829926943595
0.0223872113856834	63.73336649458314	0.0006244740386410962
0.026302679918953815	0.9688755366805382	0.006748371183921153
0.026302679918953815	1.1383294990866888	0.015331324256217072
0.026302679918953815	1.33742054519249	0.02615062273240015
0.026302679918953815	1.5713321284725492	0.034147449295081754
0.026302679918953815	1.8461542757403249	0.06779684079392073
0.026302679918953815	2.169042144608466	0.11036292706287645
0.026302679918953815	2.54840231226128	0.1519126214002051
0.026302679918953815	2.994111645678021	0.19515850480463245
0.026302679918953815	3.5177744517230782	0.23641547040644342
0.026302679918953815	4.133024602158189	0.27347758733448563
0.026302679918953815	4.855880499580578	0.31915016455350914
0.026302679918953815	5.705162126035761	0.3980357498292005
0.026302679918953815	6.7029810324130255	0.44711722600573073
0.026302679918953815	7.875316025788107	0.4787136019612485
0.026302679918953815	9.25268954307454	0.511043609036131
0.026302679918953815	10.870962320772826	0.5231122772193395
0.026302679918953815	12.772267050515747	0.5029280665200259
0.026302679918953815	15.00610532868567	0.4374382367243004
0.026302679918953815	17.63063645983784	0.3425401462734978
0.026302679918953815	20.714191668691196	0.2505859308752567
0.026302679918953815	24.337053144094064	0.1721229244447685
0.026302679918953815	28.593544233429512	0.10109341270045702
0.026302679918953815	33.59448520691161	0.04963050499992197
0.026302679918953815	39.47007852905264	0.021239408550764047
0.026302679918953815	46.37329875705518	0.0065506736869455
0.026302679918953815	54.48387532414446	0.0011759870014441025
0.026302679918953815	59.226966843451	0.0004201423287064587
0.026302679918953815	61.158280979650485	0.0002964461191357861
0.026302679918953815	63.73336649458314	0.00023069071799025655
0.030902954325135904	0.9688755366805382	0.015352436559719669
0.030902954325135904	1.1383294990866888	0.02072777315709667
0.030902954325135904	1.33742054519249	0.03367370205219281
0.030902954325135904	1.5713321284725492	0.04487686156190217
0.030902954325135904	1.8461542757403249	0.08182423850306905
0.030902954325135904	2.169042144608466	0.12806522741275647
0.030902954325135904	2.54840231226128	0.17806646552467256
0.030902954325135904	2.994111645678021	0.23106601364450705
0.030902954325135904	3.5177744517230782	0.2809838517432729
0.030902954325135904	4.133024602158189	0.32376269852345274
0.030902954325135904	4.855880499580578	0.36506616415688803
0.030902954325135904	5.705162126035761	0.4287039143801138
0.030902954325135904	6.7029810324130255	0.4845597789212205
0.030902954325135904	7.875316025788107	0.5196487919187878
0.030902954325135904	9.25268954307454	0.534410770594352
0.030902954325135904	10.870962320772826	0.5411403947849243
0.030902954325135904	12.772267050515747	0.501923760946013
0.030902954325135904	15.00610532868567	0.4145050868628498
0.030902954325135904	17.63063645983784	0.30593850574003867
0.030902954325135904	20.714191668691196	0.20986734053095923
0.030902954325135904	24.337053144094064	0.13261227024214275
0.030902954325135904	28.593544233429512	0.07322801571202323
0.030902954325135904	33.59448520691161	0.032330710760552245
0.030902954325135904	39.47007852905264	0.012052227202500154
0.030902954325135904	46.37329875705518	0.003161574328115104
0.030902954325135904	54.48387532414446	0.0004967880249223904
0.030902954325135904	59.226966843451	0.0001757596143809264
0.030902954325135904	61.158280979650485	0.00012565327355050344
0.030902954325135904	63.73336649458314	0.00009935961702467141
0.03630780547701014	0.9688755366805382	0.0235984824358853
0.03630780547701014	1.1383294990866888	0.023336349444680618
0.03630780547701014	1.33742054519249	0.040629062393879915
0.03630780547701014	1.5713321284725492	0.06003842310993112
0.03630780547701014	1.8461542757403249	0.09848176189551652
0.03630780547701014	2.169042144608466	0.14534876499172394
0.03630780547701014	2.54840231226128	0.20181221548220976
0.03630780547701014	2.994111645678021	0.2575166746463534
0.03630780547701014	3.5177744517230782	0.31765839688298264
0.03630780547701014	4.133024602158189	0.3817397606085859
0.03630780547701014	4.855880499580578	0.4269690947701032
0.03630780547701014	5.705162126035761	0.4866622755633914
0.03630780547701014	6.7029810324130255	0.5434182004775059
0.03630780547701014	7.875316025788107	0.5623912212450215
0.03630780547701014	9.25268954307454	0.5511244138362462
0.03630780547701014	10.870962320772826	0.5282951375619865
0.03630780547701014	12.772267050515747	0.46451718470217807
0.03630780547701014	15.00610532868567	0.3691706320464615
0.03630780547701014	17.63063645983784	0.26187135870155576
0.03630780547701014	20.714191668691196	0.16402638869502717
0.03630780547701014	24.337053144094064	0.09208974177262573
0.03630780547701014	28.593544233429512	0.04601812016573584
0.03630780547701014	33.59448520691161	0.018875770473423377
0.03630780547701014	39.47007852905264	0.006325225895294423
0.03630780547701014	46.37329875705518	0.0014302088564191531
0.03630780547701014	54.48387532414446	0.0002296029987473432
0.03630780547701014	59.226966843451	0.000079087132164686
0.03630780547701014	61.158280979650485	0.000054064231039511574
0.03630780547701014	63.73336649458314	0.000040889793073663606
0.04265795188015928	0.9688755366805382	0.020409705937724263
0.04265795188015928	1.1383294990866888	0.020647842283688697
0.04265795188015928	1.33742054519249	0.04410302389172941
0.04265795188015928	1.5713321284725492	0.07169977211070562
0.04265795188015928	1.8461542757403249	0.11518226875813518
0.04265795188015928	2.169042144608466	0.16647651470603156
0.04265795188015928	2.54840231226128	0.22525258333725542
0.04265795188015928	2.994111645678021	0.2866621672234134
0.04265795188015928	3.5177744517230782	0.3480083597831092
0.04265795188015928	4.133024602158189	0.42500329432746836
0.04265795188015928	4.855880499580578	0.483212201282041
0.04265795188015928	5.705162126035761	0.5406575495893979
0.04265795188015928	6.7029810324130255	0.5871325261959396
0.04265795188015928	7.875316025788107	0.5924651186317946
0.04265795188015928	9.25268954307454	0.5607227452268768
0.04265795188015928	10.870962320772826	0.49594705605155587
0.04265795188015928	12.772267050515747	0.4082011328260473
0.04265795188015928	15.00610532868567	0.3078193582880487
0.04265795188015928	17.63063645983784	0.20459987780835873
0.04265795188015928	20.714191668691196	0.11499558363890809
0.04265795188015928	24.337053144094064	0.05851543203718202
0.04265795188015928	28.593544233429512	0.02559792840180138
0.04265795188015928	33.59448520691161	0.009371438123295401
0.04265795188015928	39.47007852905264	0.0027306057333115505
0.04265795188015928	46.37329875705518	0.0005745389198820416
0.04265795188015928	54.48387532414446	0.00011317370343974882
0.04265795188015928	59.226966843451	0.00004040057952245505
0.04265795188015928	61.158280979650485	0.000027118505389217092
0.04265795188015928	63.73336649458314	0.000019962656141451738
0.05011872336272725	0.9688755366805382	0.010424177169608735
0.05011872336272725	1.1383294990866888	0.019337863552085038
0.05011872336272725	1.33742054519249	0.0453167402469147
0.05011872336272725	1.5713321284725492	0.07580520686457039
0.05011872336272725	1.8461542757403249	0.13053469251140118
0.05011872336272725	2.169042144608466	0.18945480685920582
0.05011872336272725	2.54840231226128	0.24941769178491835
0.05011872336272725	2.994111645678021	0.31632353878518715
0.05011872336272725	3.5177744517230782	0.3774085999730965
0.05011872336272725	4.133024602158189	0.45513459629203534
0.05011872336272725	4.855880499580578	0.525925063819904
0.05011872336272725	5.705162126035761	0.5699531337382756
0.05011872336272725	6.7029810324130255	0.5960744852713042
0.05011872336272725	7.875316025788107	0.586432761725493
0.05011872336272725	9.25268954307454	0.5363142281850797
0.05011872336272725	10.870962320772826	0.44676337521452164
0.05011872336272725	12.772267050515747	0.34502093333722933
0.05011872336272725	15.00610532868567	0.2393364869044794
0.05011872336272725	17.63063645983784	0.14181894010847182
0.05011872336272725	20.714191668691196	0.07215074697823466
0.05011872336272725	24.337053144094064	0.03532479177267773
0.05011872336272725	28.593544233429512	0.013856729186376359
0.05011872336272725	33.59448520691161	0.004452146442848947
0.05011872336272725	39.47007852905264	0.0010687294882724243
0.05011872336272725	46.37329875705518	0.00017482818997525165
0.05011872336272725	54.48387532414446	0.00002962100705205016
0.05011872336272725	59.226966843451	9.665394797273722e-6
0.05011872336272725	61.158280979650485	6.238931421654724e-6
0.05011872336272725	63.73336649458314	4.439899361690592e-6
0.0588843655355589	0.9688755366805382	0.007618907235467733
0.0588843655355589	1.1383294990866888	0.02204095525175738
0.0588843655355589	1.33742054519249	0.046945994104974534
0.0588843655355589	1.5713321284725492	0.086066852696521
0.0588843655355589	1.8461542757403249	0.1538793883469522
0.0588843655355589	2.169042144608466	0.21875418253436096
0.0588843655355589	2.54840231226128	0.281721579675263
0.0588843655355589	2.994111645678021	0.35332611285635407
0.0588843655355589	3.5177744517230782	0.4191949921603135
0.0588843655355589	4.133024602158189	0.5018749080941209
0.0588843655355589	4.855880499580578	0.5727121120765073
0.0588843655355589	5.705162126035761	0.5983294097327448
0.0588843655355589	6.7029810324130255	0.5904215103450416
0.0588843655355589	7.875316025788107	0.5586598315431329
0.0588843655355589	9.25268954307454	0.4832007106474111
0.0588843655355589	10.870962320772826	0.37450197345165137
0.0588843655355589	12.772267050515747	0.2685611847644718
0.0588843655355589	15.00610532868567	0.16947076716916915
0.0588843655355589	17.63063645983784	0.0890793909368897
0.0588843655355589	20.714191668691196	0.0422086726783182
0.0588843655355589	24.337053144094064	0.01950851648158341
0.0588843655355589	28.593544233429512	0.00694437867873688
0.0588843655355589	33.59448520691161	0.0020946780386171945
0.0588843655355589	39.47007852905264	0.00044166961717896424
0.0588843655355589	46.37329875705518	0.00004252951872967094
0.0588843655355589	54.48387532414446	3.3238324071532128e-6
0.0588843655355589	59.226966843451	8.592224520716949e-7
0.0588843655355589	61.158280979650485	5.134106067419676e-7
0.0588843655355589	63.73336649458314	3.4280858644194795e-7
0.06918309709189366	0.9688755366805382	0.009940216458633452
0.06918309709189366	1.1383294990866888	0.028122909397723887
0.06918309709189366	1.33742054519249	0.058060719414081835
0.06918309709189366	1.5713321284725492	0.10387846119991982
0.06918309709189366	1.8461542757403249	0.1683598929649559
0.06918309709189366	2.169042144608466	0.2362564129928514
0.06918309709189366	2.54840231226128	0.3141137187417475
0.06918309709189366	2.994111645678021	0.40100803784824207
0.06918309709189366	3.5177744517230782	0.46974280523494044
0.06918309709189366	4.133024602158189	0.5392050573623333
0.06918309709189366	4.855880499580578	0.5887235560384841
0.06918309709189366	5.705162126035761	0.6021547446913411
0.06918309709189366	6.7029810324130255	0.562141296268482
0.06918309709189366	7.875316025788107	0.5059095409619616
0.06918309709189366	9.25268954307454	0.40890268159002807
0.06918309709189366	10.870962320772826	0.2892125471134581
0.06918309709189366	12.772267050515747	0.18675176688942824
0.06918309709189366	15.00610532868567	0.10611241180031708
0.06918309709189366	17.63063645983784	0.051885850678156
0.06918309709189366	20.714191668691196	0.023209103254627002
0.06918309709189366	24.337053144094064	0.010043436907188412
0.06918309709189366	28.593544233429512	0.003283862560007414
0.06918309709189366	33.59448520691161	0.0008183731009626766
0.06918309709189366	39.47007852905264	0.00016432039626034965
0.06918309709189366	46.37329875705518	0.00001304737049999033
0.06918309709189366	54.48387532414446	2.924023077930795e-7
0.06918309709189366	59.226966843451	3.560681063992511e-8
0.06918309709189366	61.158280979650485	1.7109966095359444e-8
0.06918309709189366	63.73336649458314	9.604945991634775e-9
0.08128305161640995	0.9688755366805382	0.014242161727964189
0.08128305161640995	1.1383294990866888	0.033868085274238686
0.08128305161640995	1.33742054519249	0.06882161121894426
0.08128305161640995	1.5713321284725492	0.11330558514372341
0.08128305161640995	1.8461542757403249	0.17243271247499525
0.08128305161640995	2.169042144608466	0.2480138939182995
0.08128305161640995	2.54840231226128	0.337821436361645
0.08128305161640995	2.994111645678021	0.4379557693370701
0.08128305161640995	3.5177744517230782	0.509301596518257
0.08128305161640995	4.133024602158189	0.5556948856909345
0.08128305161640995	4.855880499580578	0.5787775197056138
0.08128305161640995	5.705162126035761	0.5756155830116768
0.08128305161640995	6.7029810324130255	0.5046348487553434
0.08128305161640995	7.875316025788107	0.4233038735513212
0.08128305161640995	9.25268954307454	0.31826834608646304
0.08128305161640995	10.870962320772826	0.20463041953999667
0.08128305161640995	12.772267050515747	0.11765502169459283
0.08128305161640995	15.00610532868567	0.060949375805921316
0.08128305161640995	17.63063645983784	0.02834383456923616
0.08128305161640995	20.714191668691196	0.011637702134317869
0.08128305161640995	24.337053144094064	0.0046175066958680485
0.08128305161640995	28.593544233429512	0.0013695414353769092
0.08128305161640995	33.59448520691161	0.0002349795956282689
0.08128305161640995	39.47007852905264	0.000045511239867711575
0.08128305161640995	46.37329875705518	4.990863445092613e-6
0.08128305161640995	54.48387532414446	1.1450181985019988e-7
0.08128305161640995	59.226966843451	8.319633042875564e-9
0.08128305161640995	61.158280979650485	2.751067475319514e-9
0.08128305161640995	63.73336649458314	9.368560466864038e-10
0.09549925860214359	0.9688755366805382	0.023343142507040393
0.09549925860214359	1.1383294990866888	0.040824171519983424
0.09549925860214359	1.33742054519249	0.07315318091638409
0.09549925860214359	1.5713321284725492	0.12057183005888805
0.09549925860214359	1.8461542757403249	0.1924552446148746
0.09549925860214359	2.169042144608466	0.27626242564323267
0.09549925860214359	2.54840231226128	0.36628316825082297
0.09549925860214359	2.994111645678021	0.4651091586401175
0.09549925860214359	3.5177744517230782	0.528206356377915
0.09549925860214359	4.133024602158189	0.5527909186660581
0.09549925860214359	4.855880499580578	0.5477323605823171
0.09549925860214359	5.705162126035761	0.509390985384793
0.09549925860214359	6.7029810324130255	0.42139838125402856
0.09549925860214359	7.875316025788107	0.324432641561775
0.09549925860214359	9.25268954307454	0.22588411023602992
0.09549925860214359	10.870962320772826	0.1332713631548995
0.09549925860214359	12.772267050515747	0.06849814713831824
0.09549925860214359	15.00610532868567	0.03313271877547829
0.09549925860214359	17.63063645983784	0.014401957561173344
0.09549925860214359	20.714191668691196	0.005143199168315603
0.09549925860214359	24.337053144094064	0.001703721388526681
0.09549925860214359	28.593544233429512	0.0004088517147376329
0.09549925860214359	33.59448520691161	0.00006511617806841774
0.09549925860214359	39.47007852905264	0.00003830092481874551
0.09549925860214359	46.37329875705518	7.894011320167012e-6
0.09549925860214359	54.48387532414446	2.522714236068225e-7
0.09549925860214359	59.226966843451	2.040156430019065e-8
0.09549925860214359	61.158280979650485	6.9487980019772595e-9
0.09549925860214359	63.73336649458314	2.4920218007035816e-9
0.11220184543019636	0.9688755366805382	0.03243856427295725
0.11220184543019636	1.1383294990866888	0.04684609616337906
0.11220184543019636	1.33742054519249	0.08295134992956968
0.11220184543019636	1.5713321284725492	0.14801909828870086
0.11220184543019636	1.8461542757403249	0.2337096874176662
0.11220184543019636	2.169042144608466	0.3113059085482813
0.11220184543019636	2.54840231226128	0.38699845432833824
0.11220184543019636	2.994111645678021	0.4664346312941373
0.11220184543019636	3.5177744517230782	0.5219989484755527
0.11220184543019636	4.133024602158189	0.5279855953130772
0.11220184543019636	4.855880499580578	0.492060899858808
0.11220184543019636	5.705162126035761	0.413895729036305
0.11220184543019636	6.7029810324130255	0.31764261608332095
0.11220184543019636	7.875316025788107	0.22195953134973337
0.11220184543019636	9.25268954307454	0.14190039274759775
0.11220184543019636	10.870962320772826	0.07903296360525276
0.11220184543019636	12.772267050515747	0.03678841445152142
0.11220184543019636	15.00610532868567	0.01578217766013263
0.11220184543019636	17.63063645983784	0.0060951433276563785
0.11220184543019636	20.714191668691196	0.0018642273536244693
0.11220184543019636	24.337053144094064	0.0004949155893649892
0.11220184543019636	28.593544233429512	0.00009432160849607341
0.11220184543019636	33.59448520691161	0.00003065948150125198
0.11220184543019636	39.47007852905264	0.00003643957423895416
0.11220184543019636	46.37329875705518	7.937190194399791e-6
0.11220184543019636	54.48387532414446	2.5754099331165684e-7
0.11220184543019636	59.226966843451	2.091902406675719e-8
0.11220184543019636	61.158280979650485	7.135082916514251e-9
0.11220184543019636	63.73336649458314	2.5651601110365716e-9
0.13182567385564073	0.9688755366805382	0.033723671590004174
0.13182567385564073	1.1383294990866888	0.05004159615341266
0.13182567385564073	1.33742054519249	0.10074698799706962
0.13182567385564073	1.5713321284725492	0.18257268831634377
0.13182567385564073	1.8461542757403249	0.27022251120820034
0.13182567385564073	2.169042144608466	0.335638360006954
0.13182567385564073	2.54840231226128	0.3887370841147292
0.13182567385564073	2.994111645678021	0.43752455309217575
0.13182567385564073	3.5177744517230782	0.4795959167704074
0.13182567385564073	4.133024602158189	0.4677551301825853
0.13182567385564073	4.855880499580578	0.40505938974674077
0.13182567385564073	5.705162126035761	0.3067506352855746
0.13182567385564073	6.7029810324130255	0.2141403189406167
0.13182567385564073	7.875316025788107	0.13702200483923455
0.13182567385564073	9.25268954307454	0.0786739932193607
0.13182567385564073	10.870962320772826	0.039284973144417014
0.13182567385564073	12.772267050515747	0.01685061713004156
0.13182567385564073	15.00610532868567	0.006140356055842614
0.13182567385564073	17.63063645983784	0.0018762619896857
0.13182567385564073	20.714191668691196	0.0005345909737914466
0.13182567385564073	24.337053144094064	0.00013052412789601377
0.13182567385564073	28.593544233429512	0.000020779528022333186
0.13182567385564073	33.59448520691161	7.79510583929733e-6
0.13182567385564073	39.47007852905264	9.985866634894004e-6
0.13182567385564073	46.37329875705518	2.179692945363198e-6
0.13182567385564073	54.48387532414446	7.075009094449531e-8
0.13182567385564073	59.226966843451	5.747301300338746e-9
0.13182567385564073	61.158280979650485	1.9603561772886686e-9
0.13182567385564073	63.73336649458314	7.048133712527349e-10
0.1548816618912482	0.9688755366805382	0.03173175452176457
0.1548816618912482	1.1383294990866888	0.0524634096232561
0.1548816618912482	1.33742054519249	0.11188985330444685
0.1548816618912482	1.5713321284725492	0.19873569216586515
0.1548816618912482	1.8461542757403249	0.27962637442540156
0.1548816618912482	2.169042144608466	0.3367694586722862
0.1548816618912482	2.54840231226128	0.38275672560003215
0.1548816618912482	2.994111645678021	0.4070787772253253
0.1548816618912482	3.5177744517230782	0.4088913202893866
0.1548816618912482	4.133024602158189	0.37074525982948253
0.1548816618912482	4.855880499580578	0.29568771904942753
0.1548816618912482	5.705162126035761	0.20476332850797413
0.1548816618912482	6.7029810324130255	0.13029750773377027
0.1548816618912482	7.875316025788107	0.07725084806971663
0.1548816618912482	9.25268954307454	0.040221134196752516
0.1548816618912482	10.870962320772826	0.016743797236510212
0.1548816618912482	12.772267050515747	0.0061961462755722434
0.1548816618912482	15.00610532868567	0.001985951559985304
0.1548816618912482	17.63063645983784	0.0004701458590054249
0.1548816618912482	20.714191668691196	0.00011445867844608538
0.1548816618912482	24.337053144094064	0.00002328193332092374
0.1548816618912482	28.593544233429512	2.6790997388512495e-6
0.1548816618912482	33.59448520691161	6.384899589859331e-7
0.1548816618912482	39.47007852905264	7.83991096985979e-7
0.1548816618912482	46.37329875705518	1.711100331411138e-7
0.1548816618912482	54.48387532414446	5.554084793061801e-9
0.1548816618912482	59.226966843451	4.5118092765934816e-10
0.1548816618912482	61.158280979650485	1.5389416548287908e-10
0.1548816618912482	63.73336649458314	5.5330171251842007e-11
0.18197008586099844	0.9688755366805382	0.03765324729851763
0.18197008586099844	1.1383294990866888	0.059111339165013266
0.18197008586099844	1.33742054519249	0.11838468922271168
0.18197008586099844	1.5713321284725492	0.20200770041669044
0.18197008586099844	1.8461542757403249	0.27841934812436664
0.18197008586099844	2.169042144608466	0.33014205597469837
0.18197008586099844	2.54840231226128	0.36083572505154726
0.18197008586099844	2.994111645678021	0.3638364140089965
0.18197008586099844	3.5177744517230782	0.3310954025040209
0.18197008586099844	4.133024602158189	0.27366547691454746
0.18197008586099844	4.855880499580578	0.19673630601669279
0.18197008586099844	5.705162126035761	0.1238249785692903
0.18197008586099844	6.7029810324130255	0.0713715009880861
0.18197008586099844	7.875316025788107	0.03720070368428283
0.18197008586099844	9.25268954307454	0.017422263311123638
0.18197008586099844	10.870962320772826	0.006611160140171581
0.18197008586099844	12.772267050515747	0.002126667698881575
0.18197008586099844	15.00610532868567	0.0005985576956079987
0.18197008586099844	17.63063645983784	0.00011495199145696142
0.18197008586099844	20.714191668691196	0.000018715526660831292
0.18197008586099844	24.337053144094064	2.093399730889513e-6
0.18197008586099844	28.593544233429512	1.413251723127002e-7
0.18197008586099844	33.59448520691161	1.5891223900536857e-8
0.18197008586099844	39.47007852905264	1.7455966652966062e-8
0.18197008586099844	46.37329875705518	3.807926756239031e-9
0.18197008586099844	54.48387532414446	1.236020883698206e-10
0.18197008586099844	59.226966843451	1.0040699161842798e-11
0.18197008586099844	61.158280979650485	3.424800585061919e-12
0.18197008586099844	63.73336649458314	1.2313315685123678e-12
0.21379620895022325	0.9688755366805382	0.040457880400641695
0.21379620895022325	1.1383294990866888	0.06294632906633994
0.21379620895022325	1.33742054519249	0.12383912304630003
0.21379620895022325	1.5713321284725492	0.20087229019664188
0.21379620895022325	1.8461542757403249	0.2701822841916529
0.21379620895022325	2.169042144608466	0.31178473750944086
0.21379620895022325	2.54840231226128	0.3129193768815471
0.21379620895022325	2.994111645678021	0.2914239324330877
0.21379620895022325	3.5177744517230782	0.24312754146400348
0.21379620895022325	4.133024602158189	0.1818402281743086
0.21379620895022325	4.855880499580578	0.11716829021253951
0.21379620895022325	5.705162126035761	0.06671421563106648
0.21379620895022325	6.7029810324130255	0.034366823416041144
0.21379620895022325	7.875316025788107	0.014728279047693355
0.21379620895022325	9.25268954307454	0.005522004947525194
0.21379620895022325	10.870962320772826	0.0019117956078801054
0.21379620895022325	12.772267050515747	0.0006005919168475993
0.21379620895022325	15.00610532868567	0.0001519465342146666
0.21379620895022325	17.63063645983784	0.00002073682274286357
0.21379620895022325	20.714191668691196	1.9187595603631107e-6
0.21379620895022325	24.337053144094064	1.0206861863773536e-7
0.21379620895022325	28.593544233429512	2.917013009123783e-9
0.21379620895022325	33.59448520691161	1.1009730775809037e-10
0.21379620895022325	39.47007852905264	8.960236898674183e-11
0.21379620895022325	46.37329875705518	1.9522409047392423e-11
0.21379620895022325	54.48387532414446	6.336810545542271e-13
0.21379620895022325	59.226966843451	5.147587774017605e-14
0.21379620895022325	61.158280979650485	1.755784570850238e-14
0.21379620895022325	63.73336649458314	6.312627443670564e-15
0.25118864315095807	0.9688755366805382	0.04417595150552907
0.25118864315095807	1.1383294990866888	0.06812807916260057
0.25118864315095807	1.33742054519249	0.1299059979333686
0.25118864315095807	1.5713321284725492	0.1972269276698255
0.25118864315095807	1.8461542757403249	0.2489782924176548
0.25118864315095807	2.169042144608466	0.2703893684994053
0.25118864315095807	2.54840231226128	0.24823118426236346
0.25118864315095807	2.994111645678021	0.20739273702483207
0.25118864315095807	3.5177744517230782	0.15718627290011464
0.25118864315095807	4.133024602158189	0.10318775701227602
0.25118864315095807	4.855880499580578	0.059153405109787255
0.25118864315095807	5.705162126035761	0.030270738795270206
0.25118864315095807	6.7029810324130255	0.013887631149726487
0.25118864315095807	7.875316025788107	0.004798274981650366
0.25118864315095807	9.25268954307454	0.0011632503281980558
0.25118864315095807	10.870962320772826	0.00030250333398548676
0.25118864315095807	12.772267050515747	0.00009958059256290038
0.25118864315095807	15.00610532868567	0.000025813351944597186
0.25118864315095807	17.63063645983784	2.626251456508059e-6
0.25118864315095807	20.714191668691196	9.771601999500155e-8
0.25118864315095807	24.337053144094064	2.6127709589274396e-9
0.25118864315095807	28.593544233429512	2.6806439816322948e-11
0.25118864315095807	33.59448520691161	1.1724637334049152e-13
0.25118864315095807	39.47007852905264	0.
0.25118864315095807	46.37329875705518	7.12344274150681e-20
0.25118864315095807	54.48387532414446	3.9662085020755086e-19
0.25118864315095807	59.226966843451	0.
0.25118864315095807	61.158280979650485	1.1607962008313731e-20
0.25118864315095807	63.73336649458314	2.746633609794362e-19
0.2951209226666387	0.9688755366805382	0.049375804267556354
0.2951209226666387	1.1383294990866888	0.07329494696270554
0.2951209226666387	1.33742054519249	0.13001700156016355
0.2951209226666387	1.5713321284725492	0.184409290038791
0.2951209226666387	1.8461542757403249	0.21413655556303723
0.2951209226666387	2.169042144608466	0.21032425811838493
0.2951209226666387	2.54840231226128	0.1739629444510044
0.2951209226666387	2.994111645678021	0.12947106645446743
0.2951209226666387	3.5177744517230782	0.08678516835599237
0.2951209226666387	4.133024602158189	0.04898215113950174
0.2951209226666387	4.855880499580578	0.024547595836933726
0.2951209226666387	5.705162126035761	0.010717874888508986
0.2951209226666387	6.7029810324130255	0.004252452832520213
0.2951209226666387	7.875316025788107	0.0012242635777901674
0.2951209226666387	9.25268954307454	0.00017150710406137003
0.2951209226666387	10.870962320772826	0.000023958383200799576
0.2951209226666387	12.772267050515747	7.639737028231197e-6
0.2951209226666387	15.00610532868567	1.972369089206077e-6
0.2951209226666387	17.63063645983784	1.8222954297292022e-7
0.2951209226666387	20.714191668691196	3.505309672756813e-9
0.2951209226666387	24.337053144094064	2.7492600782338853e-11
0.2951209226666387	28.593544233429512	1.3198032544223913e-13
0.2951209226666387	33.59448520691161	0.
0.2951209226666387	39.47007852905264	0.
0.2951209226666387	46.37329875705518	1.8261647135404913e-19
0.2951209226666387	54.48387532414446	5.73734528300305e-19
0.2951209226666387	59.226966843451	4.7023728942466904e-20
0.2951209226666387	61.158280979650485	1.8460016915104035e-19
0.2951209226666387	63.73336649458314	5.092203742623732e-19
0.34673685045253166	0.9688755366805382	0.04422507571784778
0.34673685045253166	1.1383294990866888	0.0681388065150038
0.34673685045253166	1.33742054519249	0.11878623768398992
0.34673685045253166	1.5713321284725492	0.15872550346509565
0.34673685045253166	1.8461542757403249	0.16554863851626592
0.34673685045253166	2.169042144608466	0.1445459081954891
0.34673685045253166	2.54840231226128	0.10617057007091317
0.34673685045253166	2.994111645678021	0.06982367166727797
0.34673685045253166	3.5177744517230782	0.04146534919081534
0.34673685045253166	4.133024602158189	0.020557667107367377
0.34673685045253166	4.855880499580578	0.008569778607666148
0.34673685045253166	5.705162126035761	0.002904691255150434
0.34673685045253166	6.7029810324130255	0.0008820447627148265
0.34673685045253166	7.875316025788107	0.00020722083892848103
0.34673685045253166	9.25268954307454	0.00001821330376846949
0.34673685045253166	10.870962320772826	9.261482132472264e-7
0.34673685045253166	12.772267050515747	2.0844461153334486e-7
0.34673685045253166	15.00610532868567	4.719518933928222e-8
0.34673685045253166	17.63063645983784	4.0825969088162926e-9
0.34673685045253166	20.714191668691196	6.634240805091898e-11
0.34673685045253166	24.337053144094064	1.4473573824819298e-13
0.34673685045253166	28.593544233429512	0.
0.34673685045253166	33.59448520691161	0.
0.34673685045253166	39.47007852905264	0.
0.34673685045253166	46.37329875705518	2.4056191789966626e-19
0.34673685045253166	54.48387532414446	6.587424898280083e-19
0.34673685045253166	59.226966843451	3.114086804941263e-19
0.34673685045253166	61.158280979650485	3.7997444798259735e-19
0.34673685045253166	63.73336649458314	6.083198909369929e-19
0.40738027780411284	0.9688755366805382	0.04512975765274054
0.40738027780411284	1.1383294990866888	0.06438951772809058
0.40738027780411284	1.33742054519249	0.10149133441539135
0.40738027780411284	1.5713321284725492	0.12291523676970015
0.40738027780411284	1.8461542757403249	0.11307430032180862
0.40738027780411284	2.169042144608466	0.0861850223090072
0.40738027780411284	2.54840231226128	0.05655289051471928
0.40738027780411284	2.994111645678021	0.03271232978407645
0.40738027780411284	3.5177744517230782	0.016816850408460197
0.40738027780411284	4.133024602158189	0.007698153919652269
0.40738027780411284	4.855880499580578	0.0026681170606122693
0.40738027780411284	5.705162126035761	0.000631109318794128
0.40738027780411284	6.7029810324130255	0.0001211707085424491
0.40738027780411284	7.875316025788107	0.00002314636150671004
0.40738027780411284	9.25268954307454	1.5224596730707581e-6
0.40738027780411284	10.870962320772826	2.5811927172488896e-8
0.40738027780411284	12.772267050515747	1.7155052571074507e-9
0.40738027780411284	15.00610532868567	3.215834984419476e-10
0.40738027780411284	17.63063645983784	2.561512635451741e-11
0.40738027780411284	20.714191668691196	4.110315479297245e-13
0.40738027780411284	24.337053144094064	8.961430306035694e-16
0.40738027780411284	28.593544233429512	0.
0.40738027780411284	33.59448520691161	0.
0.40738027780411284	39.47007852905264	0.
0.40738027780411284	46.37329875705518	2.436259758256988e-19
0.40738027780411284	54.48387532414446	5.753895594779539e-19
0.40738027780411284	59.226966843451	4.69880637293312e-19
0.40738027780411284	61.158280979650485	4.181867186110657e-19
0.40738027780411284	63.73336649458314	6.05008560850888e-19
0.47863009232263853	0.9688755366805382	0.0511181127282159
0.47863009232263853	1.1383294990866888	0.06413176896125622
0.47863009232263853	1.33742054519249	0.08333066618331328
0.47863009232263853	1.5713321284725492	0.08627677007029386
0.47863009232263853	1.8461542757403249	0.06906931907992415
0.47863009232263853	2.169042144608466	0.04539282345417186
0.47863009232263853	2.54840231226128	0.02612461141547655
0.47863009232263853	2.994111645678021	0.012728287048894124
0.47863009232263853	3.5177744517230782	0.005258852221401064
0.47863009232263853	4.133024602158189	0.0021808450011438687
0.47863009232263853	4.855880499580578	0.0007115764217645406
0.47863009232263853	5.705162126035761	0.00012354665749937142
0.47863009232263853	6.7029810324130255	0.000011376274295343376
0.47863009232263853	7.875316025788107	1.396138202600323e-6
0.47863009232263853	9.25268954307454	8.305902031533674e-8
0.47863009232263853	10.870962320772826	9.363408009970334e-10
0.47863009232263853	12.772267050515747	5.055401793718573e-13
0.47863009232263853	15.00610532868567	5.679589953589321e-16
0.47863009232263853	17.63063645983784	0.
0.47863009232263853	20.714191668691196	0.
0.47863009232263853	24.337053144094064	0.
0.47863009232263853	28.593544233429512	0.
0.47863009232263853	33.59448520691161	0.
0.47863009232263853	39.47007852905264	0.
0.47863009232263853	46.37329875705518	1.1846893907579813e-19
0.47863009232263853	54.48387532414446	2.585615424995389e-19
0.47863009232263853	59.226966843451	3.527091979123504e-19
0.47863009232263853	61.158280979650485	2.21769859207613e-19
0.47863009232263853	63.73336649458314	3.6254505254066593e-19
0.5623413251903494	0.9688755366805382	0.048474147621525424
0.5623413251903494	1.1383294990866888	0.05730612028698983
0.5623413251903494	1.33742054519249	0.061637436850947004
0.5623413251903494	1.5713321284725492	0.05209451434175336
0.5623413251903494	1.8461542757403249	0.03638677529793304
0.5623413251903494	2.169042144608466	0.021196699166137437
0.5623413251903494	2.54840231226128	0.01020030885541136
0.5623413251903494	2.994111645678021	0.0036332190830373275
0.5623413251903494	3.5177744517230782	0.0012154085752824906
0.5623413251903494	4.133024602158189	0.0004394418851740222
0.5623413251903494	4.855880499580578	0.0001221009320712734
0.5623413251903494	5.705162126035761	0.00001598383693777928
0.5623413251903494	6.7029810324130255	7.643257116736755e-7
0.5623413251903494	7.875316025788107	3.312540715076401e-8
0.5623413251903494	9.25268954307454	1.6649495316806988e-9
0.5623413251903494	10.870962320772826	1.7768803063519255e-11
0.5623413251903494	12.772267050515747	2.5995133420350903e-19
0.5623413251903494	15.00610532868567	9.618044599028474e-20
0.5623413251903494	17.63063645983784	1.2084794945650246e-19
0.5623413251903494	20.714191668691196	1.9839855648043879e-19
0.5623413251903494	24.337053144094064	0.
0.5623413251903494	28.593544233429512	0.
0.5623413251903494	33.59448520691161	0.
0.5623413251903494	39.47007852905264	0.
0.5623413251903494	46.37329875705518	5.407291737109038e-20
0.5623413251903494	54.48387532414446	5.568523905909868e-20
0.5623413251903494	59.226966843451	2.002530641939514e-19
0.5623413251903494	61.158280979650485	3.4006312284192493e-20
0.5623413251903494	63.73336649458314	1.4629111962024316e-19
0.6606934480075964	0.9688755366805382	0.03883411957589596
0.6606934480075964	1.1383294990866888	0.043650279681019394
0.6606934480075964	1.33742054519249	0.039540349744306785
0.6606934480075964	1.5713321284725492	0.026433049851507382
0.6606934480075964	1.8461542757403249	0.015358025800031198
0.6606934480075964	2.169042144608466	0.007491103108136244
0.6606934480075964	2.54840231226128	0.002970744876182092
0.6606934480075964	2.994111645678021	0.0006777342050151048
0.6606934480075964	3.5177744517230782	0.0001659692266972184
0.6606934480075964	4.133024602158189	0.000052587576385427176
0.6606934480075964	4.855880499580578	0.00001077046213070528
0.6606934480075964	5.705162126035761	9.9112762947323e-7
0.6606934480075964	6.7029810324130255	2.984584941322594e-8
0.6606934480075964	7.875316025788107	3.442805586070221e-10
0.6606934480075964	9.25268954307454	8.132775509444215e-12
0.6606934480075964	10.870962320772826	8.648278756462415e-14
0.6606934480075964	12.772267050515747	3.173586335753049e-20
0.6606934480075964	15.00610532868567	4.678752536087426e-20
0.6606934480075964	17.63063645983784	0.
0.6606934480075964	20.714191668691196	1.535575707145501e-20
0.6606934480075964	24.337053144094064	6.527644032125853e-20
0.6606934480075964	28.593544233429512	0.
0.6606934480075964	33.59448520691161	2.1181186095104814e-20
0.6606934480075964	39.47007852905264	0.
0.6606934480075964	46.37329875705518	2.3959646241196924e-20
0.6606934480075964	54.48387532414446	0.
0.6606934480075964	59.226966843451	1.6836875191059453e-19
0.6606934480075964	61.158280979650485	0.
0.6606934480075964	63.73336649458314	5.938338882761144e-20
0.776247116628692	0.9688755366805382	0.02586263184610009
0.776247116628692	1.1383294990866888	0.025989106060812398
0.776247116628692	1.33742054519249	0.02038664042504199
0.776247116628692	1.5713321284725492	0.010989757570935064
0.776247116628692	1.8461542757403249	0.0048670286448387265
0.776247116628692	2.169042144608466	0.0017333916396717237
0.776247116628692	2.54840231226128	0.0005359794967229503
0.776247116628692	2.994111645678021	0.00007874386842822422
0.776247116628692	3.5177744517230782	9.963953945028721e-6
0.776247116628692	4.133024602158189	2.59759702968485e-6
0.776247116628692	4.855880499580578	3.8533340966992286e-7
0.776247116628692	5.705162126035761	2.4935206485500092e-8
0.776247116628692	6.7029810324130255	5.011790100779531e-10
0.776247116628692	7.875316025788107	2.4268821936588915e-12
0.776247116628692	9.25268954307454	8.789268787315526e-19
0.776247116628692	10.870962320772826	1.648824471081391e-19
0.776247116628692	12.772267050515747	0.
0.776247116628692	15.00610532868567	9.683861049684098e-20
0.776247116628692	17.63063645983784	1.6475186516601663e-19
0.776247116628692	20.714191668691196	0.
0.776247116628692	24.337053144094064	0.
0.776247116628692	28.593544233429512	0.
0.776247116628692	33.59448520691161	0.
0.776247116628692	39.47007852905264	0.
0.776247116628692	46.37329875705518	2.372196084806326e-21
0.776247116628692	54.48387532414446	0.
0.776247116628692	59.226966843451	1.5534522443988582e-19
0.776247116628692	61.158280979650485	0.
0.776247116628692	63.73336649458314	3.510510878375229e-20
0.9120108393559101	0.9688755366805382	0.01329921084176494
0.9120108393559101	1.1383294990866888	0.011110677675777014
0.9120108393559101	1.33742054519249	0.007269475672072848
0.9120108393559101	1.5713321284725492	0.0032289481379997455
0.9120108393559101	1.8461542757403249	0.0010988441078474689
0.9120108393559101	2.169042144608466	0.00025708064177208147
0.9120108393559101	2.54840231226128	0.00005313536534211671
0.9120108393559101	2.994111645678021	5.757347496419367e-6
0.9120108393559101	3.5177744517230782	2.6628394112037823e-7
0.9120108393559101	4.133024602158189	4.088494647013496e-8
0.9120108393559101	4.855880499580578	4.3991977859711065e-9
0.9120108393559101	5.705162126035761	1.9388320655896545e-10
0.9120108393559101	6.7029810324130255	2.4338612469353017e-12
0.9120108393559101	7.875316025788107	4.601573941243246e-15
0.9120108393559101	9.25268954307454	3.7896727424484256e-19
0.9120108393559101	10.870962320772826	0.
0.9120108393559101	12.772267050515747	0.
0.9120108393559101	15.00610532868567	0.
0.9120108393559101	17.63063645983784	2.752857252644413e-19
0.9120108393559101	20.714191668691196	3.373596196238772e-20
0.9120108393559101	24.337053144094064	1.144144973670811e-19
0.9120108393559101	28.593544233429512	0.
0.9120108393559101	33.59448520691161	8.960224630877417e-21
0.9120108393559101	39.47007852905264	0.
0.9120108393559101	46.37329875705518	1.2109549301281161e-20
0.9120108393559101	54.48387532414446	0.
0.9120108393559101	59.226966843451	1.625629643457225e-19
0.9120108393559101	61.158280979650485	5.527583836204905e-22
0.9120108393559101	63.73336649458314	3.6580742906485934e-20
1.0042053640964725	0.9688755366805382	0.008353959142808391
1.0042053640964725	1.1383294990866888	0.0060766514025478195
1.0042053640964725	1.33742054519249	0.003421982681913143
1.0042053640964725	1.5713321284725492	0.0013245447074648467
1.0042053640964725	1.8461542757403249	0.0003871638224350797
1.0042053640964725	2.169042144608466	0.00006925310765090995
1.0042053640964725	2.54840231226128	9.261247017216284e-6
1.0042053640964725	2.994111645678021	8.583402772473434e-7
1.0042053640964725	3.5177744517230782	2.3726586727758875e-8
1.0042053640964725	4.133024602158189	1.5116736867049596e-9
1.0042053640964725	4.855880499580578	1.0129749127975319e-10
1.0042053640964725	5.705162126035761	1.5266390084801887e-12
1.0042053640964725	6.7029810324130255	3.703143063047961e-15
1.0042053640964725	7.875316025788107	2.7258722554548167e-19
1.0042053640964725	9.25268954307454	6.606128500024619e-21
1.0042053640964725	10.870962320772826	2.1014094535184754e-20
1.0042053640964725	12.772267050515747	0.
1.0042053640964725	15.00610532868567	0.
1.0042053640964725	17.63063645983784	7.800822309539384e-20
1.0042053640964725	20.714191668691196	0.
1.0042053640964725	24.337053144094064	8.902389954654815e-21
1.0042053640964725	28.593544233429512	0.
1.0042053640964725	33.59448520691161	5.280402665104561e-22
1.0042053640964725	39.47007852905264	0.
1.0042053640964725	46.37329875705518	2.573600147674633e-20
1.0042053640964725	54.48387532414446	0.
1.0042053640964725	59.226966843451	1.7978219525164912e-19
1.0042053640964725	61.158280979650485	1.3444008286844281e-20
1.0042053640964725	63.73336649458314	4.4009075567059824e-20
1.0369511911865747	0.9688755366805382	0.0077106295099859615
1.0369511911865747	1.1383294990866888	0.005492944133566889
1.0369511911865747	1.33742054519249	0.003017900787026465
1.0369511911865747	1.5713321284725492	0.0011422875423574522
1.0369511911865747	1.8461542757403249	0.00032629324174239814
1.0369511911865747	2.169042144608466	0.00005648479135909716
1.0369511911865747	2.54840231226128	7.031252425558304e-6
1.0369511911865747	2.994111645678021	6.360644997522692e-7
1.0369511911865747	3.5177744517230782	1.6945117836913142e-8
1.0369511911865747	4.133024602158189	9.576175667395334e-10
1.0369511911865747	4.855880499580578	6.237211420755627e-11
1.0369511911865747	5.705162126035761	9.22399996914842e-13
1.0369511911865747	6.7029810324130255	2.206160072403859e-15
1.0369511911865747	7.875316025788107	2.024382696065016e-19
1.0369511911865747	9.25268954307454	9.55219227002908e-20
1.0369511911865747	10.870962320772826	1.2518872773989094e-20
1.0369511911865747	12.772267050515747	0.
1.0369511911865747	15.00610532868567	0.
1.0369511911865747	17.63063645983784	6.909781797551796e-20
1.0369511911865747	20.714191668691196	0.
1.0369511911865747	24.337053144094064	5.303482719189277e-21
1.0369511911865747	28.593544233429512	0.
1.0369511911865747	33.59448520691161	7.635246804548929e-21
1.0369511911865747	39.47007852905264	0.
1.0369511911865747	46.37329875705518	2.664688111243584e-20
1.0369511911865747	54.48387532414446	0.
1.0369511911865747	59.226966843451	1.7730767358077506e-19
1.0369511911865747	61.158280979650485	1.509863965034443e-20
1.0369511911865747	63.73336649458314	4.5119379055204196e-20
1.080612293973378	0.9688755366805382	0.006931002077292615
1.080612293973378	1.1383294990866888	0.004787758876943131
1.080612293973378	1.33742054519249	0.0025308658332203046
1.080612293973378	1.5713321284725492	0.000922933878406678
1.080612293973378	1.8461542757403249	0.0002531134738595499
1.080612293973378	2.169042144608466	0.000041151887830841126
1.080612293973378	2.54840231226128	4.357476272699158e-6
1.080612293973378	2.994111645678021	3.696488815576582e-7
1.080612293973378	3.5177744517230782	8.820557282208926e-9
1.080612293973378	4.133024602158189	2.9445018232937625e-10
1.080612293973378	4.855880499580578	1.5788233949921458e-11
1.080612293973378	5.705162126035761	1.9934464030768358e-13
1.080612293973378	6.7029810324130255	4.149284373385517e-16
1.080612293973378	7.875316025788107	1.1835655936352905e-19
1.080612293973378	9.25268954307454	2.0158530056453607e-19
1.080612293973378	10.870962320772826	2.3538220031011845e-21
1.080612293973378	12.772267050515747	0.
1.080612293973378	15.00610532868567	0.
1.080612293973378	17.63063645983784	5.835450371498978e-20
1.080612293973378	20.714191668691196	0.
1.080612293973378	24.337053144094064	9.971707950760498e-22
1.080612293973378	28.593544233429512	0.
1.080612293973378	33.59448520691161	1.611309193187674e-20
1.080612293973378	39.47007852905264	0.
1.080612293973378	46.37329875705518	2.769606029221048e-20
1.080612293973378	54.48387532414446	0.
1.080612293973378	59.226966843451	1.7409395916370316e-19
1.080612293973378	61.158280979650485	1.7052978408112217e-20
1.080612293973378	63.73336649458314	4.6379862832953636e-20