0.00001	0.5491618709590514	4.5565265183508657e-7
0.00001	0.6452089394558069	0.000037812340554284605
0.00001	0.7580544053917545	0.00010345090697168196
0.00001	0.8906362674059114	0.00006168355047893552
0.00001	1.0464063729156743	0.00010819727216359461
0.00001	1.2294202890117674	0.00008336585913313441
0.00001	1.4444428915529752	0.00008478297153371643
0.00001	1.6970724215353745	0.00007467699871193746
0.00001	1.9938862386172183	0.00011896573234852885
0.00001	2.3426120665789454	0.00010755198945281696
0.00001	2.752329189195441	0.00013203250393151303
0.00001	3.233704834774421	0.00023710763288999157
0.00001	3.799271903772603	0.0001920596132166763
0.00001	4.463755270292884	0.00014088239318162013
0.00001	5.244455152915547	0.0001455386220198836
0.00001	6.161697536150492	0.000245281861930494
0.00001	7.239363369500138	0.00018442531263071314
0.00001	8.505510322144508	0.00020826372421396233
0.00001	9.993103281000513	0.0002741650565978138
0.00001	11.740872611105688	0.00026840613172538565
0.00001	13.794322523644565	0.00022356387486630825
0.00001	16.206915805077283	0.00022620770113727676
0.00001	19.041465752496112	0.00021261743712583104
0.00001	22.371771555072474	0.00017247858288109183
0.00001	26.28453969972037	0.0001466722616470181
0.00001	30.881641425912463	0.00014383365264999457
0.00001	36.28276500382384	0.00010569373924014565
0.00001	42.62853188943814	0.00007464256922870391
0.00001	50.08415788756265	0.00004981164834006245
0.00001	58.84375464330272	0.00003439707169728031
0.00001	69.13538345387792	0.00002028563205029976
0.00001	81.22699297976804	8.242270782571812e-6
0.00001	95.43339544701976	3.3515699610600826e-6
0.00001	104.3726824045297	1.5714631158851855e-6
0.00001	107.77613943946001	1.122115037768608e-6
0.00001	111.17959647439032	8.951826623418817e-7
0.00001	113.44856783101054	7.546418091201439e-7
0.00003	0.5491618709590514	1.3669579555052599e-6
0.00003	0.6452089394558069	0.00011343702166285382
0.00003	0.7580544053917545	0.0003103527209150459
0.00003	0.8906362674059114	0.0001850506514368066
0.00003	1.0464063729156743	0.00032459181649078383
0.00003	1.2294202890117674	0.00025009757739940326
0.00003	1.4444428915529752	0.0002543489146011493
0.00003	1.6970724215353745	0.00022403099613581244
0.00003	1.9938862386172183	0.00035689719704558656
0.00003	2.3426120665789454	0.0003226559683584509
0.00003	2.752329189195441	0.0003960975117945391
0.00003	3.233704834774421	0.0007113228986699748
0.00003	3.799271903772603	0.0005761788396500289
0.00003	4.463755270292884	0.0004226471795448604
0.00003	5.244455152915547	0.00043661586605965087
0.00003	6.161697536150492	0.0007358455857914821
0.00003	7.239363369500138	0.0005532759378921394
0.00003	8.505510322144508	0.0006247911726418871
0.00003	9.993103281000513	0.0008224951697934416
0.00003	11.740872611105688	0.0008052183951761569
0.00003	13.794322523644565	0.0006706916245989248
0.00003	16.206915805077283	0.0006786231034118303
0.00003	19.041465752496112	0.0006378523113774932
0.00003	22.371771555072474	0.0005174357486432755
0.00003	26.28453969972037	0.0004400167849410543
0.00003	30.881641425912463	0.00043150095794998374
0.00003	36.28276500382384	0.000317081217720437
0.00003	42.62853188943814	0.0002239277076861117
0.00003	50.08415788756265	0.00014943494502018737
0.00003	58.84375464330272	0.00010319121509184094
0.00003	69.13538345387792	0.00006085689615089928
0.00003	81.22699297976804	0.000024726812347715442
0.00003	95.43339544701976	0.000010054709883180248
0.00003	104.3726824045297	4.714389347655557e-6
0.00003	107.77613943946001	3.366345113305824e-6
0.00003	111.17959647439032	2.6855479870256453e-6
0.00003	113.44856783101054	2.2639254273604316e-6
0.00006	0.5491618709590514	2.7339159110105197e-6
0.00006	0.6452089394558069	0.00022687404332570764
0.00006	0.7580544053917545	0.0006207054418300918
0.00006	0.8906362674059114	0.0003701013028736132
0.00006	1.0464063729156743	0.0006491836329815677
0.00006	1.2294202890117674	0.0005001951547988065
0.00006	1.4444428915529752	0.0005086978292022986
0.00006	1.6970724215353745	0.00044806199227162487
0.00006	1.9938862386172183	0.0007137943940911731
0.00006	2.3426120665789454	0.0006453119367169018
0.00006	2.752329189195441	0.0007921950235890782
0.00006	3.233704834774421	0.0014226457973399497
0.00006	3.799271903772603	0.0011523576793000577
0.00006	4.463755270292884	0.0008452943590897208
0.00006	5.244455152915547	0.0008732317321193017
0.00006	6.161697536150492	0.0014716911715829642
0.00006	7.239363369500138	0.0011065518757842788
0.00006	8.505510322144508	0.0012495823452837742
0.00006	9.993103281000513	0.0016449903395868832
0.00006	11.740872611105688	0.0016104367903523138
0.00006	13.794322523644565	0.0013413832491978497
0.00006	16.206915805077283	0.0013572462068236605
0.00006	19.041465752496112	0.0012757046227549864
0.00006	22.371771555072474	0.001034871497286551
0.00006	26.28453969972037	0.0008800335698821086
0.00006	30.881641425912463	0.0008630019158999675
0.00006	36.28276500382384	0.000634162435440874
0.00006	42.62853188943814	0.0004478554153722234
0.00006	50.08415788756265	0.00029886989004037474
0.00006	58.84375464330272	0.00020638243018368188
0.00006	69.13538345387792	0.00012171379230179856
0.00006	81.22699297976804	0.000049453624695430885
0.00006	95.43339544701976	0.000020109419766360496
0.00006	104.3726824045297	9.428778695311113e-6
0.00006	107.77613943946001	6.732690226611648e-6
0.00006	111.17959647439032	5.3710959740512905e-6
0.00006	113.44856783101054	4.527850854720863e-6
0.0001	0.5491618709590514	4.556526518350866e-6
0.0001	0.6452089394558069	0.00037812340554284606
0.0001	0.7580544053917545	0.0010345090697168196
0.0001	0.8906362674059114	0.0006168355047893553
0.0001	1.0464063729156743	0.0010819727216359462
0.0001	1.2294202890117674	0.0008336585913313442
0.0001	1.4444428915529752	0.0008478297153371643
0.0001	1.6970724215353745	0.0007467699871193747
0.0001	1.9938862386172183	0.0011896573234852885
0.0001	2.3426120665789454	0.0010755198945281697
0.0001	2.752329189195441	0.0013203250393151302
0.0001	3.233704834774421	0.0023710763288999157
0.0001	3.799271903772603	0.0019205961321667629
0.0001	4.463755270292884	0.0014088239318162013
0.0001	5.244455152915547	0.001455386220198836
0.0001	6.161697536150492	0.0024528186193049405
0.0001	7.239363369500138	0.0018442531263071313
0.0001	8.505510322144508	0.0020826372421396235
0.0001	9.993103281000513	0.0027416505659781385
0.0001	11.740872611105688	0.0026840613172538566
0.0001	13.794322523644565	0.0022356387486630823
0.0001	16.206915805077283	0.0022620770113727677
0.0001	19.041465752496112	0.0021261743712583103
0.0001	22.371771555072474	0.0017247858288109185
0.0001	26.28453969972037	0.001466722616470181
0.0001	30.881641425912463	0.0014383365264999458
0.0001	36.28276500382384	0.0010569373924014566
0.0001	42.62853188943814	0.0007464256922870391
0.0001	50.08415788756265	0.0004981164834006245
0.0001	58.84375464330272	0.0003439707169728031
0.0001	69.13538345387792	0.00020285632050299758
0.0001	81.22699297976804	0.00008242270782571814
0.0001	95.43339544701976	0.00003351569961060083
0.0001	104.3726824045297	0.000015714631158851856
0.0001	107.77613943946001	0.000011221150377686079
0.0001	111.17959647439032	8.951826623418818e-6
0.0001	113.44856783101054	7.546418091201439e-6
0.0003	0.5491618709590514	0.000013669579555052597
0.0003	0.6452089394558069	0.001134370216628538
0.0003	0.7580544053917545	0.0031035272091504587
0.0003	0.8906362674059114	0.0018505065143680655
0.0003	1.0464063729156743	0.0032459181649078382
0.0003	1.2294202890117674	0.0025009757739940324
0.0003	1.4444428915529752	0.0025434891460114927
0.0003	1.6970724215353745	0.002240309961358124
0.0003	1.9938862386172183	0.003568971970455865
0.0003	2.3426120665789454	0.0032265596835845084
0.0003	2.752329189195441	0.00396097511794539
0.0003	3.233704834774421	0.007113228986699747
0.0003	3.799271903772603	0.005761788396500288
0.0003	4.463755270292884	0.0042264717954486036
0.0003	5.244455152915547	0.004366158660596508
0.0003	6.161697536150492	0.007358455857914821
0.0003	7.239363369500138	0.005532759378921393
0.0003	8.505510322144508	0.00624791172641887
0.0003	9.993103281000513	0.008224951697934415
0.0003	11.740872611105688	0.008052183951761568
0.0003	13.794322523644565	0.0067069162459892475
0.0003	16.206915805077283	0.006786231034118302
0.0003	19.041465752496112	0.006378523113774931
0.0003	22.371771555072474	0.005174357486432755
0.0003	26.28453969972037	0.004400167849410543
0.0003	30.881641425912463	0.004315009579499837
0.0003	36.28276500382384	0.003170812177204369
0.0003	42.62853188943814	0.002239277076861117
0.0003	50.08415788756265	0.0014943494502018735
0.0003	58.84375464330272	0.0010319121509184091
0.0003	69.13538345387792	0.0006085689615089927
0.0003	81.22699297976804	0.00024726812347715437
0.0003	95.43339544701976	0.00010054709883180247
0.0003	104.3726824045297	0.00004714389347655556
0.0003	107.77613943946001	0.00003366345113305824
0.0003	111.17959647439032	0.00002685547987025645
0.0003	113.44856783101054	0.000022639254273604313
0.0006	0.5491618709590514	0.000027339159110105195
0.0006	0.6452089394558069	0.002268740433257076
0.0006	0.7580544053917545	0.006207054418300917
0.0006	0.8906362674059114	0.003701013028736131
0.0006	1.0464063729156743	0.0064918363298156765
0.0006	1.2294202890117674	0.005001951547988065
0.0006	1.4444428915529752	0.0050869782920229855
0.0006	1.6970724215353745	0.004480619922716248
0.0006	1.9938862386172183	0.00713794394091173
0.0006	2.3426120665789454	0.006453119367169017
0.0006	2.752329189195441	0.00792195023589078
0.0006	3.233704834774421	0.014226457973399494
0.0006	3.799271903772603	0.011523576793000576
0.0006	4.463755270292884	0.008452943590897207
0.0006	5.244455152915547	0.008732317321193016
0.0006	6.161697536150492	0.014716911715829641
0.0006	7.239363369500138	0.011065518757842787
0.0006	8.505510322144508	0.01249582345283774
0.0006	9.993103281000513	0.01644990339586883
0.0006	11.740872611105688	0.016104367903523136
0.0006	13.794322523644565	0.013413832491978495
0.0006	16.206915805077283	0.013572462068236604
0.0006	19.041465752496112	0.012757046227549862
0.0006	22.371771555072474	0.01034871497286551
0.0006	26.28453969972037	0.008800335698821085
0.0006	30.881641425912463	0.008630019158999674
0.0006	36.28276500382384	0.006341624354408738
0.0006	42.62853188943814	0.004478554153722234
0.0006	50.08415788756265	0.002988698900403747
0.0006	58.84375464330272	0.0020638243018368183
0.0006	69.13538345387792	0.0012171379230179855
0.0006	81.22699297976804	0.0004945362469543087
0.0006	95.43339544701976	0.00020109419766360494
0.0006	104.3726824045297	0.00009428778695311112
0.0006	107.77613943946001	0.00006732690226611647
0.0006	111.17959647439032	0.0000537109597405129
0.0006	113.44856783101054	0.000045278508547208626
0.001	0.5491618709590514	0.00004556526518350866
0.001	0.6452089394558069	0.0037812340554284605
0.001	0.7580544053917545	0.010345090697168196
0.001	0.8906362674059114	0.006168355047893552
0.001	1.0464063729156743	0.010819727216359461
0.001	1.2294202890117674	0.008336585913313441
0.001	1.4444428915529752	0.008478297153371643
0.001	1.6970724215353745	0.007467699871193747
0.001	1.9938862386172183	0.011896573234852884
0.001	2.3426120665789454	0.010755198945281695
0.001	2.752329189195441	0.013203250393151301
0.001	3.233704834774421	0.023710763288999157
0.001	3.799271903772603	0.019205961321667627
0.001	4.463755270292884	0.014088239318162011
0.001	5.244455152915547	0.01455386220198836
0.001	6.161697536150492	0.024528186193049403
0.001	7.239363369500138	0.018442531263071313
0.001	8.505510322144508	0.020826372421396233
0.001	9.993103281000513	0.027416505659781383
0.001	11.740872611105688	0.026840613172538563
0.001	13.794322523644565	0.022356387486630824
0.001	16.206915805077283	0.022620770113727675
0.001	19.041465752496112	0.021261743712583103
0.001	22.371771555072474	0.017247858288109184
0.001	26.28453969972037	0.01466722616470181
0.001	30.881641425912463	0.014383365264999457
0.001	36.28276500382384	0.010569373924014564
0.001	42.62853188943814	0.00746425692287039
0.001	50.08415788756265	0.004981164834006245
0.001	58.84375464330272	0.003439707169728031
0.001	69.13538345387792	0.002028563205029976
0.001	81.22699297976804	0.0008242270782571813
0.001	95.43339544701976	0.00033515699610600825
0.001	104.3726824045297	0.00015714631158851854
0.001	107.77613943946001	0.00011221150377686079
0.001	111.17959647439032	0.00008951826623418817
0.001	113.44856783101054	0.00007546418091201438
0.002	0.5491618709590514	0.00009113053036701732
0.002	0.6452089394558069	0.007562468110856921
0.002	0.7580544053917545	0.020690181394336392
0.002	0.8906362674059114	0.012336710095787105
0.002	1.0464063729156743	0.021639454432718922
0.002	1.2294202890117674	0.016673171826626882
0.002	1.4444428915529752	0.016956594306743285
0.002	1.6970724215353745	0.014935399742387494
0.002	1.9938862386172183	0.02379314646970577
0.002	2.3426120665789454	0.02151039789056339
0.002	2.752329189195441	0.026406500786302602
0.002	3.233704834774421	0.047421526577998314
0.002	3.799271903772603	0.038411922643335254
0.002	4.463755270292884	0.028176478636324023
0.002	5.244455152915547	0.02910772440397672
0.002	6.161697536150492	0.04905637238609881
0.002	7.239363369500138	0.036885062526142626
0.002	8.505510322144508	0.041652744842792466
0.002	9.993103281000513	0.054833011319562766
0.002	11.740872611105688	0.053681226345077125
0.002	13.794322523644565	0.04471277497326165
0.002	16.206915805077283	0.04524154022745535
0.002	19.041465752496112	0.042523487425166206
0.002	22.371771555072474	0.03449571657621837
0.002	26.28453969972037	0.02933445232940362
0.002	30.881641425912463	0.028766730529998914
0.002	36.28276500382384	0.02113874784802913
0.002	42.62853188943814	0.01492851384574078
0.002	50.08415788756265	0.00996232966801249
0.002	58.84375464330272	0.006879414339456062
0.002	69.13538345387792	0.004057126410059952
0.002	81.22699297976804	0.0016484541565143626
0.002	95.43339544701976	0.0006703139922120165
0.002	104.3726824045297	0.0003142926231770371
0.002	107.77613943946001	0.00022442300755372158
0.002	111.17959647439032	0.00017903653246837634
0.002	113.44856783101054	0.00015092836182402876
0.004	0.5491618709590514	0.00018226106073403463
0.004	0.6452089394558069	0.015124936221713842
0.004	0.7580544053917545	0.041380362788672784
0.004	0.8906362674059114	0.02467342019157421
0.004	1.0464063729156743	0.043278908865437844
0.004	1.2294202890117674	0.033346343653253764
0.004	1.4444428915529752	0.03391318861348657
0.004	1.6970724215353745	0.029870799484774987
0.004	1.9938862386172183	0.04758629293941154
0.004	2.3426120665789454	0.04302079578112678
0.004	2.752329189195441	0.052813001572605205
0.004	3.233704834774421	0.09484305315599663
0.004	3.799271903772603	0.07682384528667051
0.004	4.463755270292884	0.056352957272648045
0.004	5.244455152915547	0.05821544880795344
0.004	6.161697536150492	0.09811274477219761
0.004	7.239363369500138	0.07377012505228525
0.004	8.505510322144508	0.08330548968558493
0.004	9.993103281000513	0.10966602263912553
0.004	11.740872611105688	0.10736245269015425
0.004	13.794322523644565	0.0894255499465233
0.004	16.206915805077283	0.0904830804549107
0.004	19.041465752496112	0.08504697485033241
0.004	22.371771555072474	0.06899143315243673
0.004	26.28453969972037	0.05866890465880724
0.004	30.881641425912463	0.05753346105999783
0.004	36.28276500382384	0.04227749569605826
0.004	42.62853188943814	0.02985702769148156
0.004	50.08415788756265	0.01992465933602498
0.004	58.84375464330272	0.013758828678912123
0.004	69.13538345387792	0.008114252820119903
0.004	81.22699297976804	0.003296908313028725
0.004	95.43339544701976	0.001340627984424033
0.004	104.3726824045297	0.0006285852463540742
0.004	107.77613943946001	0.00044884601510744316
0.004	111.17959647439032	0.0003580730649367527
0.004	113.44856783101054	0.0003018567236480575
0.006	0.5491618709590514	0.003510105400253729
0.006	0.6452089394558069	0.01980707461423428
0.006	0.7580544053917545	0.007819207356817999
0.006	0.8906362674059114	0.010866842816628036
0.006	1.0464063729156743	0.030558898057443128
0.006	1.2294202890117674	0.04656412437382182
0.006	1.4444428915529752	0.051533817023442216
0.006	1.6970724215353745	0.05034451071904591
0.006	1.9938862386172183	0.05182956877776789
0.006	2.3426120665789454	0.07451014858171724
0.006	2.752329189195441	0.12295660511817182
0.006	3.233704834774421	0.10490900433573062
0.006	3.799271903772603	0.10666761829698329
0.006	4.463755270292884	0.15192377929275483
0.006	5.244455152915547	0.15678263894528616
0.006	6.161697536150492	0.1252900712133415
0.006	7.239363369500138	0.14775644377004218
0.006	8.505510322144508	0.1475151981431976
0.006	9.993103281000513	0.14946233742654474
0.006	11.740872611105688	0.1361053189566213
0.006	13.794322523644565	0.12715880189713233
0.006	16.206915805077283	0.12556391420544888
0.006	19.041465752496112	0.12905476600696494
0.006	22.371771555072474	0.1121889078357036
0.006	26.28453969972037	0.0941202978317991
0.006	30.881641425912463	0.072797179375355
0.006	36.28276500382384	0.055703503100846256
0.006	42.62853188943814	0.04448894472758301
0.006	50.08415788756265	0.029510647247976474
0.006	58.84375464330272	0.017793481423429704
0.006	69.13538345387792	0.009039399315249644
0.006	81.22699297976804	0.00445744479972632
0.006	95.43339544701976	0.0009011786436412939
0.006	104.3726824045297	0.0002220440725497726
0.006	107.77613943946001	0.0001307320220001934
0.006	111.17959647439032	0.00009021305684599015
0.006	113.44856783101054	0.0000651545961988036
0.008	0.5491618709590514	0.002926914685118881
0.008	0.6452089394558069	0.010666160115423932
0.008	0.7580544053917545	0.059039999913998706
0.008	0.8906362674059114	0.06691777980520036
0.008	1.0464063729156743	0.06272013851730203
0.008	1.2294202890117674	0.07639954335315217
0.008	1.4444428915529752	0.06777409488774631
0.008	1.6970724215353745	0.10465818000632944
0.008	1.9938862386172183	0.08106870626026859
0.008	2.3426120665789454	0.090873932450145
0.008	2.752329189195441	0.12210276053529917
0.008	3.233704834774421	0.11745324124275158
0.008	3.799271903772603	0.1487069294511429
0.008	4.463755270292884	0.17149839914530143
0.008	5.244455152915547	0.1479030677128294
0.008	6.161697536150492	0.15612495913625182
0.008	7.239363369500138	0.1889510447674416
0.008	8.505510322144508	0.18493884327598434
0.008	9.993103281000513	0.17783845474241333
0.008	11.740872611105688	0.1764010542304033
0.008	13.794322523644565	0.17239133003308682
0.008	16.206915805077283	0.1568674219197008
0.008	19.041465752496112	0.1527087101013324
0.008	22.371771555072474	0.13087404342759065
0.008	26.28453969972037	0.11693209347765267
0.008	30.881641425912463	0.08299456045535177
0.008	36.28276500382384	0.06513976734738326
0.008	42.62853188943814	0.04943564683138826
0.008	50.08415788756265	0.03351643136124509
0.008	58.84375464330272	0.0183490771257676
0.008	69.13538345387792	0.007872639166581936
0.008	81.22699297976804	0.002937315358893406
0.008	95.43339544701976	0.0008074024833789953
0.008	104.3726824045297	0.00025203009221546626
0.008	107.77613943946001	0.0001829356169351547
0.008	111.17959647439032	0.00015447840990281923
0.008	113.44856783101054	0.00013683329376907108
0.01	0.5491618709590514	0.0018483014193720793
0.01	0.6452089394558069	0.02315995881223327
0.01	0.7580544053917545	0.022310722811399217
0.01	0.8906362674059114	0.04574989403761228
0.01	1.0464063729156743	0.07673360236453948
0.01	1.2294202890117674	0.07533308804222479
0.01	1.4444428915529752	0.07370169439412876
0.01	1.6970724215353745	0.09068345309425911
0.01	1.9938862386172183	0.10115471876853686
0.01	2.3426120665789454	0.12807021865891993
0.01	2.752329189195441	0.14015853147966098
0.01	3.233704834774421	0.1472893947123464
0.01	3.799271903772603	0.20004646773667037
0.01	4.463755270292884	0.21878307696065863
0.01	5.244455152915547	0.2200447403682064
0.01	6.161697536150492	0.21023932329936443
0.01	7.239363369500138	0.22556574276756136
0.01	8.505510322144508	0.2536429700598295
0.01	9.993103281000513	0.23696901072436197
0.01	11.740872611105688	0.21951130936745977
0.01	13.794322523644565	0.2130567144971368
0.01	16.206915805077283	0.20906275294067367
0.01	19.041465752496112	0.170038948533931
0.01	22.371771555072474	0.14809754864766964
0.01	26.28453969972037	0.1250812344593264
0.01	30.881641425912463	0.09325264269058407
0.01	36.28276500382384	0.06782877270405835
0.01	42.62853188943814	0.042611332205088635
0.01	50.08415788756265	0.027931334267056625
0.01	58.84375464330272	0.014819228052861335
0.01	69.13538345387792	0.006562481604810255
0.01	81.22699297976804	0.0025219042957670195
0.01	95.43339544701976	0.0004416485701013691
0.01	104.3726824045297	0.0001029643251198047
0.01	107.77613943946001	0.00006678685091352944
0.01	111.17959647439032	0.00005244755439287724
0.01	113.44856783101054	0.000043569207805581407
0.011748975549395297	0.5491618709590514	0.001212306526812061
0.011748975549395297	0.6452089394558069	0.022826461315562173
0.011748975549395297	0.7580544053917545	0.0169301752350218
0.011748975549395297	0.8906362674059114	0.04755027589007418
0.011748975549395297	1.0464063729156743	0.04152670216339517
0.011748975549395297	1.2294202890117674	0.05234935742161915
0.011748975549395297	1.4444428915529752	0.1062237084754017
0.011748975549395297	1.6970724215353745	0.12547242955662827
0.011748975549395297	1.9938862386172183	0.12843116422814735
0.011748975549395297	2.3426120665789454	0.15297332160900873
0.011748975549395297	2.752329189195441	0.16473641905650052
0.011748975549395297	3.233704834774421	0.18857931099307368
0.011748975549395297	3.799271903772603	0.24637724239835285
0.011748975549395297	4.463755270292884	0.23521047855502428
0.011748975549395297	5.244455152915547	0.26611685713531147
0.011748975549395297	6.161697536150492	0.26108479089561565
0.011748975549395297	7.239363369500138	0.2659500090570132
0.011748975549395297	8.505510322144508	0.265169762038537
0.011748975549395297	9.993103281000513	0.2649304884623277
0.011748975549395297	11.740872611105688	0.2448983603209415
0.011748975549395297	13.794322523644565	0.2340300073799044
0.011748975549395297	16.206915805077283	0.21421665099161016
0.011748975549395297	19.041465752496112	0.19101457382690268
0.011748975549395297	22.371771555072474	0.1700287624506421
0.011748975549395297	26.28453969972037	0.14104112906083294
0.011748975549395297	30.881641425912463	0.10253938745419038
0.011748975549395297	36.28276500382384	0.06791451503933531
0.011748975549395297	42.62853188943814	0.04448669722493148
0.011748975549395297	50.08415788756265	0.025382606031139572
0.011748975549395297	58.84375464330272	0.012948599722821752
0.011748975549395297	69.13538345387792	0.005228612870219608
0.011748975549395297	81.22699297976804	0.0017061592576989543
0.011748975549395297	95.43339544701976	0.00026413984261371897
0.011748975549395297	104.3726824045297	0.000034854704228152845
0.011748975549395297	107.77613943946001	0.000014380474839000455
0.011748975549395297	111.17959647439032	8.17159955340243e-6
0.011748975549395297	113.44856783101054	4.33465595003968e-6
0.013803842646028852	0.5491618709590514	0.01841801630854049
0.013803842646028852	0.6452089394558069	0.03300970198948174
0.013803842646028852	0.7580544053917545	0.039706258942175714
0.013803842646028852	0.8906362674059114	0.03418539520358195
0.013803842646028852	1.0464063729156743	0.052948336829569745
0.013803842646028852	1.2294202890117674	0.07456351719803694
0.013803842646028852	1.4444428915529752	0.10782415048553581
0.013803842646028852	1.6970724215353745	0.13310077734259665
0.013803842646028852	1.9938862386172183	0.14904801675598123
0.013803842646028852	2.3426120665789454	0.18769997595569124
0.013803842646028852	2.752329189195441	0.21189248652767037
0.013803842646028852	3.233704834774421	0.23413809948502012
0.013803842646028852	3.799271903772603	0.2654340763066589
0.013803842646028852	4.463755270292884	0.2837571031006268
0.013803842646028852	5.244455152915547	0.29797101586414965
0.013803842646028852	6.161697536150492	0.32263314655299236
0.013803842646028852	7.239363369500138	0.3081093028666562
0.013803842646028852	8.505510322144508	0.30672020907119746
0.013803842646028852	9.993103281000513	0.30382421302618995
0.013803842646028852	11.740872611105688	0.2904321926724841
0.013803842646028852	13.794322523644565	0.2694492337323564
0.013803842646028852	16.206915805077283	0.2447090923340502
0.013803842646028852	19.041465752496112	0.2167406839363385
0.013803842646028852	22.371771555072474	0.17569505633007318
0.013803842646028852	26.28453969972037	0.13918868387293853
0.013803842646028852	30.881641425912463	0.095742091262206
0.013803842646028852	36.28276500382384	0.06418582388297024
0.013803842646028852	42.62853188943814	0.039071987449275064
0.013803842646028852	50.08415788756265	0.019664179596829597
0.013803842646028852	58.84375464330272	0.00935448191588608
0.013803842646028852	69.13538345387792	0.004122492212117973
0.013803842646028852	81.22699297976804	0.0014410978337520794
0.013803842646028852	95.43339544701976	0.0002696241675065067
0.013803842646028852	104.3726824045297	0.000046436529041304614
0.013803842646028852	107.77613943946001	0.0000209818913680355
0.013803842646028852	111.17959647439032	0.000011833244229323636
0.013803842646028852	113.44856783101054	6.179693488026911e-6
0.0162181009735893	0.5491618709590514	0.0007240096749529233
0.0162181009735893	0.6452089394558069	0.013502317702996806
0.0162181009735893	0.7580544053917545	0.04657940053695031
0.0162181009735893	0.8906362674059114	0.07097691187426905
0.0162181009735893	1.0464063729156743	0.08782838783156856
0.0162181009735893	1.2294202890117674	0.09421760900012191
0.0162181009735893	1.4444428915529752	0.115483915293544
0.0162181009735893	1.6970724215353745	0.12537410039554558
0.0162181009735893	1.9938862386172183	0.1881577462926966
0.0162181009735893	2.3426120665789454	0.2334553172743685
0.0162181009735893	2.752329189195441	0.24221304699956184
0.0162181009735893	3.233704834774421	0.2817319466467921
0.0162181009735893	3.799271903772603	0.29980789732501595
0.0162181009735893	4.463755270292884	0.35598314364581946
0.0162181009735893	5.244455152915547	0.3792770217798071
0.0162181009735893	6.161697536150492	0.3686992361018652
0.0162181009735893	7.239363369500138	0.36735016417758537
0.0162181009735893	8.505510322144508	0.3773002274856574
0.0162181009735893	9.993103281000513	0.33944329668574497
0.0162181009735893	11.740872611105688	0.3331418096335606
0.0162181009735893	13.794322523644565	0.2992479407339564
0.0162181009735893	16.206915805077283	0.2595854307389328
0.0162181009735893	19.041465752496112	0.21081064333043467
0.0162181009735893	22.371771555072474	0.17585041878545346
0.0162181009735893	26.28453969972037	0.13012525111212647
0.0162181009735893	30.881641425912463	0.08921062377149916
0.0162181009735893	36.28276500382384	0.058311644721744355
0.0162181009735893	42.62853188943814	0.0344038074340945
0.0162181009735893	50.08415788756265	0.016922550643472
0.0162181009735893	58.84375464330272	0.007044202403414657
0.0162181009735893	69.13538345387792	0.002502669129885661
0.0162181009735893	81.22699297976804	0.0005692695822672135
0.0162181009735893	95.43339544701976	0.00019495724263783324
0.0162181009735893	104.3726824045297	0.00005421514743363144
0.0162181009735893	107.77613943946001	0.00002993901576639112
0.0162181009735893	111.17959647439032	0.00001972955151575295
0.0162181009735893	113.44856783101054	0.00001341715114461356
0.019054607179632473	0.5491618709590514	0.006602160127264466
0.019054607179632473	0.6452089394558069	0.011405284136098941
0.019054607179632473	0.7580544053917545	0.030338722241575498
0.019054607179632473	0.8906362674059114	0.07114875330703004
0.019054607179632473	1.0464063729156743	0.10172328701944433
0.019054607179632473	1.2294202890117674	0.12631817150575467
0.019054607179632473	1.4444428915529752	0.1527862829443934
0.019054607179632473	1.6970724215353745	0.17287659097647845
0.019054607179632473	1.9938862386172183	0.22399389406455905
0.019054607179632473	2.3426120665789454	0.2556311769985037
0.019054607179632473	2.752329189195441	0.27418707402725867
0.019054607179632473	3.233704834774421	0.31763671861996634
0.019054607179632473	3.799271903772603	0.3573664544073863
0.019054607179632473	4.463755270292884	0.3925953049007464
0.019054607179632473	5.244455152915547	0.4083377864217026
0.019054607179632473	6.161697536150492	0.4177614937735412
0.019054607179632473	7.239363369500138	0.41093837726700144
0.019054607179632473	8.505510322144508	0.3930815819091546
0.019054607179632473	9.993103281000513	0.3901574944046145
0.019054607179632473	11.740872611105688	0.3613781310210895
0.019054607179632473	13.794322523644565	0.30894418375614374
0.019054607179632473	16.206915805077283	0.2566804492388797
0.019054607179632473	19.041465752496112	0.2177457639513388
0.019054607179632473	22.371771555072474	0.1725187526070985
0.019054607179632473	26.28453969972037	0.12712844816253902
0.019054607179632473	30.881641425912463	0.08321601693251804
0.019054607179632473	36.28276500382384	0.04987263907320737
0.019054607179632473	42.62853188943814	0.02716692670826178
0.019054607179632473	50.08415788756265	0.01205951248948157
0.019054607179632473	58.84375464330272	0.004341819779820084
0.019054607179632473	69.13538345387792	0.0016185455478788945
0.019054607179632473	81.22699297976804	0.0002623386635120236
0.019054607179632473	95.43339544701976	0.00003106310890209207
0.019054607179632473	104.3726824045297	4.0590357413184475e-6
0.019054607179632473	107.77613943946001	1.6150714093450267e-6
0.019054607179632473	111.17959647439032	8.251677246137935e-7
0.019054607179632473	113.44856783101054	3.37133722912977e-7
0.0223872113856834	0.5491618709590514	0.02011310269781875
0.0223872113856834	0.6452089394558069	0.02909148154235582
0.0223872113856834	0.7580544053917545	0.08010975900179418
0.0223872113856834	0.8906362674059114	0.08563463135141927
0.0223872113856834	1.0464063729156743	0.1075513152322545
0.0223872113856834	1.2294202890117674	0.14542607954588377
0.0223872113856834	1.4444428915529752	0.1621355982009198
0.0223872113856834	1.6970724215353745	0.2082452253281584
0.0223872113856834	1.9938862386172183	0.26602614412291076
0.0223872113856834	2.3426120665789454	0.30957840183020624
0.0223872113856834	2.752329189195441	0.3402645555697785
0.0223872113856834	3.233704834774421	0.4029294617217976
0.0223872113856834	3.799271903772603	0.42420268773120096
0.0223872113856834	4.463755270292884	0.4625346705135826
0.0223872113856834	5.244455152915547	0.46122768216458526
0.0223872113856834	6.161697536150492	0.4783450733441784
0.0223872113856834	7.239363369500138	0.46290122261208877
0.0223872113856834	8.505510322144508	0.4504243680311337
0.0223872113856834	9.993103281000513	0.40712083375877545
0.0223872113856834	11.740872611105688	0.36851684502325976
0.0223872113856834	13.794322523644565	0.32061346666298157
0.0223872113856834	16.206915805077283	0.2706059470525326
0.0223872113856834	19.041465752496112	0.21973282198902952
0.0223872113856834	22.371771555072474	0.15266805405718803
0.0223872113856834	26.28453969972037	0.10293648259060026
0.0223872113856834	30.881641425912463	0.0653252992616606
0.0223872113856834	36.28276500382384	0.0371407603758852
0.0223872113856834	42.62853188943814	0.017599949592780287
0.0223872113856834	50.08415788756265	0.006013100758177574
0.0223872113856834	58.84375464330272	0.0016793055447807442
0.0223872113856834	69.13538345387792	0.0004658972545101618
0.0223872113856834	81.22699297976804	0.0000773884125019985
0.0223872113856834	95.43339544701976	8.472545287917252e-7
0.0223872113856834	104.3726824045297	1.1693011833014886e-8
0.0223872113856834	107.77613943946001	2.0345854414208383e-9
0.0223872113856834	111.17959647439032	9.166104057938805e-10
0.0223872113856834	113.44856783101054	2.2600797287465323e-10
0.026302679918953815	0.5491618709590514	0.015067816301031624
0.026302679918953815	0.6452089394558069	0.03217065277381567
0.026302679918953815	0.7580544053917545	0.07239965073875722
0.026302679918953815	0.8906362674059114	0.12725575977681108
0.026302679918953815	1.0464063729156743	0.15422581039298167
0.026302679918953815	1.2294202890117674	0.18810060453695984
0.026302679918953815	1.4444428915529752	0.2406729226003607
0.026302679918953815	1.6970724215353745	0.29435970622659524
0.026302679918953815	1.9938862386172183	0.2948842339122476
0.026302679918953815	2.3426120665789454	0.3506646641371796
0.026302679918953815	2.752329189195441	0.41588950432734734
0.026302679918953815	3.233704834774421	0.47087969574777716
0.026302679918953815	3.799271903772603	0.497920332231068
0.026302679918953815	4.463755270292884	0.5278093594377314
0.026302679918953815	5.244455152915547	0.5397149460768839
0.026302679918953815	6.161697536150492	0.5345937666460061
0.026302679918953815	7.239363369500138	0.5146356131779117
0.026302679918953815	8.505510322144508	0.4867992134214598
0.026302679918953815	9.993103281000513	0.4399008905425762
0.026302679918953815	11.740872611105688	0.3802065104324521
0.026302679918953815	13.794322523644565	0.32926397926729195
0.026302679918953815	16.206915805077283	0.25740861608326127
0.026302679918953815	19.041465752496112	0.18829589675055222
0.026302679918953815	22.371771555072474	0.1294501009377241
0.026302679918953815	26.28453969972037	0.08173936252801216
0.026302679918953815	30.881641425912463	0.05022420265120965
0.026302679918953815	36.28276500382384	0.024330427996287457
0.026302679918953815	42.62853188943814	0.010074721087424313
0.026302679918953815	50.08415788756265	0.0041728438372495135
0.026302679918953815	58.84375464330272	0.0008963633573317435
0.026302679918953815	69.13538345387792	0.00018016202195197717
0.026302679918953815	81.22699297976804	0.000010031789696922987
0.026302679918953815	95.43339544701976	1.3767810319929081e-8
0.026302679918953815	104.3726824045297	2.7981318450498195e-11
0.026302679918953815	107.77613943946001	4.088928272487322e-14
0.026302679918953815	111.17959647439032	1.612862693495301e-14
0.026302679918953815	113.44856783101054	8.354329381419696e-16
0.030902954325135904	0.5491618709590514	0.014974149667512806
0.030902954325135904	0.6452089394558069	0.04118237707889176
0.030902954325135904	0.7580544053917545	0.07179128212794765
0.030902954325135904	0.8906362674059114	0.12147324260349829
0.030902954325135904	1.0464063729156743	0.15570038601112093
0.030902954325135904	1.2294202890117674	0.19392972759790994
0.030902954325135904	1.4444428915529752	0.24911030612841734
0.030902954325135904	1.6970724215353745	0.30324710379175007
0.030902954325135904	1.9938862386172183	0.36596615320900716
0.030902954325135904	2.3426120665789454	0.3995779685741648
0.030902954325135904	2.752329189195441	0.4452247200019519
0.030902954325135904	3.233704834774421	0.5184319020856724
0.030902954325135904	3.799271903772603	0.5497284580203058
0.030902954325135904	4.463755270292884	0.588361563913688
0.030902954325135904	5.244455152915547	0.6009876358924674
0.030902954325135904	6.161697536150492	0.5805469614960078
0.030902954325135904	7.239363369500138	0.5522700281612983
0.030902954325135904	8.505510322144508	0.5150627500266746
0.030902954325135904	9.993103281000513	0.46153118114717845
0.030902954325135904	11.740872611105688	0.3810230118507581
0.030902954325135904	13.794322523644565	0.30992850800180877
0.030902954325135904	16.206915805077283	0.23579542435500517
0.030902954325135904	19.041465752496112	0.1745564328129466
0.030902954325135904	22.371771555072474	0.10836392920408798
0.030902954325135904	26.28453969972037	0.061522656170169804
0.030902954325135904	30.881641425912463	0.03270743914557595
0.030902954325135904	36.28276500382384	0.014060251181718568
0.030902954325135904	42.62853188943814	0.004959243961713726
0.030902954325135904	50.08415788756265	0.00134040098305324
0.030902954325135904	58.84375464330272	0.00028738803801628193
0.030902954325135904	69.13538345387792	0.00001799200268214706
0.030902954325135904	81.22699297976804	9.188524741197308e-8
0.030902954325135904	95.43339544701976	0.
0.030902954325135904	104.3726824045297	5.869849079173816e-19
0.030902954325135904	107.77613943946001	8.261311287039795e-20
0.030902954325135904	111.17959647439032	1.919555109784803e-19
0.030902954325135904	113.44856783101054	2.5935669185582847e-19
0.03630780547701014	0.5491618709590514	0.04994639731395597
0.03630780547701014	0.6452089394558069	0.0548092663265798
0.03630780547701014	0.7580544053917545	0.08838194573582323
0.03630780547701014	0.8906362674059114	0.15410078238995686
0.03630780547701014	1.0464063729156743	0.19342446321642756
0.03630780547701014	1.2294202890117674	0.2777818100468994
0.03630780547701014	1.4444428915529752	0.304415028777996
0.03630780547701014	1.6970724215353745	0.35076184069548694
0.03630780547701014	1.9938862386172183	0.4357334905817196
0.03630780547701014	2.3426120665789454	0.49011622698952106
0.03630780547701014	2.752329189195441	0.5390033789957968
0.03630780547701014	3.233704834774421	0.5927134606323182
0.03630780547701014	3.799271903772603	0.6069263946065027
0.03630780547701014	4.463755270292884	0.6358069540184138
0.03630780547701014	5.244455152915547	0.6645151200358153
0.03630780547701014	6.161697536150492	0.628934883860151
0.03630780547701014	7.239363369500138	0.5965417198537016
0.03630780547701014	8.505510322144508	0.5391386843178891
0.03630780547701014	9.993103281000513	0.45478159077984237
0.03630780547701014	11.740872611105688	0.36206351937893644
0.03630780547701014	13.794322523644565	0.27004909223296114
0.03630780547701014	16.206915805077283	0.19841100071613205
0.03630780547701014	19.041465752496112	0.1300551101123549
0.03630780547701014	22.371771555072474	0.07747458501238486
0.03630780547701014	26.28453969972037	0.04163049420555518
0.03630780547701014	30.881641425912463	0.019712661707139582
0.03630780547701014	36.28276500382384	0.006490016207434994
0.03630780547701014	42.62853188943814	0.001590850955374157
0.03630780547701014	50.08415788756265	0.0005096377604144533
0.03630780547701014	58.84375464330272	0.00006927246129528566
0.03630780547701014	69.13538345387792	0.000016696947045941744
0.03630780547701014	81.22699297976804	1.2834259986164871e-7
0.03630780547701014	95.43339544701976	0.
0.03630780547701014	104.3726824045297	1.0626287407015124e-20
0.03630780547701014	107.77613943946001	8.503564580685257e-22
0.03630780547701014	111.17959647439032	2.542333281939144e-21
0.03630780547701014	113.44856783101054	3.5855234484769686e-21
0.04265795188015928	0.5491618709590514	0.03531030458064326
0.04265795188015928	0.6452089394558069	0.05284619850470669
0.04265795188015928	0.7580544053917545	0.11017576070302272
0.04265795188015928	0.8906362674059114	0.15659013452180498
0.04265795188015928	1.0464063729156743	0.226053107116627
0.04265795188015928	1.2294202890117674	0.27863663778441816
0.04265795188015928	1.4444428915529752	0.3198020065669823
0.04265795188015928	1.6970724215353745	0.4040568224104325
0.04265795188015928	1.9938862386172183	0.49521608993441024
0.04265795188015928	2.3426120665789454	0.5490850571141489
0.04265795188015928	2.752329189195441	0.6106906207883813
0.04265795188015928	3.233704834774421	0.6653470967255412
0.04265795188015928	3.799271903772603	0.7123878321560003
0.04265795188015928	4.463755270292884	0.7297719774077631
0.04265795188015928	5.244455152915547	0.7119595748835872
0.04265795188015928	6.161697536150492	0.6670009626710479
0.04265795188015928	7.239363369500138	0.5940713572713852
0.04265795188015928	8.505510322144508	0.5096324729570706
0.04265795188015928	9.993103281000513	0.4181977534816321
0.04265795188015928	11.740872611105688	0.31899961893603346
0.04265795188015928	13.794322523644565	0.23099693696121076
0.04265795188015928	16.206915805077283	0.14956785468093783
0.04265795188015928	19.041465752496112	0.0921697017869749
0.04265795188015928	22.371771555072474	0.048176556671940214
0.04265795188015928	26.28453969972037	0.020087810150411185
0.04265795188015928	30.881641425912463	0.008152945090535511
0.04265795188015928	36.28276500382384	0.002289264848945721
0.04265795188015928	42.62853188943814	0.0004841321877740851
0.04265795188015928	50.08415788756265	0.00007720026929299092
0.04265795188015928	58.84375464330272	2.9942061166707364e-6
0.04265795188015928	69.13538345387792	2.8897403150262504e-9
0.04265795188015928	81.22699297976804	3.48068483516027e-19
0.04265795188015928	95.43339544701976	0.
0.04265795188015928	104.3726824045297	3.581418941021044e-20
0.04265795188015928	107.77613943946001	9.882358670403123e-20
0.04265795188015928	111.17959647439032	6.462904988348285e-20
0.04265795188015928	113.44856783101054	4.348767498812011e-20
0.05011872336272725	0.5491618709590514	0.04154172187851385
0.05011872336272725	0.6452089394558069	0.07159686505479351
0.05011872336272725	0.7580544053917545	0.1363158627409453
0.05011872336272725	0.8906362674059114	0.1859846000227829
0.05011872336272725	1.0464063729156743	0.25652062206583176
0.05011872336272725	1.2294202890117674	0.31821927438071845
0.05011872336272725	1.4444428915529752	0.389525432573452
0.05011872336272725	1.6970724215353745	0.48725388447190365
0.05011872336272725	1.9938862386172183	0.5614803070125777
0.05011872336272725	2.3426120665789454	0.6157543640972644
0.05011872336272725	2.752329189195441	0.6760319037182936
0.05011872336272725	3.233704834774421	0.7375570796467521
0.05011872336272725	3.799271903772603	0.7593902418835504
0.05011872336272725	4.463755270292884	0.7576268377828489
0.05011872336272725	5.244455152915547	0.7331137050154727
0.05011872336272725	6.161697536150492	0.6772460529591801
0.05011872336272725	7.239363369500138	0.598845933885054
0.05011872336272725	8.505510322144508	0.48851474782367194
0.05011872336272725	9.993103281000513	0.3729694899007004
0.05011872336272725	11.740872611105688	0.26506214752739093
0.05011872336272725	13.794322523644565	0.17904176553916207
0.05011872336272725	16.206915805077283	0.10750473821616882
0.05011872336272725	19.041465752496112	0.058363851302850836
0.05011872336272725	22.371771555072474	0.027022201341646023
0.05011872336272725	26.28453969972037	0.009394570656062225
0.05011872336272725	30.881641425912463	0.0026788018966291184
0.05011872336272725	36.28276500382384	0.0006219853041368758
0.05011872336272725	42.62853188943814	0.00007386612773914758
0.05011872336272725	50.08415788756265	5.299694125873889e-7
0.05011872336272725	58.84375464330272	5.441857942084409e-11
0.05011872336272725	69.13538345387792	0.
0.05011872336272725	81.22699297976804	0.
0.05011872336272725	95.43339544701976	0.
0.05011872336272725	104.3726824045297	3.552911823868925e-20
0.05011872336272725	107.77613943946001	9.28126510476383e-20
0.05011872336272725	111.17959647439032	4.29194848948162e-20
0.05011872336272725	113.44856783101054	1.2098152218759642e-20
0.0588843655355589	0.5491618709590514	0.04618773382699913
0.0588843655355589	0.6452089394558069	0.08592777373720634
0.0588843655355589	0.7580544053917545	0.15732854372348828
0.0588843655355589	0.8906362674059114	0.21589048546532813
0.0588843655355589	1.0464063729156743	0.2843451185965516
0.0588843655355589	1.2294202890117674	0.3772208228567485
0.0588843655355589	1.4444428915529752	0.4577389474516641
0.0588843655355589	1.6970724215353745	0.5468640803158794
0.0588843655355589	1.9938862386172183	0.6172930634900052
0.0588843655355589	2.3426120665789454	0.6945730260915667
0.0588843655355589	2.752329189195441	0.7835888294415881
0.0588843655355589	3.233704834774421	0.8105649567135947
0.0588843655355589	3.799271903772603	0.8354114365089255
0.0588843655355589	4.463755270292884	0.809007067211844
0.0588843655355589	5.244455152915547	0.7637946630878311
0.0588843655355589	6.161697536150492	0.6589650902173136
0.0588843655355589	7.239363369500138	0.5453525815485201
0.0588843655355589	8.505510322144508	0.4201231719446748
0.0588843655355589	9.993103281000513	0.2955743360185388
0.0588843655355589	11.740872611105688	0.20362530075248816
0.0588843655355589	13.794322523644565	0.12170447701606409
0.0588843655355589	16.206915805077283	0.06458779086503189
0.0588843655355589	19.041465752496112	0.028745898714322083
0.0588843655355589	22.371771555072474	0.011353368488659301
0.0588843655355589	26.28453969972037	0.002895981316249034
0.0588843655355589	30.881641425912463	0.0006516412273813508
0.0588843655355589	36.28276500382384	0.00011051301028110416
0.0588843655355589	42.62853188943814	1.2118994096176137e-6
0.0588843655355589	50.08415788756265	2.8878668288873415e-10
0.0588843655355589	58.84375464330272	3.6690101270842854e-18
0.0588843655355589	69.13538345387792	0.
0.0588843655355589	81.22699297976804	4.685995197841142e-19
0.0588843655355589	95.43339544701976	0.
0.0588843655355589	104.3726824045297	6.475798680745067e-20
0.0588843655355589	107.77613943946001	1.654561846313688e-19
0.0588843655355589	111.17959647439032	6.317271090154521e-20
0.0588843655355589	113.44856783101054	0.
0.06918309709189366	0.5491618709590514	0.053232969222913366
0.06918309709189366	0.6452089394558069	0.0898600704901874
0.06918309709189366	0.7580544053917545	0.17999952021481655
0.06918309709189366	0.8906362674059114	0.25493870147899766
0.06918309709189366	1.0464063729156743	0.35404775162823915
0.06918309709189366	1.2294202890117674	0.4309462112579265
0.06918309709189366	1.4444428915529752	0.5528980846159949
0.06918309709189366	1.6970724215353745	0.650475385923675
0.06918309709189366	1.9938862386172183	0.7068345469067417
0.06918309709189366	2.3426120665789454	0.7954281592147308
0.06918309709189366	2.752329189195441	0.8452634559753928
0.06918309709189366	3.233704834774421	0.8788472258072272
0.06918309709189366	3.799271903772603	0.8672970552056224
0.06918309709189366	4.463755270292884	0.8428277507615821
0.06918309709189366	5.244455152915547	0.73519003202744
0.06918309709189366	6.161697536150492	0.603289875576814
0.06918309709189366	7.239363369500138	0.4753120972426544
0.06918309709189366	8.505510322144508	0.3522506686921065
0.06918309709189366	9.993103281000513	0.23745939851786044
0.06918309709189366	11.740872611105688	0.13532159180961356
0.06918309709189366	13.794322523644565	0.07098248555476595
0.06918309709189366	16.206915805077283	0.03438676966829199
0.06918309709189366	19.041465752496112	0.01228786511867608
0.06918309709189366	22.371771555072474	0.0033980045727232135
0.06918309709189366	26.28453969972037	0.0006240318020177681
0.06918309709189366	30.881641425912463	0.000107505007850492
0.06918309709189366	36.28276500382384	0.000026594113050812686
0.06918309709189366	42.62853188943814	4.694464747828435e-6
0.06918309709189366	50.08415788756265	1.0672740326655692e-8
0.06918309709189366	58.84375464330272	0.
0.06918309709189366	69.13538345387792	0.
0.06918309709189366	81.22699297976804	1.260521493114907e-19
0.06918309709189366	95.43339544701976	0.
0.06918309709189366	104.3726824045297	0.
0.06918309709189366	107.77613943946001	0.
0.06918309709189366	111.17959647439032	0.
0.06918309709189366	113.44856783101054	0.
0.08128305161640995	0.5491618709590514	0.06872435338854875
0.08128305161640995	0.6452089394558069	0.12340351370545737
0.08128305161640995	0.7580544053917545	0.224307821942219
0.08128305161640995	0.8906362674059114	0.29869281161243616
0.08128305161640995	1.0464063729156743	0.39574416344562885
0.08128305161640995	1.2294202890117674	0.4975824476990056
0.08128305161640995	1.4444428915529752	0.6092613123419124
0.08128305161640995	1.6970724215353745	0.696639658260444
0.08128305161640995	1.9938862386172183	0.8043233780101582
0.08128305161640995	2.3426120665789454	0.8908592388690947
0.08128305161640995	2.752329189195441	0.8916856532061741
0.08128305161640995	3.233704834774421	0.9126917279399562
0.08128305161640995	3.799271903772603	0.8649968485748128
0.08128305161640995	4.463755270292884	0.7893798839049436
0.08128305161640995	5.244455152915547	0.6811076342150565
0.08128305161640995	6.161697536150492	0.5192913723469553
0.08128305161640995	7.239363369500138	0.3765097127291353
0.08128305161640995	8.505510322144508	0.2506172733236437
0.08128305161640995	9.993103281000513	0.15179048967737668
0.08128305161640995	11.740872611105688	0.0827379328882883
0.08128305161640995	13.794322523644565	0.03874425525583295
0.08128305161640995	16.206915805077283	0.013374684709058468
0.08128305161640995	19.041465752496112	0.003745614387032552
0.08128305161640995	22.371771555072474	0.0008941161258738552
0.08128305161640995	26.28453969972037	0.00012659013843679043
0.08128305161640995	30.881641425912463	2.2804358894769984e-6
0.08128305161640995	36.28276500382384	9.072649209732246e-10
0.08128305161640995	42.62853188943814	7.238616650902978e-15
0.08128305161640995	50.08415788756265	5.555155202743623e-21
0.08128305161640995	58.84375464330272	5.67988579031373e-19
0.08128305161640995	69.13538345387792	0.
0.08128305161640995	81.22699297976804	6.022171229442165e-19
0.08128305161640995	95.43339544701976	0.
0.08128305161640995	104.3726824045297	5.521571249253194e-20
0.08128305161640995	107.77613943946001	1.438575242644271e-19
0.08128305161640995	111.17959647439032	6.514973901959932e-20
0.08128305161640995	113.44856783101054	1.652956766497936e-20
0.09549925860214359	0.5491618709590514	0.08121662179147401
0.09549925860214359	0.6452089394558069	0.13374751053631972
0.09549925860214359	0.7580544053917545	0.2331565493049065
0.09549925860214359	0.8906362674059114	0.3418983168912197
0.09549925860214359	1.0464063729156743	0.453022294527839
0.09549925860214359	1.2294202890117674	0.5707108767888387
0.09549925860214359	1.4444428915529752	0.6758396425025309
0.09549925860214359	1.6970724215353745	0.7933250870023878
0.09549925860214359	1.9938862386172183	0.8730273054281138
0.09549925860214359	2.3426120665789454	0.9274253665860878
0.09549925860214359	2.752329189195441	0.9213678811936613
0.09549925860214359	3.233704834774421	0.8985830959484716
0.09549925860214359	3.799271903772603	0.8392353388464441
0.09549925860214359	4.463755270292884	0.7296007555007645
0.09549925860214359	5.244455152915547	0.5805423568317737
0.09549925860214359	6.161697536150492	0.42903459675255057
0.09549925860214359	7.239363369500138	0.2864458953016788
0.09549925860214359	8.505510322144508	0.16838069684442883
0.09549925860214359	9.993103281000513	0.09198962443299197
0.09549925860214359	11.740872611105688	0.04154877243958619
0.09549925860214359	13.794322523644565	0.01632430901427329
0.09549925860214359	16.206915805077283	0.004653643038321805
0.09549925860214359	19.041465752496112	0.0007936050800551965
0.09549925860214359	22.371771555072474	0.0001466022373150532
0.09549925860214359	26.28453969972037	0.00001968756381553051
0.09549925860214359	30.881641425912463	1.5005079096630054e-7
0.09549925860214359	36.28276500382384	1.5678615029875392e-13
0.09549925860214359	42.62853188943814	0.
0.09549925860214359	50.08415788756265	2.15358104599035e-19
0.09549925860214359	58.84375464330272	1.5249287932009158e-18
0.09549925860214359	69.13538345387792	1.729347054859238e-19
0.09549925860214359	81.22699297976804	1.3123635215885247e-18
0.09549925860214359	95.43339544701976	4.49806378360534e-19
0.09549925860214359	104.3726824045297	7.859189536892324e-19
0.09549925860214359	107.77613943946001	1.314159218927008e-18
0.09549925860214359	111.17959647439032	9.607637899156915e-19
0.09549925860214359	113.44856783101054	7.42122678405514e-19
0.11220184543019636	0.5491618709590514	0.08614368016955568
0.11220184543019636	0.6452089394558069	0.149722480437759
0.11220184543019636	0.7580544053917545	0.281418679942754
0.11220184543019636	0.8906362674059114	0.38692207375212
0.11220184543019636	1.0464063729156743	0.504615573955274
0.11220184543019636	1.2294202890117674	0.6303262479982588
0.11220184543019636	1.4444428915529752	0.7575603691912043
0.11220184543019636	1.6970724215353745	0.847021055452649
0.11220184543019636	1.9938862386172183	0.9156631317634176
0.11220184543019636	2.3426120665789454	0.9539280977507308
0.11220184543019636	2.752329189195441	0.9536946518009409
0.11220184543019636	3.233704834774421	0.880967838585348
0.11220184543019636	3.799271903772603	0.7511192706895805
0.11220184543019636	4.463755270292884	0.6130205672127581
0.11220184543019636	5.244455152915547	0.4718981562462981
0.11220184543019636	6.161697536150492	0.3137776122588465
0.11220184543019636	7.239363369500138	0.18624441930126398
0.11220184543019636	8.505510322144508	0.09786765015052076
0.11220184543019636	9.993103281000513	0.04344099966032498
0.11220184543019636	11.740872611105688	0.015851920516464415
0.11220184543019636	13.794322523644565	0.003922696593325545
0.11220184543019636	16.206915805077283	0.0008487812018733485
0.11220184543019636	19.041465752496112	0.00010530202738863956
0.11220184543019636	22.371771555072474	8.555152047099109e-7
0.11220184543019636	26.28453969972037	1.0231987407993307e-10
0.11220184543019636	30.881641425912463	0.
0.11220184543019636	36.28276500382384	0.
0.11220184543019636	42.62853188943814	0.
0.11220184543019636	50.08415788756265	2.018489115892176e-21
0.11220184543019636	58.84375464330272	4.1125142565221713e-20
0.11220184543019636	69.13538345387792	1.738624877820067e-20
0.11220184543019636	81.22699297976804	5.461452180798559e-19
0.11220184543019636	95.43339544701976	1.6498682601185208e-20
0.11220184543019636	104.3726824045297	2.7592543453652293e-19
0.11220184543019636	107.77613943946001	7.160859963242537e-19
0.11220184543019636	111.17959647439032	4.350541936540203e-19
0.11220184543019636	113.44856783101054	2.6134995607259833e-19
0.13182567385564073	0.5491618709590514	0.10816987628254607
0.13182567385564073	0.6452089394558069	0.2018143253539569
0.13182567385564073	0.7580544053917545	0.35199371593285267
0.13182567385564073	0.8906362674059114	0.46763436182645424
0.13182567385564073	1.0464063729156743	0.6079076057130012
0.13182567385564073	1.2294202890117674	0.7030679261521149
0.13182567385564073	1.4444428915529752	0.8221915718605567
0.13182567385564073	1.6970724215353745	0.9207985629298611
0.13182567385564073	1.9938862386172183	0.970879048047324
0.13182567385564073	2.3426120665789454	0.9548490976059213
0.13182567385564073	2.752329189195441	0.8958618273669763
0.13182567385564073	3.233704834774421	0.7865115161400976
0.13182567385564073	3.799271903772603	0.648832385810447
0.13182567385564073	4.463755270292884	0.4898019917477648
0.13182567385564073	5.244455152915547	0.32527640291985616
0.13182567385564073	6.161697536150492	0.1999842869247098
0.13182567385564073	7.239363369500138	0.10910387389753667
0.13182567385564073	8.505510322144508	0.048701174338144936
0.13182567385564073	9.993103281000513	0.01788043424425151
0.13182567385564073	11.740872611105688	0.005397942877874235
0.13182567385564073	13.794322523644565	0.001029097741420891
0.13182567385564073	16.206915805077283	0.00012672845907115828
0.13182567385564073	19.041465752496112	0.00002681067669726559
0.13182567385564073	22.371771555072474	3.8713054317362186e-7
0.13182567385564073	26.28453969972037	8.251689793513658e-11
0.13182567385564073	30.881641425912463	0.
0.13182567385564073	36.28276500382384	0.
0.13182567385564073	42.62853188943814	0.
0.13182567385564073	50.08415788756265	0.
0.13182567385564073	58.84375464330272	6.448508545368538e-19
0.13182567385564073	69.13538345387792	1.7978786506075046e-19
0.13182567385564073	81.22699297976804	6.664483440658092e-19
0.13182567385564073	95.43339544701976	3.2623879505944946e-20
0.13182567385564073	104.3726824045297	1.745740808497399e-19
0.13182567385564073	107.77613943946001	5.214855234572145e-19
0.13182567385564073	111.17959647439032	4.764018263893081e-19
0.13182567385564073	113.44856783101054	4.48330109788804e-19
0.1548816618912482	0.5491618709590514	0.11406206096550155
0.1548816618912482	0.6452089394558069	0.21501076382695186
0.1548816618912482	0.7580544053917545	0.387327257440856
0.1548816618912482	0.8906362674059114	0.5184752524107092
0.1548816618912482	1.0464063729156743	0.6451181735787319
0.1548816618912482	1.2294202890117674	0.7723373884492646
0.1548816618912482	1.4444428915529752	0.8769552029116158
0.1548816618912482	1.6970724215353745	0.9660526916081077
0.1548816618912482	1.9938862386172183	0.9569013485331469
0.1548816618912482	2.3426120665789454	0.9085642940400159
0.1548816618912482	2.752329189195441	0.8088611206010636
0.1548816618912482	3.233704834774421	0.6639844129177666
0.1548816618912482	3.799271903772603	0.505768130456221
0.1548816618912482	4.463755270292884	0.35636443666258244
0.1548816618912482	5.244455152915547	0.21939727990593158
0.1548816618912482	6.161697536150492	0.11667731793473111
0.1548816618912482	7.239363369500138	0.054466664886712174
0.1548816618912482	8.505510322144508	0.019859255801019694
0.1548816618912482	9.993103281000513	0.005732937804814176
0.1548816618912482	11.740872611105688	0.001227126104918543
0.1548816618912482	13.794322523644565	0.00020889154817578935
0.1548816618912482	16.206915805077283	9.84073675164088e-6
0.1548816618912482	19.041465752496112	9.981552558839745e-9
0.1548816618912482	22.371771555072474	0.
0.1548816618912482	26.28453969972037	0.
0.1548816618912482	30.881641425912463	0.
0.1548816618912482	36.28276500382384	0.
0.1548816618912482	42.62853188943814	0.
0.1548816618912482	50.08415788756265	2.4006771352105006e-20
0.1548816618912482	58.84375464330272	2.0359462761511452e-18
0.1548816618912482	69.13538345387792	8.283487166758205e-19
0.1548816618912482	81.22699297976804	1.7368038583979717e-18
0.1548816618912482	95.43339544701976	7.145695112198852e-19
0.1548816618912482	104.3726824045297	1.1474411043340245e-18
0.1548816618912482	107.77613943946001	1.9043916115616945e-18
0.1548816618912482	111.17959647439032	1.921477186727044e-18
0.1548816618912482	113.44856783101054	1.9310521198445e-18
0.1852492475399078	0.5491618709590514	0.1367228851138429
0.1852492475399078	0.6452089394558069	0.24869192242493246
0.1852492475399078	0.7580544053917545	0.4445064803848702
0.1852492475399078	0.8906362674059114	0.5917365575607346
0.1852492475399078	1.0464063729156743	0.7199913940232893
0.1852492475399078	1.2294202890117674	0.8258218852469775
0.1852492475399078	1.4444428915529752	0.9216121526731518
0.1852492475399078	1.6970724215353745	0.922872891599644
0.1852492475399078	1.9938862386172183	0.8945878896859057
0.1852492475399078	2.3426120665789454	0.8045399894819816
0.1852492475399078	2.752329189195441	0.6732190677585149
0.1852492475399078	3.233704834774421	0.5125034155654103
0.1852492475399078	3.799271903772603	0.34754333870594994
0.1852492475399078	4.463755270292884	0.2150908085213656
0.1852492475399078	5.244455152915547	0.11285323829698145
0.1852492475399078	6.161697536150492	0.04799591072682109
0.1852492475399078	7.239363369500138	0.01710943342033961
0.1852492475399078	8.505510322144508	0.005097018182078119
0.1852492475399078	9.993103281000513	0.0011648409155258213
0.1852492475399078	11.740872611105688	0.00018549009494700508
0.1852492475399078	13.794322523644565	4.901051901868106e-6
0.1852492475399078	16.206915805077283	2.7899532707747115e-9
0.1852492475399078	19.041465752496112	0.
0.1852492475399078	22.371771555072474	0.
0.1852492475399078	26.28453969972037	0.
0.1852492475399078	30.881641425912463	0.
0.1852492475399078	36.28276500382384	0.
0.1852492475399078	42.62853188943814	0.
0.1852492475399078	50.08415788756265	0.
0.1852492475399078	58.84375464330272	1.2392435238023899e-19
0.1852492475399078	69.13538345387792	1.2872790302086013e-23
0.1852492475399078	81.22699297976804	1.7186734637626017e-19
0.1852492475399078	95.43339544701976	0.
0.1852492475399078	104.3726824045297	2.5412474426428918e-21
0.1852492475399078	107.77613943946001	7.128664469721151e-21
0.1852492475399078	111.17959647439032	5.058466117752186e-21
0.1852492475399078	113.44856783101054	3.77794983008669e-21
0.19128998387273086	0.5491618709590514	0.1322150417331303
0.19128998387273086	0.6452089394558069	0.2478139812591172
0.19128998387273086	0.7580544053917545	0.4444842383270645
0.19128998387273086	0.8906362674059114	0.5981730689282275
0.19128998387273086	1.0464063729156743	0.7073970677162422
0.19128998387273086	1.2294202890117674	0.8219136426469412
0.19128998387273086	1.4444428915529752	0.9138581868486726
0.19128998387273086	1.6970724215353745	0.9106918171818441
0.19128998387273086	1.9938862386172183	0.8645484204008625
0.19128998387273086	2.3426120665789454	0.7717633379793681
0.19128998387273086	2.752329189195441	0.6423978736952153
0.19128998387273086	3.233704834774421	0.4838486395459753
0.19128998387273086	3.799271903772603	0.329119144359997
0.19128998387273086	4.463755270292884	0.19770502152676092
0.19128998387273086	5.244455152915547	0.1006461134228953
0.19128998387273086	6.161697536150492	0.042154884477986425
0.19128998387273086	7.239363369500138	0.014315257197679366
0.19128998387273086	8.505510322144508	0.004027177315874197
0.19128998387273086	9.993103281000513	0.0008853717688413288
0.19128998387273086	11.740872611105688	0.00012447010482481252
0.19128998387273086	13.794322523644565	2.9680799812987656e-6
0.19128998387273086	16.206915805077283	1.5149037049363843e-9
0.19128998387273086	19.041465752496112	0.
0.19128998387273086	22.371771555072474	0.
0.19128998387273086	26.28453969972037	0.
0.19128998387273086	30.881641425912463	0.
0.19128998387273086	36.28276500382384	0.
0.19128998387273086	42.62853188943814	0.
0.19128998387273086	50.08415788756265	1.0408405894668415e-20
0.19128998387273086	58.84375464330272	5.278047471340866e-19
0.19128998387273086	69.13538345387792	2.3682274424371903e-19
0.19128998387273086	81.22699297976804	5.609482800099669e-19
0.19128998387273086	95.43339544701976	1.379344871063249e-19
0.19128998387273086	104.3726824045297	3.845159018973445e-19
0.19128998387273086	107.77613943946001	5.95263683843586e-19
0.19128998387273086	111.17959647439032	5.208353340574075e-19
0.19128998387273086	113.44856783101054	4.74626349103443e-19
0.19934429898316164	0.5491618709590514	0.12722701095834724
0.19934429898316164	0.6452089394558069	0.24537866128052382
0.19934429898316164	0.7580544053917545	0.44193303792253946
0.19934429898316164	0.8906362674059114	0.6061135268553907
0.19934429898316164	1.0464063729156743	0.6893675651007543
0.19934429898316164	1.2294202890117674	0.8151014123777399
0.19934429898316164	1.4444428915529752	0.8998646776378129
0.19934429898316164	1.6970724215353745	0.8931438411965208
0.19934429898316164	1.9938862386172183	0.8242984632418144
0.19934429898316164	2.3426120665789454	0.7272346204666986
0.19934429898316164	2.752329189195441	0.6013114525050389
0.19934429898316164	3.233704834774421	0.44721970140067274
0.19934429898316164	3.799271903772603	0.3076712074553469
0.19934429898316164	4.463755270292884	0.17721939096942022
0.19934429898316164	5.244455152915547	0.08612651847770754
0.19934429898316164	6.161697536150492	0.035628263840687076
0.19934429898316164	7.239363369500138	0.011253525133286368
0.19934429898316164	8.505510322144508	0.002728875419538743
0.19934429898316164	9.993103281000513	0.0005221463524792705
0.19934429898316164	11.740872611105688	0.00004412743608914188
0.19934429898316164	13.794322523644565	5.834917812149316e-7
0.19934429898316164	16.206915805077283	2.8513206749951505e-10
0.19934429898316164	19.041465752496112	0.
0.19934429898316164	22.371771555072474	0.
0.19934429898316164	26.28453969972037	0.
0.19934429898316164	30.881641425912463	0.
0.19934429898316164	36.28276500382384	0.
0.19934429898316164	42.62853188943814	0.
0.19934429898316164	50.08415788756265	2.454461703236951e-20
0.19934429898316164	58.84375464330272	1.0660209009666214e-18
0.19934429898316164	69.13538345387792	5.584643432280416e-19
0.19934429898316164	81.22699297976804	1.1121928266264622e-18
0.19934429898316164	95.43339544701976	3.2527067024886706e-19
0.19934429898316164	104.3726824045297	9.067474549355233e-19
0.19934429898316164	107.77613943946001	1.4037230389624185e-18
0.19934429898316164	111.17959647439032	1.2282095779828884e-18
0.19934429898316164	113.44856783101054	1.119241706185099e-18