0.001	0.5	0.49213489669901406
0.001	0.8	1.2416020318953211
0.001	1.1	0.7723667284929939
0.001	1.4	0.5399208135346781
0.001	1.7	0.458178565903827
0.001	2.	0.2902670210393456
0.001	2.3	0.19447403963923063
0.001	2.6	0.1280211869893592
0.001	2.9	0.15634606210810686
0.001	3.1999999999999997	0.08011246974563002
0.001	3.5	0.057623957454876126
0.001	3.8	0.050183202416940076
0.001	4.1	0.01826725191924157
0.001	4.4	0.01030668315327216
0.001	4.7	0.009760893396589145
0.001	5.	1.2700635769313123e-27
0.001	5.3	0.006453580351676948
0.001	5.6	0.004708700547631489
0.001	5.8999999999999995	1.1221017848509027e-19
0.001	6.2	0.005543203218617235
0.001	6.5	0.005541600545855918
0.001	6.8	1.002659901095982e-93
0.001	7.1	1.0024390500243182e-93
0.001	7.3999999999999995	1.0022446316812862e-93
0.001	7.699999999999999	1.240206001569023e-41
0.001	8.	1.3511899250616424e-17
0.001	8.3	1.4861894811232345e-59
0.001143376762529352	0.5	0.5626955867024888
0.001143376762529352	0.8	1.4196184996140637
0.001143376762529352	1.1	0.8831049152041336
0.001143376762529352	1.4	0.6173325146722096
0.001143376762529352	1.7	0.5238687049864879
0.001143376762529352	2.	0.33188371152969093
0.001143376762529352	2.3	0.22235629956262465
0.001143376762529352	2.6	0.1463759409005087
0.001143376762529352	2.9	0.17876092882018518
0.001143376762529352	3.1999999999999997	0.0915981528469776
0.001143376762529352	3.5	0.06588534071052336
0.001143376762529352	3.8	0.05737776006540291
0.001143376762529352	4.1	0.02088617745561949
0.001143376762529352	4.4	0.011784277327688355
0.001143376762529352	4.7	0.0111602461498361
0.001143376762529352	5.	1.4521523571794497e-27
0.001143376762529352	5.3	0.007367317817167632
0.001143376762529352	5.6	0.005376753909720169
0.001143376762529352	5.8999999999999995	1.2813464137190313e-19
0.001143376762529352	6.2	0.006328051065702518
0.001143376762529352	6.5	0.0063262214746384274
0.001143376762529352	6.8	1.1464179729154196e-93
0.001143376762529352	7.1	1.1461654569450332e-93
0.001143376762529352	7.3999999999999995	1.1459431635407861e-93
0.001143376762529352	7.699999999999999	1.4167483154373634e-41
0.001143376762529352	8.	1.5428904884439148e-17
0.001143376762529352	8.3	1.6982725483394818e-59
0.0013073104210921023	0.5	0.6433730309896727
0.0013073104210921023	0.8	1.6231581883328159
0.0013073104210921023	1.1	1.0097197640518432
0.0013073104210921023	1.4	0.7058430584221405
0.0013073104210921023	1.7	0.5989762839862425
0.0013073104210921023	2.	0.3794668452374404
0.0013073104210921023	2.3	0.254235832705067
0.0013073104210921023	2.6	0.1673620879755515
0.0013073104210921023	2.9	0.20438881183437305
0.0013073104210921023	3.1999999999999997	0.1047303273528544
0.0013073104210921023	3.5	0.07533094066050985
0.0013073104210921023	3.8	0.06560357925767016
0.0013073104210921023	4.1	0.02388051002044767
0.0013073104210921023	4.4	0.013473652589835244
0.0013073104210921023	4.7	0.012760167998590961
0.0013073104210921023	5.	1.6603440718548408e-27
0.0013073104210921023	5.3	0.008406377898376194
0.0013073104210921023	5.6	0.0061371112485342156
0.0013073104210921023	5.8999999999999995	1.4626158905405496e-19
0.0013073104210921023	6.2	0.007220547367081609
0.0013073104210921023	6.5	0.007218459733969376
0.0013073104210921023	6.8	1.310787582609306e-93
0.0013073104210921023	7.1	1.3104988617359308e-93
0.0013073104210921023	7.3999999999999995	1.3102446966400697e-93
0.0013073104210921023	7.699999999999999	1.617974158676231e-41
0.0013073104210921023	8.	1.7610773682932738e-17
0.0013073104210921023	8.3	1.9402686953860576e-59
0.00149474835688917	0.5	0.7356177325789749
0.00149474835688917	0.8	1.8558804340092776
0.00149474835688917	1.1	1.1544873124338177
0.00149474835688917	1.4	0.8070436636990501
0.00149474835688917	1.7	0.6848510504346706
0.00149474835688917	2.	0.4338716621346118
0.00149474835688917	2.3	0.2906855597681347
0.00149474835688917	2.6	0.19135678415933846
0.00149474835688917	2.9	0.23369000965128703
0.00149474835688917	3.1999999999999997	0.11974491906545474
0.00149474835688917	3.5	0.0861304110601836
0.00149474835688917	3.8	0.07500838494637466
0.00149474835688917	4.1	0.027304031694194132
0.00149474835688917	4.4	0.015405138014626419
0.00149474835688917	4.7	0.014589383451447498
0.00149474835688917	5.	1.898379115513733e-27
0.00149474835688917	5.3	0.009585945399782449
0.00149474835688917	5.6	0.007001300602714759
0.00149474835688917	5.8999999999999995	1.6686721710041904e-19
0.00149474835688917	6.2	0.008233737221398946
0.00149474835688917	6.5	0.008231356650842871
0.00149474835688917	6.8	1.498723931376152e-93
0.00149474835688917	7.1	1.4983938146675744e-93
0.00149474835688917	7.3999999999999995	1.4981032082285594e-93
0.00149474835688917	7.699999999999999	1.8471134883252483e-41
0.00149474835688917	8.	2.009058155592405e-17
0.00149474835688917	8.3	2.216222979438789e-59
0.0017090605370960077	0.5	0.8410881607099928
0.0017090605370960077	0.8	2.12196918645425
0.0017090605370960077	1.1	1.320009776726871
0.0017090605370960077	1.4	0.9227536451413879
0.0017090605370960077	1.7	0.7830360296465396
0.0017090605370960077	2.	0.49607592016435104
0.0017090605370960077	2.3	0.33236044830371136
0.0017090605370960077	2.6	0.21879119910873518
0.0017090605370960077	2.9	0.2671906321743763
0.0017090605370960077	3.1999999999999997	0.1369116094180686
0.0017090605370960077	3.5	0.09847766308928425
0.0017090605370960077	3.8	0.08576101612708564
0.0017090605370960077	4.1	0.031218214601772213
0.0017090605370960077	4.4	0.017613393644411765
0.0017090605370960077	4.7	0.016680719397394045
0.0017090605370960077	5.	2.1705330999638345e-27
0.0017090605370960077	5.3	0.010922033204475521
0.0017090605370960077	5.6	0.007981673134978152
0.0017090605370960077	5.8999999999999995	1.9024805973540664e-19
0.0017090605370960077	6.2	0.009381378133418779
0.0017090605370960077	6.5	0.009378665752399163
0.0017090605370960077	6.8	1.7136059204840844e-93
0.0017090605370960077	7.1	1.7132284727537675e-93
0.0017090605370960077	7.3999999999999995	1.71289620014238e-93
0.0017090605370960077	7.699999999999999	2.1077082278815208e-41
0.0017090605370960077	8.	2.2903764220722405e-17
0.0017090605370960077	8.3	2.530640736959041e-59
0.001954100103871509	0.5	0.9616805672757766
0.001954100103871509	0.8	2.4262082020849216
0.001954100103871509	1.1	1.5092622436262324
0.001954100103871509	1.4	1.0550530929445923
0.001954100103871509	1.7	0.8952951152352031
0.001954100103871509	2.	0.5671974102346213
0.001954100103871509	2.3	0.3800092285052313
0.001954100103871509	2.6	0.25015822998727016
0.001954100103871509	2.9	0.30549194517243544
0.001954100103871509	3.1999999999999997	0.1565386403014982
0.001954100103871509	3.5	0.1125943101707849
0.001954100103871509	3.8	0.0980544203161295
0.001954100103871509	4.1	0.03569331307091167
0.001954100103871509	4.4	0.020138022785165362
0.001954100103871509	4.7	0.019071685355146046
0.001954100103871509	5.	2.4816930634677825e-27
0.001954100103871509	5.3	0.01243096004219301
0.001954100103871509	5.6	0.009091124263186725
0.001954100103871509	5.8999999999999995	2.1671468407297999e-19
0.001954100103871509	6.2	0.01067749198012379
0.001954100103871509	6.5	0.0106744048615606
0.001954100103871509	6.8	1.9592968964970174e-93
0.001954100103871509	7.1	1.958865331597668e-93
0.001954100103871509	7.3999999999999995	1.9584854188718184e-93
0.001954100103871509	7.699999999999999	2.4035839156513993e-41
0.001954100103871509	8.	2.6087315939922757e-17
0.001954100103871509	8.3	2.888495238988281e-59
0.0022342726504228764	0.5	1.099563077698754
0.0022342726504228764	0.8	2.774067005360207
0.0022342726504228764	1.1	1.725646018761844
0.0022342726504228764	1.4	1.206320226451573
0.0022342726504228764	1.7	1.02364455559991
0.0022342726504228764	2.	0.6485139571090901
0.0022342726504228764	2.3	0.4344877651161576
0.0022342726504228764	2.6	0.28602130614325627
0.0022342726504228764	2.9	0.34928100933771955
0.0022342726504228764	3.1999999999999997	0.17897829050646108
0.0022342726504228764	3.5	0.12873359031130727
0.0022342726504228764	3.8	0.11210906115396733
0.0022342726504228764	4.1	0.040809607229785085
0.0022342726504228764	4.4	0.023024267807813574
0.0022342726504228764	4.7	0.021805132992342893
0.0022342726504228764	5.	2.837444345171445e-27
0.0022342726504228764	5.3	0.01412846107142584
0.0022342726504228764	5.6	0.010342591242451531
0.0022342726504228764	5.8999999999999995	2.4658020684189444e-19
0.0022342726504228764	6.2	0.012135601814820953
0.0022342726504228764	6.5	0.012132093121795686
0.0022342726504228764	6.8	2.240214104214152e-93
0.0022342726504228764	7.1	2.239720663033218e-93
0.0022342726504228764	7.3999999999999995	2.239286279735649e-93
0.0022342726504228764	7.699999999999999	2.7387827298106197e-41
0.0022342726504228764	8.	2.967834631844379e-17
0.0022342726504228764	8.3	3.2952084125620984e-59
0.0025546154296483803	0.5	1.2572146688390615
0.0025546154296483803	0.8	3.171799156835533
0.0025546154296483803	1.1	1.9730495687001386
0.0025546154296483803	1.4	1.3792740857852837
0.0025546154296483803	1.7	1.1703888653686263
0.0025546154296483803	2.	0.7414862500783276
0.0025546154296483803	2.3	0.4967743112051304
0.0025546154296483803	2.6	0.32702443361274625
0.0025546154296483803	2.9	0.3993427772181555
0.0025546154296483803	3.1999999999999997	0.20463311152975713
0.0025546154296483803	3.5	0.14718482632833707
0.0025546154296483803	3.8	0.1281767903525572
0.0025546154296483803	4.1	0.04665881721036127
0.0025546154296483803	4.4	0.026323799310378978
0.0025546154296483803	4.7	0.024930004340628913
0.0025546154296483803	5.	3.2441695246471385e-27
0.0025546154296483803	5.3	0.016028256952945956
0.0025546154296483803	5.6	0.011748216222034598
0.0025546154296483803	5.8999999999999995	2.801410459775998e-19
0.0025546154296483803	6.2	0.01376750385727712
0.0025546154296483803	6.5	0.013763523342301718
0.0025546154296483803	6.8	2.5614080949453695e-93
0.0025546154296483803	7.1	2.560843905909667e-93
0.0025546154296483803	7.3999999999999995	2.5603472422681835e-93
0.0025546154296483803	7.699999999999999	3.1174367529775436e-41
0.0025546154296483803	8.	3.3711676535075303e-17
0.0025546154296483803	8.3	3.7565876820320715e-59
0.0029208879194588945	0.5	1.4374697342229448
0.0029208879194588945	0.8	3.626554583290084
0.0029208879194588945	1.1	2.255918117559916
0.0029208879194588945	1.4	1.5770233181703357
0.0029208879194588945	1.7	1.3381617519855284
0.0029208879194588945	2.	0.8477838903996472
0.0029208879194588945	2.3	0.5679868961400125
0.0029208879194588945	2.6	0.37390364605196397
0.0029208879194588945	2.9	0.45657382367856897
0.0029208879194588945	3.1999999999999997	0.2339630188495372
0.0029208879194588945	3.5	0.16827848898290443
0.0029208879194588945	3.8	0.1465452385904717
0.0029208879194588945	4.1	0.05334570861404675
0.0029208879194588945	4.4	0.030095608864612038
0.0029208879194588945	4.7	0.0285021785266281
0.0029208879194588945	5.	3.7091609632748184e-27
0.0029208879194588945	5.3	0.018139842688747517
0.0029208879194588945	5.6	0.013318019713369815
0.0029208879194588945	5.8999999999999995	3.176462816361693e-19
0.0029208879194588945	6.2	0.015581369710350712
0.0029208879194588945	6.5	0.015576864763331099
0.0029208879194588945	6.8	2.9286535161992083e-93
0.0029208879194588945	7.1	2.9280084357817336e-93
0.0029208879194588945	7.3999999999999995	2.9274405623050816e-93
0.0029208879194588945	7.699999999999999	3.543550979135416e-41
0.0029208879194588945	8.	3.8216029834575555e-17
0.0029208879194588945	8.3	4.278693814827055e-59
0.0033396753730620056	0.5	1.6435690370862504
0.0033396753730620056	0.8	4.146507972603358
0.0033396753730620056	1.1	2.5793330980321336
0.0033396753730620056	1.4	1.8031219197704325
0.0033396753730620056	1.7	1.52997271038079
0.0033396753730620056	2.	0.9693150887149605
0.0033396753730620056	2.3	0.6494031276289388
0.0033396753730620056	2.6	0.42750004707552036
0.0033396753730620056	2.9	0.5219978942539849
0.0033396753730620056	3.1999999999999997	0.2674933422459613
0.0033396753730620056	3.5	0.1923919313830711
0.0033396753730620056	3.8	0.16754278187847194
0.0033396753730620056	4.1	0.060989910979356014
0.0033396753730620056	4.4	0.034407015476702975
0.0033396753730620056	4.7	0.03258542681754946
0.0033396753730620056	5.	4.240748609099145e-27
0.0033396753730620056	5.3	0.02046518254532151
0.0033396753730620056	5.6	0.01505787470905109
0.0033396753730620056	5.8999999999999995	3.5925070363755202e-19
0.0033396753730620056	6.2	0.017578909453983448
0.0033396753730620056	6.5	0.017573826970400497
0.0033396753730620056	6.8	3.348552912689455e-93
0.0033396753730620056	7.1	3.3478153430524507e-93
0.0033396753730620056	7.3999999999999995	3.3471660499989153e-93
0.0033396753730620056	7.699999999999999	4.020652994685669e-41
0.0033396753730620056	8.	4.320821413592291e-17
0.0033396753730620056	8.3	4.867603154864038e-59
0.0038185072159506415	0.5	1.8792179662052277
0.0038185072159506415	0.8	4.741005516517997
0.0038185072159506415	1.1	2.9491028083000783
0.0038185072159506415	1.4	2.0616329108556863
0.0038185072159506415	1.7	1.7492599996041411
0.0038185072159506415	2.	1.1082604939261278
0.0038185072159506415	2.3	0.7424827149115599
0.0038185072159506415	2.6	0.48877464725806213
0.0038185072159506415	2.9	0.5967834575947489
0.0038185072159506415	3.1999999999999997	0.30582394417372716
0.0038185072159506415	3.5	0.21995586390507346
0.0038185072159506415	3.8	0.19154413920109417
0.0038185072159506415	4.1	0.0697279713039925
0.0038185072159506415	4.4	0.039334795016657154
0.0038185072159506415	4.7	0.03725248505255954
0.0038185072159506415	5.	4.848444822549367e-27
0.0038185072159506415	5.3	0.022993924600881357
0.0038185072159506415	5.6	0.01696651087702196
0.0038185072159506415	5.8999999999999995	4.0494515814249755e-19
0.0038185072159506415	6.2	0.01975126370031808
0.0038185072159506415	6.5	0.0197455531371138
0.0038185072159506415	6.8	3.82865540130524e-93
0.0038185072159506415	7.1	3.827812081803298e-93
0.0038185072159506415	7.3999999999999995	3.82706969563791e-93
0.0038185072159506415	7.699999999999999	4.551250208150252e-41
0.0038185072159506415	8.	4.86845201477161e-17
0.0038185072159506415	8.3	5.529011861523861e-59
0.004365992418268614	0.5	2.1486531402312155
0.004365992418268614	0.8	5.420732601794564
0.004365992418268614	1.1	3.3718657897717725
0.004365992418268614	1.4	2.3572010526918428
0.004365992418268614	1.7	1.999950768857958
0.004365992418268614	2.	1.267111683360516
0.004365992418268614	2.3	0.8488930449264228
0.004365992418268614	2.6	0.5588252158911639
0.004365992418268614	2.9	0.6822634381958402
0.004365992418268614	3.1999999999999997	0.34963951675871957
0.004365992418268614	3.5	0.2514616354955
0.004365992418268614	3.8	0.21897665208034303
0.004365992418268614	4.1	0.07971566365062058
0.004365992418268614	4.4	0.04496643972741184
0.004365992418268614	4.7	0.04258625065153838
0.004365992418268614	5.	5.543108019645405e-27
0.004365992418268614	5.3	0.025696710117978742
0.004365992418268614	5.6	0.0190312256118366
0.004365992418268614	5.8999999999999995	4.5445648833106965e-19
0.004365992418268614	6.2	0.022073259611238568
0.004365992418268614	6.5	0.022066877703425122
0.004365992418268614	6.8	4.377592348326606e-93
0.004365992418268614	7.1	4.376628117124802e-93
0.004365992418268614	7.3999999999999995	4.375779290668392e-93
0.004365992418268614	7.699999999999999	5.136016654717973e-41
0.004365992418268614	8.	5.4608407521272995e-17
0.004365992418268614	8.3	6.267608989447945e-59
0.004991974276427664	0.5	2.456718555517521
0.004991974276427664	0.8	6.197905408199381
0.004991974276427664	1.1	3.8552086123794314
0.004991974276427664	1.4	2.69513585908724
0.004991974276427664	1.7	2.286529137528114
0.004991974276427664	2.	1.4487148891349502
0.004991974276427664	2.3	0.9705381620560875
0.004991974276427664	2.6	0.6389053807623198
0.004991974276427664	2.9	0.7799572761223532
0.004991974276427664	3.1999999999999997	0.3997211628582128
0.004991974276427664	3.5	0.2874693768065088
0.004991974276427664	3.8	0.2503272843456891
0.004991974276427664	4.1	0.0911305726388203
0.004991974276427664	4.4	0.05140155077343575
0.004991974276427664	4.7	0.0486811076850809
0.004991974276427664	5.	6.3371268694246194e-27
0.004991974276427664	5.3	0.02851621770391348
0.004991974276427664	5.6	0.02122196797126467
0.004991974276427664	5.8999999999999995	5.071089445085082e-19
0.004991974276427664	6.2	0.024495721165584856
0.004991974276427664	6.5	0.024488638866139462
0.004991974276427664	6.8	5.005232480186999e-93
0.004991974276427664	7.1	5.004130001713525e-93
0.004991974276427664	7.3999999999999995	5.003159474215391e-93
0.004991974276427664	7.699999999999999	5.772612737936872e-41
0.004991974276427664	8.	6.08935212204793e-17
0.004991974276427664	8.3	7.0861194882323535e-59
0.005707707386811661	0.5	2.808952642774282
0.005707707386811661	0.8	7.086489773644322
0.005707707386811661	1.1	4.407799928273694
0.005707707386811661	1.4	3.081506313695144
0.005707707386811661	1.7	2.614113040391688
0.005707707386811661	2.	1.6563205719222298
0.005707707386811661	2.3	1.1095915093226976
0.005707707386811661	2.6	0.7304462152253763
0.005707707386811661	2.9	0.8915953998884679
0.005707707386811661	3.1999999999999997	0.4569593504399803
0.005707707386811661	3.5	0.3286170389731788
0.005707707386811661	3.8	0.2861503566462961
0.005707707386811661	4.1	0.10417496187438476
0.005707707386811661	4.4	0.05875335951584258
0.005707707386811661	4.7	0.055644376934172776
0.005707707386811661	5.	7.244626557753323e-27
0.005707707386811661	5.3	0.03135588009319245
0.005707707386811661	5.6	0.02348356140943456
0.005707707386811661	5.8999999999999995	5.616409716643404e-19
0.005707707386811661	6.2	0.02693577915326337
0.005707707386811661	6.5	0.026927991374635876
0.005707707386811661	6.8	5.72285920449728e-93
0.005707707386811661	7.1	5.721598657838426e-93
0.005707707386811661	7.3999999999999995	5.720488980666008e-93
0.005707707386811661	7.699999999999999	6.454030474632855e-41
0.005707707386811661	8.	6.73813679798255e-17
0.005707707386811661	8.3	7.983889622508905e-59
0.006526059993397585	0.5	3.2116877921704674
0.006526059993397585	0.8	8.102451135270062
0.006526059993397585	1.1	5.0395428203077595
0.006526059993397585	1.4	3.5232488743897794
0.006526059993397585	1.7	2.9885406031650543
0.006526059993397585	2.	1.893639472079802
0.006526059993397585	2.3	1.2685327760502823
0.006526059993397585	2.6	0.8350805451812301
0.006526059993397585	2.9	1.0191460895051065
0.006526059993397585	3.1999999999999997	0.5223682956767636
0.006526059993397585	3.5	0.3756303226193433
0.006526059993397585	3.8	0.3270759888078506
0.006526059993397585	4.1	0.11907892609606657
0.006526059993397585	4.4	0.06715036114018005
0.006526059993397585	4.7	0.06359787693778653
0.006526059993397585	5.	8.281698140517961e-27
0.006526059993397585	5.3	0.034066962552090435
0.006526059993397585	5.6	0.025726167235276758
0.006526059993397585	5.8999999999999995	6.159786336403868e-19
0.006526059993397585	6.2	0.029265770421695883
0.006526059993397585	6.5	0.02925730898680995
0.006526059993397585	6.8	6.5433733114106535e-93
0.006526059993397585	7.1	6.541932034057745e-93
0.006526059993397585	7.3999999999999995	6.5406632570819665e-93
0.006526059993397585	7.699999999999999	7.166370392141489e-41
0.006526059993397585	8.	7.38139489574723e-17
0.006526059993397585	8.3	8.954862714431926e-59
0.007461745347323255	0.5	3.6721641279119757
0.007461745347323255	0.8	9.264039851561844
0.007461745347323255	1.1	5.761747611055171
0.007461745347323255	1.4	4.028290524799335
0.007461745347323255	1.7	3.416466681178907
0.007461745347323255	2.	2.164905755622529
0.007461745347323255	2.3	1.450189150763859
0.007461745347323255	2.6	0.9546701808444465
0.007461745347323255	2.9	1.16484452271098
0.007461745347323255	3.1999999999999997	0.5971017686137168
0.007461745347323255	3.5	0.4293334253492288
0.007461745347323255	3.8	0.37381915459236464
0.007461745347323255	4.1	0.13610380503451755
0.007461745347323255	4.4	0.0767380249340211
0.007461745347323255	4.7	0.07267956444787471
0.007461745347323255	5.	9.466651104328947e-27
0.007461745347323255	5.3	0.03643621833561663
0.007461745347323255	5.6	0.027814866393813486
0.007461745347323255	5.8999999999999995	6.669843140387319e-19
0.007461745347323255	6.2	0.03130262524889243
0.007461745347323255	6.5	0.031293574910511254
0.007461745347323255	6.8	7.4815246728210975e-93
0.007461745347323255	7.1	7.479876753382149e-93
0.007461745347323255	7.3999999999999995	7.478426066435704e-93
0.007461745347323255	7.699999999999999	7.886025706209014e-41
0.007461745347323255	8.	7.980387388089113e-17
0.007461745347323255	8.3	9.984788497511828e-59
0.00853158623804091	0.5	4.198659565389529
0.00853158623804091	0.8	10.592116753425138
0.00853158623804091	1.1	6.587327382881446
0.00853158623804091	1.4	4.605688813784295
0.00853158623804091	1.7	3.9054699239027295
0.00853158623804091	2.	2.4749478076984346
0.00853158623804091	2.3	1.6577811782560763
0.00853158623804091	2.6	1.0913362164660325
0.00853158623804091	2.9	1.3312234993721763
0.00853158623804091	3.1999999999999997	0.6824702110318204
0.00853158623804091	3.5	0.49066042833766
0.00853158623804091	3.8	0.4271891437470893
0.00853158623804091	4.1	0.15554580321103867
0.00853158623804091	4.4	0.08768051524796694
0.00853158623804091	4.7	0.08304519511954928
0.00853158623804091	5.	1.0820287705286966e-26
0.00853158623804091	5.3	0.03817899612716403
0.00853158623804091	5.6	0.02956072999082283
0.00853158623804091	5.8999999999999995	7.102333147713262e-19
0.00853158623804091	6.2	0.03280192392634425
0.00853158623804091	6.5	0.032792440104820436
0.00853158623804091	6.8	8.55417706493643e-93
0.00853158623804091	7.1	8.552292877516621e-93
0.00853158623804091	7.3999999999999995	8.550634200502461e-93
0.00853158623804091	7.699999999999999	8.576428634189414e-41
0.00853158623804091	8.	8.480877053621361e-17
0.00853158623804091	8.3	1.1047557327658824e-58
0.009754817452091188	0.5	4.800638470565336
0.009754817452091188	0.8	12.110524356037365
0.009754817452091188	1.1	7.531018445320509
0.009754817452091188	1.4	5.26579099488633
0.009754817452091188	1.7	4.46417024282733
0.009754817452091188	2.	2.829267076826652
0.009754817452091188	2.3	1.8949732357722824
0.009754817452091188	2.6	1.2474924260407898
0.009754817452091188	2.9	1.5211448689290668
0.009754817452091188	3.1999999999999997	0.7799588867973573
0.009754817452091188	3.5	0.5606669726062384
0.009754817452091188	3.8	0.4880990547121053
0.009754817452091188	4.1	0.17773970653054308
0.009754817452091188	4.4	0.10016231059486809
0.009754817452091188	4.7	0.09486990271717939
0.009754817452091188	5.	1.2366195127007021e-26
0.009754817452091188	5.3	0.03894658472491313
0.009754817452091188	5.6	0.030718216536282105
0.009754817452091188	5.8999999999999995	7.399280453737319e-19
0.009754817452091188	6.2	0.03346416104510337
0.009754817452091188	6.5	0.03345448575497379
0.009754817452091188	6.8	9.78061081540593e-93
0.009754817452091188	7.1	9.778456487325444e-93
0.009754817452091188	7.3999999999999995	9.77656000164122e-93
0.009754817452091188	7.699999999999999	9.184882469410466e-41
0.009754817452091188	8.	8.81238893500432e-17
0.009754817452091188	8.3	1.2100710417141896e-58
0.011153431597436847	0.5	5.48892156649499
0.011153431597436847	0.8	13.846509775955079
0.011153431597436847	1.1	8.609627803939382
0.011153431597436847	1.4	6.020414520751102
0.011153431597436847	1.7	5.102355743691304
0.011153431597436847	2.	3.2341250903732903
0.011153431597436847	2.3	2.1659283292627016
0.011153431597436847	2.6	1.4258815851778666
0.011153431597436847	2.9	1.7378299581675734
0.011153431597436847	3.1999999999999997	0.8912465173422758
0.011153431597436847	3.5	0.6405416121549146
0.011153431597436847	3.8	0.557574677610014
0.011153431597436847	4.1	0.20306250378935506
0.011153431597436847	4.4	0.11438953762268905
0.011153431597436847	4.7	0.10834953041800244
0.011153431597436847	5.	1.4131047484725989e-26
0.011153431597436847	5.3	0.038360918416379355
0.011153431597436847	5.6	0.030997100639924696
0.011153431597436847	5.8999999999999995	7.491392348701427e-19
0.011153431597436847	6.2	0.03296448488394836
0.011153431597436847	6.5	0.03295495406215982
0.011153431597436847	6.8	1.1182868626504904e-92
0.011153431597436847	7.1	1.1180405429843964e-92
0.011153431597436847	7.3999999999999995	1.1178237042750458e-92
0.011153431597436847	7.699999999999999	9.640652726265875e-41
0.011153431597436847	8.	8.891646499938583e-17
0.011153431597436847	8.3	1.3080545281025664e-58
0.01275257451096992	0.5	6.2758801000974564
0.01275257451096992	0.8	15.831206016403405
0.01275257451096992	1.1	9.842309229846308
0.01275257451096992	1.4	6.883051232202106
0.01275257451096992	1.7	5.831116863049954
0.01275257451096992	2.	3.6966382721516884
0.01275257451096992	2.3	2.4753663981211402
0.01275257451096992	2.6	1.6296142250213215
0.01275257451096992	2.9	1.984886186833933
0.01275257451096992	3.1999999999999997	1.0182234400517924
0.01275257451096992	3.5	0.7316158290233579
0.01275257451096992	3.8	0.636761727000518
0.01275257451096992	4.1	0.23193659487630994
0.01275257451096992	4.4	0.13059073058717485
0.01275257451096992	4.7	0.12370145058107353
0.01275257451096992	5.	1.6144903460907687e-26
0.01275257451096992	5.3	0.0360914783051872
0.01275257451096992	5.6	0.03010028222400203
0.01275257451096992	5.8999999999999995	7.306425900677537e-19
0.01275257451096992	6.2	0.031018662408982545
0.01275257451096992	6.5	0.031009694171056795
0.01275257451096992	6.8	1.2786150657710052e-92
0.01275257451096992	7.1	1.2783334313831015e-92
0.01275257451096992	7.3999999999999995	1.2780855046213038e-92
0.01275257451096992	7.699999999999999	9.856459919257007e-41
0.01275257451096992	8.	8.633440664064126e-17
0.01275257451096992	8.3	1.3897942387515481e-58
0.014580997358267114	0.5	7.17565769785216
0.014580997358267114	0.8	18.100178868267346
0.014580997358267114	1.1	11.250868641503832
0.014580997358267114	1.4	7.869097560926793
0.014580997358267114	1.7	6.662983367239536
0.014580997358267114	2.	4.224879386873023
0.014580997358267114	2.3	2.8286245041248486
0.014580997358267114	2.6	1.8622088084324322
0.014580997358267114	2.9	2.2663253866987456
0.014580997358267114	3.1999999999999997	1.163007693811544
0.014580997358267114	3.5	0.8353710891507107
0.014580997358267114	3.8	0.7269297839164336
0.014580997358267114	4.1	0.26483207690004884
0.014580997358267114	4.4	0.14901656953351397
0.014580997358267114	4.7	0.14116446492512505
0.014580997358267114	5.	1.844147580392255e-26
0.014580997358267114	5.3	0.03198159013828478
0.014580997358267114	5.6	0.027798424528360666
0.014580997358267114	5.8999999999999995	6.786240559979065e-19
0.014580997358267114	6.2	0.02749149270404419
0.014580997358267114	6.5	0.02748354425532473
0.014580997358267114	6.8	1.461926577022304e-92
0.014580997358267114	7.1	1.461604565489903e-92
0.014580997358267114	7.3999999999999995	1.4613210941528838e-92
0.014580997358267114	7.699999999999999	9.73662387208928e-41
0.014580997358267114	8.	7.972069364935819e-17
0.014580997358267114	8.3	1.443720477053718e-58
0.016671573553944486	0.5	8.204423806113457
0.016671573553944486	0.8	20.694047159823423
0.016671573553944486	1.1	12.860097950299664
0.016671573553944486	1.4	8.99611286588502
0.016671573553944486	1.7	7.61205665158795
0.016671573553944486	2.	4.827983150331383
0.016671573553944486	2.3	3.23171601759161
0.016671573553944486	2.6	2.127631515792711
0.016671573553944486	2.9	2.5865668493342127
0.016671573553944486	3.1999999999999997	1.3279564805358626
0.016671573553944486	3.5	0.9534404143333024
0.016671573553944486	3.8	0.8294704172517178
0.016671573553944486	4.1	0.3022673153609141
0.016671573553944486	4.4	0.16993791963983426
0.016671573553944486	4.7	0.16099716501860067
0.016671573553944486	5.	2.105833448307468e-26
0.016671573553944486	5.3	0.026204713298592818
0.016671573553944486	5.6	0.024042026583561672
0.016671573553944486	5.8999999999999995	5.913100309110318e-19
0.016671573553944486	6.2	0.022531084609178565
0.016671573553944486	6.5	0.022524570333197342
0.016671573553944486	6.8	1.6715146746473845e-92
0.016671573553944486	7.1	1.6711464981532473e-92
0.016671573553944486	7.3999999999999995	1.6708223871430796e-92
0.016671573553944486	7.699999999999999	9.195637020270884e-41
0.016671573553944486	8.	6.893508435612781e-17
0.016671573553944486	8.3	1.4561787692624396e-58
0.019061889796379	0.5	9.380663133536437
0.019061889796379	0.8	23.659184370502008
0.019061889796379	1.1	14.698133928789963
0.019061889796379	1.4	10.284107535360098
0.019061889796379	1.7	8.694124868959891
0.019061889796379	2.	5.516251537901479
0.019061889796379	2.3	3.6913839820317227
0.019061889796379	2.6	2.4303325975552776
0.019061889796379	2.9	2.950414461298918
0.019061889796379	3.1999999999999997	1.5156690269594744
0.019061889796379	3.5	1.087600614272351
0.019061889796379	3.8	0.9458856517688127
0.019061889796379	4.1	0.34480658871792147
0.019061889796379	4.4	0.19364116056535188
0.019061889796379	4.7	0.1834738258607768
0.019061889796379	5.	2.4036983723197972e-26
0.019061889796379	5.3	0.019381628126852995
0.019061889796379	5.6	0.019083855007316596
0.019061889796379	5.8999999999999995	4.739576266890238e-19
0.019061889796379	6.2	0.01666976384182253
0.019061889796379	6.5	0.016664944214002074
0.019061889796379	6.8	1.9111438299483528e-92
0.019061889796379	7.1	1.9107228714932614e-92
0.019061889796379	7.3999999999999995	1.9103522957713156e-92
0.019061889796379	7.699999999999999	8.18926543500177e-41
0.019061889796379	8.	5.470519990876054e-17
0.019061889796379	8.3	1.4132263402438272e-58
0.021794921843075108	0.5	10.725506091537701
0.021794921843075108	0.8	27.048509539773764
0.021794921843075108	1.1	16.796834500659546
0.021794921843075108	1.4	11.75586154046875
0.021794921843075108	1.7	9.926741025366546
0.021794921843075108	2.	6.301251244434887
0.021794921843075108	2.3	4.215140920739634
0.021794921843075108	2.6	2.775274389869336
0.021794921843075108	2.9	3.362991957013342
0.021794921843075108	3.1999999999999997	1.7289747714104076
0.021794921843075108	3.5	1.2397493863470916
0.021794921843075108	3.8	1.0777610683044798
0.021794921843075108	4.1	0.39305298534686
0.021794921843075108	4.4	0.22041932062283792
0.021794921843075108	4.7	0.20887646789378708
0.021794921843075108	5.	2.7422721284563864e-26
0.021794921843075108	5.3	0.012539165434982373
0.021794921843075108	5.6	0.013541213581228347
0.021794921843075108	5.8999999999999995	3.40611908289759e-19
0.021794921843075108	6.2	0.010789126228898382
0.021794921843075108	6.5	0.010786006834201216
0.021794921843075108	6.8	2.185116777392493e-92
0.021794921843075108	7.1	2.184635472234612e-92
0.021794921843075108	7.3999999999999995	2.184211772450939e-92
0.021794921843075108	7.699999999999999	6.753970559491813e-41
0.021794921843075108	8.	3.880436248970215e-17
0.021794921843075108	8.3	1.3041637795664174e-58
0.024919807176515475	0.5	12.263105862882043
0.024919807176515475	0.8	30.92237469963823
0.024919807176515475	1.1	19.19215833345236
0.024919807176515475	1.4	13.437272468157818
0.024919807176515475	1.7	11.329233177057281
0.024919807176515475	2.	7.195891084171205
0.024919807176515475	2.3	4.81128299197847
0.024919807176515475	2.6	3.1679433074945997
0.024919807176515475	2.9	3.829612698247663
0.024919807176515475	3.1999999999999997	1.9708977454165821
0.024919807176515475	3.5	1.4118587181626863
0.024919807176515475	3.8	1.2267151514118417
0.024919807176515475	4.1	0.44763385889878815
0.024919807176515475	4.4	0.25055687246014946
0.024919807176515475	4.7	0.23748111344440048
0.024919807176515475	5.	3.126414188965768e-26
0.024919807176515475	5.3	0.006810087721521931
0.024919807176515475	5.6	0.008298141098952294
0.024919807176515475	5.8999999999999995	2.1223196657908566e-19
0.024919807176515475	6.2	0.005862780493822459
0.024919807176515475	6.5	0.005861085423619823
0.024919807176515475	6.8	2.498350959605812e-92
0.024919807176515475	7.1	2.497800659861883e-92
0.024919807176515475	7.3999999999999995	2.4973162231617134e-92
0.024919807176515475	7.699999999999999	5.038226054647147e-41
0.024919807176515475	8.	2.3769572254851162e-17
0.024919807176515475	8.3	1.1268188385778253e-58
0.028492728452339963	0.5	14.021068412913568
0.028492728452339963	0.8	35.34955435319573
0.028492728452339963	1.1	21.924523578876922
0.028492728452339963	1.4	15.357729312641464
0.028492728452339963	1.7	12.922599673706015
0.028492728452339963	2.	8.214460136433928
0.028492728452339963	2.3	5.48885996850352
0.028492728452339963	2.6	3.6143340160588986
0.028492728452339963	2.9	4.3555497120305535
0.028492728452339963	3.1999999999999997	2.2445836439354596
0.028492728452339963	3.5	1.6058921380952218
0.028492728452339963	3.8	1.39431279853595
0.028492728452339963	4.1	0.5091749224039317
0.028492728452339963	4.4	0.28430516268764155
0.028492728452339963	4.7	0.2695354409759504
0.028492728452339963	5.	3.5612079939135056e-26
0.028492728452339963	5.3	0.0029423447634903824
0.028492728452339963	5.6	0.004198305086632734
0.028492728452339963	5.8999999999999995	1.0973688242987542e-19
0.028492728452339963	6.2	0.0025348336040854603
0.028492728452339963	6.5	0.0025341007230036167
0.028492728452339963	6.8	2.8564655720017466e-92
0.028492728452339963	7.1	2.855836392075375e-92
0.028492728452339963	7.3999999999999995	2.855282516027445e-92
0.028492728452339963	7.699999999999999	3.2961412037924243e-41
0.028492728452339963	8.	1.2019214396756438e-17
0.028492728452339963	8.3	8.932867017747077e-59
0.03257792361346442	0.5	16.030942479694694
0.03257792361346442	0.8	40.40833922917276
0.03257792361346442	1.1	25.039106364526955
0.03257792361346442	1.4	17.55050389956059
0.03257792361346442	1.7	14.7292188834846
0.03257792361346442	2.	9.37259710835172
0.03257792361346442	2.3	6.257573144289547
0.03257792361346442	2.6	4.120887983011967
0.03257792361346442	2.9	4.9456571856230935
0.03257792361346442	3.1999999999999997	2.553169934957564
0.03257792361346442	3.5	1.8236680535510836
0.03257792361346442	3.8	1.581925944603017
0.03257792361346442	4.1	0.5782573879837869
0.03257792361346442	4.4	0.32184431773654004
0.03257792361346442	4.7	0.3052239811997449
0.03257792361346442	5.	4.05176925694426e-26
0.03257792361346442	5.3	0.0009426932445702027
0.03257792361346442	5.6	0.0016533572882038955
0.03257792361346442	5.8999999999999995	4.446283893049313e-20
0.03257792361346442	6.2	0.0008128772443836681
0.03257792361346442	6.5	0.000812642222111078
0.03257792361346442	6.8	3.265880548363887e-92
0.03257792361346442	7.1	3.265161188570758e-92
0.03257792361346442	7.3999999999999995	3.26452792590207e-92
0.03257792361346442	7.699999999999999	1.816497242730827e-41
0.03257792361346442	8.	4.729955617800383e-18
0.03257792361346442	8.3	6.327858345880946e-59
0.03724884083109146	0.5	18.328777313586293
0.03724884083109146	0.8	46.1877307856588
0.03724884083109146	1.1	28.58601677259569
0.03724884083109146	1.4	20.05314492359102
0.03724884083109146	1.7	16.77226924573778
0.03724884083109146	2.	10.687146278389182
0.03724884083109146	2.3	7.127559816617002
0.03724884083109146	2.6	4.6943599731969385
0.03724884083109146	2.9	5.603775662268743
0.03724884083109146	3.1999999999999997	2.8995709735158193
0.03724884083109146	3.5	2.0666444751979767
0.03724884083109146	3.8	1.7905179415441885
0.03724884083109146	4.1	0.6553503660471804
0.03724884083109146	4.4	0.3632261401527018
0.03724884083109146	4.7	0.3446157375318301
0.03724884083109146	5.	4.602925493875244e-26
0.03724884083109146	5.3	0.00020430971735198596
0.03724884083109146	5.6	0.00046928373249156174
0.03724884083109146	5.8999999999999995	1.3098238811310096e-20
0.03724884083109146	6.2	0.00017638626345048222
0.03724884083109146	6.5	0.00017633526595882377
0.03724884083109146	6.8	3.733928932820427e-92
0.03724884083109146	7.1	3.7331064782618795e-92
0.03724884083109146	7.3999999999999995	3.7323824598032524e-92
0.03724884083109146	7.699999999999999	7.999784941859857e-42
0.03724884083109146	8.	1.3412765629809624e-18
0.03724884083109146	8.3	3.869355332835583e-59
0.04258945903742449	0.5	20.955756640280143
0.04258945903742449	0.8	52.78872340433618
0.04258945903742449	1.1	32.62025612093994
0.04258945903742449	1.4	22.907848976826028
0.04258945903742449	1.7	19.074708506428863
0.04258945903742449	2.	12.17583361816793
0.04258945903742449	2.3	8.109004051774175
0.04258945903742449	2.6	5.3415738709169895
0.04258945903742449	2.9	6.331830106125929
0.04258945903742449	3.1999999999999997	3.286139099735487
0.04258945903742449	3.5	2.335591930079865
0.04258945903742449	3.8	2.0203209649654403
0.04258945903742449	4.1	0.740708046752946
0.04258945903742449	4.4	0.4082911908994526
0.04258945903742449	4.7	0.387587823258021
0.04258945903742449	5.	5.218706896973012e-26
0.04258945903742449	5.3	0.00002656473838306951
0.04258945903742449	5.6	0.00008681485355306086
0.04258945903742449	5.8999999999999995	2.5437777679680196e-21
0.04258945903742449	6.2	0.000022970082954338818
0.04258945903742449	6.5	0.000022963441753425872
0.04258945903742449	6.8	4.26898415913628e-92
0.04258945903742449	7.1	4.2680438505376916e-92
0.04258945903742449	7.3999999999999995	4.2672160834895207e-92
0.04258945903742449	7.699999999999999	2.627986137850316e-42
0.04258945903742449	8.	2.4782445357645384e-19
0.04258945903742449	8.3	1.9521513509420613e-59
0.04869579779208684	0.5	23.958917922030242
0.04869579779208684	0.8	60.32564596173412
0.04869579779208684	1.1	37.201309656495745
0.04869579779208684	1.4	26.161766860126917
0.04869579779208684	1.7	21.657597161778515
0.04869579779208684	2.	13.85666590226975
0.04869579779208684	2.3	9.211487486805243
0.04869579779208684	2.6	6.069012453197519
0.04869579779208684	2.9	7.128505290207569
0.04869579779208684	3.1999999999999997	3.7141492270820025
0.04869579779208684	3.5	2.6301121695594185
0.04869579779208684	3.8	2.27036852363665
0.04869579779208684	4.1	0.8342182575494701
0.04869579779208684	4.4	0.45655248074271415
0.04869579779208684	4.7	0.43371785415716363
0.04869579779208684	5.	5.901567447709123e-26
0.04869579779208684	5.3	1.7712061368530622e-6
0.04869579779208684	5.6	9.177942696836325e-6
0.04869579779208684	5.8999999999999995	2.865646130621705e-22
0.04869579779208684	6.2	1.5346760094941074e-6
0.04869579779208684	6.5	1.534232297917811e-6
0.04869579779208684	6.8	4.880603779522625e-92
0.04869579779208684	7.1	4.879528752413338e-92
0.04869579779208684	7.3999999999999995	4.878582390741973e-92
0.04869579779208684	7.699999999999999	5.8853575099097666e-43
0.04869579779208684	8.	2.615767227872423e-20
0.04869579779208684	8.3	7.660102698717618e-60
0.055677643628300216	0.5	27.39196637393677
0.055677643628300216	0.8	68.92751061476956
0.055677643628300216	1.1	42.392156953410144
0.055677643628300216	1.4	29.867179363269756
0.055677643628300216	1.7	24.537468147096597
0.055677643628300216	2.	15.746913138162542
0.055677643628300216	2.3	10.442959714644465
0.055677643628300216	2.6	6.882163537146453
0.055677643628300216	2.9	7.987363770885621
0.055677643628300216	3.1999999999999997	4.183039777306234
0.055677643628300216	3.5	2.947952898288731
0.055677643628300216	3.8	2.5378412384541216
0.055677643628300216	4.1	0.9351866027489532
0.055677643628300216	4.4	0.507039121685951
0.055677643628300216	4.7	0.48213843610010443
0.055677643628300216	5.	6.651231428385867e-26
0.055677643628300216	5.3	4.933046033920233e-8
0.055677643628300216	5.6	4.6695052479595774e-7
0.055677643628300216	5.8999999999999995	1.5842205512773417e-23
0.055677643628300216	6.2	4.2857506323387703e-8
0.055677643628300216	6.5	4.284511519225042e-8
0.055677643628300216	6.8	5.579691112413728e-92
0.055677643628300216	7.1	5.5784621007016e-92
0.055677643628300216	7.3999999999999995	5.577380184191802e-92
0.055677643628300216	7.699999999999999	7.987923489217227e-44
0.055677643628300216	8.	1.3280497642104652e-21
0.055677643628300216	8.3	2.1641374567999777e-60
0.06366052391698887	0.5	31.316193172664658
0.06366052391698887	0.8	78.73927999383015
0.06366052391698887	1.1	48.25738035392388
0.06366052391698887	1.4	34.08144099363168
0.06366052391698887	1.7	27.722344314793915
0.06366052391698887	2.	17.861478103869207
0.06366052391698887	2.3	11.808165428369414
0.06366052391698887	2.6	7.784517177850633
0.06366052391698887	2.9	8.894274281929771
0.06366052391698887	3.1999999999999997	4.68933090935704
0.06366052391698887	3.5	3.284068953880676
0.06366052391698887	3.8	2.817190081679138
0.06366052391698887	4.1	1.042040337107757
0.06366052391698887	4.4	0.5580981216577937
0.06366052391698887	4.7	0.5313511122161998
0.06366052391698887	5.	7.463039641577597e-26
0.06366052391698887	5.3	4.389949947841329e-10
0.06366052391698887	5.6	9.134054987760275e-9
0.06366052391698887	5.8999999999999995	3.454246152408427e-25
0.06366052391698887	6.2	3.8273040883614204e-10
0.06366052391698887	6.5	3.8261975231193067e-10
0.06366052391698887	6.8	6.378676050653506e-92
0.06366052391698887	7.1	6.377271050373707e-92
0.06366052391698887	7.3999999999999995	6.376034208621933e-92
0.06366052391698887	7.699999999999999	5.634300291642604e-45
0.06366052391698887	8.	2.590700820318009e-23
0.06366052391698887	8.3	3.979844734110339e-61
0.07278796373712912	0.5	35.801506588963896
0.07278796373712912	0.8	89.92290847721834
0.07278796373712912	1.1	54.85991042006279
0.07278796373712912	1.4	38.86653790437965
0.07278796373712912	1.7	31.20589876166407
0.07278796373712912	2.	20.210385571083147
0.07278796373712912	2.3	13.30631851500757
0.07278796373712912	2.6	8.776077300659894
0.07278796373712912	2.9	9.824074932084757
0.07278796373712912	3.1999999999999997	5.225140822757995
0.07278796373712912	3.5	3.629399676067844
0.07278796373712912	3.8	3.099029825109998
0.07278796373712912	4.1	1.1519420006658205
0.07278796373712912	4.4	0.6071650081727129
0.07278796373712912	4.7	0.5790079988588448
0.07278796373712912	5.	8.32566444727806e-26
0.07278796373712912	5.3	8.795063906387156e-13
0.07278796373712912	5.6	5.1230017719801645e-11
0.07278796373712912	5.8999999999999995	2.2327282922739227e-27
0.07278796373712912	6.2	7.703025437437059e-13
0.07278796373712912	6.5	7.700798308363591e-13
0.07278796373712912	6.8	7.291715794893909e-92
0.07278796373712912	7.1	7.290109683743151e-92
0.07278796373712912	7.3999999999999995	7.288695801228096e-92
0.07278796373712912	7.699999999999999	1.6894946006886291e-46
0.07278796373712912	8.	1.4478479021844905e-25
0.07278796373712912	8.3	4.175932191787582e-62
0.08322406632886256	0.5	40.92758294295249
0.08322406632886256	0.8	102.65793013995169
0.08322406632886256	1.1	62.25575778689805
0.08322406632886256	1.4	44.28803098673793
0.08322406632886256	1.7	34.95917312236851
0.08322406632886256	2.	22.795042313184695
0.08322406632886256	2.3	14.927772884394084
0.08322406632886256	2.6	9.851223004153265
0.08322406632886256	2.9	10.736563430265761
0.08322406632886256	3.1999999999999997	5.776250527391996
0.08322406632886256	3.5	3.969391248977945
0.08322406632886256	3.8	3.368867900328526
0.08322406632886256	4.1	1.2603211061301463
0.08322406632886256	4.4	0.6505397202091558
0.08322406632886256	4.7	0.6216922128915833
0.08322406632886256	5.	9.218099300462791e-26
0.08322406632886256	5.3	2.510776224856236e-16
0.08322406632886256	5.6	5.616008585366611e-14
0.08322406632886256	5.8999999999999995	2.9463106734286577e-30
0.08322406632886256	6.2	2.2122279177435174e-16
0.08322406632886256	6.5	2.2115883096891551e-16
0.08322406632886256	6.8	8.334915410296099e-92
0.08322406632886256	7.1	8.333079518585882e-92
0.08322406632886256	7.3999999999999995	8.331463356972544e-92
0.08322406632886256	7.699999999999999	1.6566363977259392e-48
0.08322406632886256	8.	1.5797688584808086e-28
0.08322406632886256	8.3	2.1047076837054249e-63
0.09515646352362288	0.5	46.78514064754977
0.09515646352362288	0.8	117.14124314546298
0.09515646352362288	1.1	70.48583921894975
0.09515646352362288	1.4	50.413048553629494
0.09515646352362288	1.7	38.91928852559857
0.09515646352362288	2.	25.602842981823084
0.09515646352362288	2.3	16.649432266360854
0.09515646352362288	2.6	10.995745822042458
0.09515646352362288	2.9	11.57227553249933
0.09515646352362288	3.1999999999999997	6.3197592288926625
0.09515646352362288	3.5	4.282424208801659
0.09515646352362288	3.8	3.6058815124089896
0.09515646352362288	4.1	1.3603730849008306
0.09515646352362288	4.4	0.6832496042436951
0.09515646352362288	4.7	0.6547692675458574
0.09515646352362288	5.	1.0105954595125817e-25
0.09515646352362288	5.3	5.6199058149710665e-21
0.09515646352362288	5.6	7.29484093693585e-18
0.09515646352362288	5.8999999999999995	4.876673008826445e-34
0.09515646352362288	6.2	4.990547860865458e-21
0.09515646352362288	6.5	4.989104973999287e-21
0.09515646352362288	6.8	9.526566634788742e-92
0.09515646352362288	7.1	9.524468263797472e-92
0.09515646352362288	7.3999999999999995	9.522621037935645e-92
0.09515646352362288	7.699999999999999	3.770677013218182e-51
0.09515646352362288	8.	2.0395067171841418e-32
0.09515646352362288	8.3	4.069571470181988e-65
0.10879968919738225	0.5	53.47733413950198
0.10879968919738225	0.8	133.58556113573445
0.10879968919738225	1.1	79.56372316239381
0.10879968919738225	1.4	57.30684598193692
0.10879968919738225	1.7	42.97484674223172
0.10879968919738225	2.	28.599664951804346
0.10879968919738225	2.3	18.4287198504838
0.10879968919738225	2.6	12.182932532338212
0.10879968919738225	2.9	12.249198334051286
0.10879968919738225	3.1999999999999997	6.8215777262787585
0.10879968919738225	3.5	4.5385526526439435
0.10879968919738225	3.8	3.782213580873242
0.10879968919738225	4.1	1.4426517617238175
0.10879968919738225	4.4	0.6991491146405914
0.10879968919738225	4.7	0.6724443761836033
0.10879968919738225	5.	1.0937384940285106e-25
0.10879968919738225	5.3	4.521370695102599e-27
0.10879968919738225	5.6	5.841145514944104e-23
0.10879968919738225	5.8999999999999995	5.35985589646792e-39
0.10879968919738225	6.2	4.0562885813273716e-27
0.10879968919738225	6.5	4.055115811186183e-27
0.10879968919738225	6.8	1.0887400974782361e-91
0.10879968919738225	7.1	1.0885002859359292e-91
0.10879968919738225	7.3999999999999995	1.088289176420616e-91
0.10879968919738225	7.699999999999999	1.2735396138064382e-54
0.10879968919738225	8.	1.620078010449778e-37
0.10879968919738225	8.3	2.2508743099136406e-67
0.12439903639870263	0.5	61.12125362654666
0.12439903639870263	0.8	152.21574470967084
0.12439903639870263	1.1	89.45784242827932
0.12439903639870263	1.4	65.02725378018737
0.12439903639870263	1.7	46.94847868850069
0.12439903639870263	2.	31.71988768351655
0.12439903639870263	2.3	20.19619036118505
0.12439903639870263	2.6	13.368719430368664
0.12439903639870263	2.9	12.662654983372644
0.12439903639870263	3.1999999999999997	7.234393312149488
0.12439903639870263	3.5	4.699357406076127
0.12439903639870263	3.8	3.8636379431813834
0.12439903639870263	4.1	1.4950060655300317
0.12439903639870263	4.4	0.6914833579224435
0.12439903639870263	4.7	0.6682356904986089
0.12439903639870263	5.	1.1639539765924585e-25
0.12439903639870263	5.3	4.724369045781192e-35
0.12439903639870263	5.6	1.2288310381966101e-29
0.12439903639870263	5.8999999999999995	1.705563888605814e-45
0.12439903639870263	6.2	4.295396885078077e-35
0.12439903639870263	6.5	4.294154983001739e-35
0.12439903639870263	6.8	1.2440849332747935e-91
0.12439903639870263	7.1	1.2438109046730172e-91
0.12439903639870263	7.3999999999999995	1.2435696733930446e-91
0.12439903639870263	7.699999999999999	3.55953909185562e-59
0.12439903639870263	8.	3.372828748044409e-44
0.12439903639870263	8.3	2.4279038111460847e-70
0.14223496749931963	0.5	69.84949890682283
0.14223496749931963	0.8	173.2618634243527
0.14223496749931963	1.1	100.06656563477225
0.14223496749931963	1.4	73.61608851011401
0.14223496749931963	1.7	50.57864690433358
0.14223496749931963	2.	34.853938480009404
0.14223496749931963	2.3	21.84746797906679
0.14223496749931963	2.6	14.486312734208088
0.14223496749931963	2.9	12.691996000960357
0.14223496749931963	3.1999999999999997	7.497362148066765
0.14223496749931963	3.5	4.720231722037004
0.14223496749931963	3.8	3.812868056853968
0.14223496749931963	4.1	1.5032754057158033
0.14223496749931963	4.4	0.6541800825402261
0.14223496749931963	4.7	0.6361188012265395
0.14223496749931963	5.	1.2117369219553737e-25
0.14223496749931963	5.3	1.6992966932687426e-45
0.14223496749931963	5.6	2.232817501666863e-38
0.14223496749931963	5.8999999999999995	5.321271070957756e-54
0.14223496749931963	6.2	1.572196305601673e-45
0.14223496749931963	6.5	1.571741746009492e-45
0.14223496749931963	6.8	1.4213294512541295e-91
0.14223496749931963	7.1	1.42101638185527e-91
0.14223496749931963	7.3999999999999995	1.4207407824057322e-91
0.14223496749931963	7.699999999999999	3.843598523746088e-65
0.14223496749931963	8.	6.045466512653264e-53
0.14223496749931963	8.3	3.098636311166442e-74
0.1626281566578397	0.5	79.8117673880034
0.1626281566578397	0.8	196.9473414489838
0.1626281566578397	1.1	111.18473342314967
0.1626281566578397	1.4	83.08631746034713
0.1626281566578397	1.7	53.50584187446901
0.1626281566578397	2.	37.8342541685147
0.1626281566578397	2.3	23.23634365855202
0.1626281566578397	2.6	15.441388424946991
0.1626281566578397	2.9	12.218829886430983
0.1626281566578397	3.1999999999999997	7.539602103945642
0.1626281566578397	3.5	4.556844738102419
0.1626281566578397	3.8	3.5969587992721745
0.1626281566578397	4.1	1.4532968212012844
0.1626281566578397	4.4	0.5840192673622518
0.1626281566578397	4.7	0.572513098703825
0.1626281566578397	5.	1.225790659335779e-25
0.1626281566578397	5.3	3.726530561613905e-59
0.1626281566578397	5.6	8.218068419406935e-50
0.1626281566578397	5.8999999999999995	3.968163994092152e-65
0.1626281566578397	6.2	3.5272811528264973e-59
0.1626281566578397	6.5	3.52626133139795e-59
0.1626281566578397	6.8	1.6234293896873656e-91
0.1626281566578397	7.1	1.6230718047075623e-91
0.1626281566578397	7.3999999999999995	1.6227570175582731e-91
0.1626281566578397	7.699999999999999	5.940084858580801e-73
0.1626281566578397	8.	2.185782438495355e-64
0.1626281566578397	8.3	2.4393284892300103e-79
0.18594525525555683	0.5	91.1763522657386
0.18594525525555683	0.8	223.46988401355333
0.18594525525555683	1.1	122.46132039472101
0.18594525525555683	1.4	93.40350096301906
0.18594525525555683	1.7	55.27307763236824
0.18594525525555683	2.	40.422306413039344
0.18594525525555683	2.3	24.17275382135733
0.18594525525555683	2.6	16.11018647546373
0.18594525525555683	2.9	11.160721451691183
0.18594525525555683	3.1999999999999997	7.290246686414081
0.18594525525555683	3.5	4.177297158319578
0.18594525525555683	3.8	3.1995334267526827
0.18594525525555683	4.1	1.3347142968182317
0.18594525525555683	4.4	0.48339344008351626
0.18594525525555683	4.7	0.47890762729586933
0.18594525525555683	5.	1.1944371365553928e-25
0.18594525525555683	5.3	5.22849746830266e-77
0.18594525525555683	5.6	9.267680805716723e-65
0.18594525525555683	5.8999999999999995	1.1251435587462803e-79
0.18594525525555683	6.2	5.098428633221692e-77
0.18594525525555683	6.5	5.0969545554414396e-77
0.18594525525555683	6.8	1.8536735851175473e-91
0.18594525525555683	7.1	1.8532652853567408e-91
0.18594525525555683	7.3999999999999995	1.8529058532636184e-91
0.18594525525555683	7.699999999999999	3.604884473666098e-83
0.18594525525555683	8.	2.4082553946669257e-79
0.18594525525555683	8.3	5.0708610709469236e-86
0.21260548396179255	0.5	113.83391538920668
0.21260548396179255	0.8	251.89061933968821
0.21260548396179255	1.1	137.09218226386176
0.21260548396179255	1.4	103.06441241997757
0.21260548396179255	1.7	57.18112962385817
0.21260548396179255	2.	42.761741716370565
0.21260548396179255	2.3	24.881492552445298
0.21260548396179255	2.6	17.020255477449314
0.21260548396179255	2.9	10.334548597680524
0.21260548396179255	3.1999999999999997	6.7164149388369445
0.21260548396179255	3.5	3.7346226870704378
0.21260548396179255	3.8	2.752319244699266
0.21260548396179255	4.1	1.277924990547937
0.21260548396179255	4.4	5.094000061295327e-10
0.21260548396179255	4.7	2.5600459370062615e-9
0.21260548396179255	5.	3.824738592008268e-32
0.21260548396179255	5.3	2.1193379168186284e-91
0.21260548396179255	5.6	2.9977226724392682e-78
0.21260548396179255	5.8999999999999995	2.117540097095255e-91
0.21260548396179255	6.2	2.1168316929931794e-91
0.21260548396179255	6.5	2.1162196662712907e-91
0.21260548396179255	6.8	2.1156872742035707e-91
0.21260548396179255	7.1	2.1152212619482663e-91
0.21260548396179255	7.3999999999999995	2.1148110247244825e-91
0.21260548396179255	7.699999999999999	2.1144479959374426e-91
0.21260548396179255	8.	2.1141251941435726e-91
0.21260548396179255	8.3	2.1138368833828202e-91
0.2430881699482204	0.5	176.19182358348368
0.2430881699482204	0.8	280.14703681784306
0.2430881699482204	1.1	161.6600927908774
0.2430881699482204	1.4	109.34882269981628
0.2430881699482204	1.7	61.44525407682371
0.2430881699482204	2.	45.19691452754724
0.2430881699482204	2.3	25.777497622420615
0.2430881699482204	2.6	19.121522834852982
0.2430881699482204	2.9	10.675398305726997
0.2430881699482204	3.1999999999999997	5.828323739933822
0.2430881699482204	3.5	3.387889607568137
0.2430881699482204	3.8	2.3781931478872904
0.2430881699482204	4.1	1.4576595142672568
0.2430881699482204	4.4	1.9344078895996144e-40
0.2430881699482204	4.7	2.4221486255207715e-37
0.2430881699482204	5.	2.803530660356354e-54
0.2430881699482204	5.3	2.417578638005369e-91
0.2430881699482204	5.6	4.0631060283599525e-83
0.2430881699482204	5.8999999999999995	2.4155278227372037e-91
0.2430881699482204	6.2	2.414719729506454e-91
0.2430881699482204	6.5	2.4140215762214183e-91
0.2430881699482204	6.8	2.4134142640605074e-91
0.2430881699482204	7.1	2.4128826729137955e-91
0.2430881699482204	7.3999999999999995	2.4124147056581428e-91
0.2430881699482204	7.699999999999999	2.4120005901772822e-91
0.2430881699482204	8.	2.4116323625742293e-91
0.2430881699482204	8.3	2.411303479704362e-91
0.2779413647645812	0.5	298.9877081676875
0.2779413647645812	0.8	308.9617738951008
0.2779413647645812	1.1	192.4240216476778
0.2779413647645812	1.4	113.40849729604489
0.2779413647645812	1.7	64.7933149908889
0.2779413647645812	2.	46.64299262412752
0.2779413647645812	2.3	25.917283327052683
0.2779413647645812	2.6	21.36756135102603
0.2779413647645812	2.9	10.692387457496121
0.2779413647645812	3.1999999999999997	4.651077566264215
0.2779413647645812	3.5	2.864652073969414
0.2779413647645812	3.8	1.8872732328309412
0.2779413647645812	4.1	1.6614463452326622
0.2779413647645812	4.4	4.039364584114937e-80
0.2779413647645812	4.7	6.7374918203363075e-74
0.2779413647645812	5.	3.718204409413313e-83
0.2779413647645812	5.3	2.7558116160383645e-91
0.2779413647645812	5.6	1.755161028703148e-89
0.2779413647645812	5.8999999999999995	2.7534738800700236e-91
0.2779413647645812	6.2	2.752552730008084e-91
0.2779413647645812	6.5	2.7517569011144836e-91
0.2779413647645812	6.8	2.751064622534053e-91
0.2779413647645812	7.1	2.7504586587676364e-91
0.2779413647645812	7.3999999999999995	2.749925220235884e-91
0.2779413647645812	7.699999999999999	2.7494531676479783e-91
0.2779413647645812	8.	2.7490334229125277e-91
0.2779413647645812	8.3	2.7486585274618283e-91
0.31779169781751654	0.5	253.57640143683707
0.31779169781751654	0.8	365.3928366075638
0.31779169781751654	1.1	221.91141706055606
0.31779169781751654	1.4	117.06131060080288
0.31779169781751654	1.7	69.87240767873816
0.31779169781751654	2.	50.97188648761182
0.31779169781751654	2.3	27.753885611315305
0.31779169781751654	2.6	18.257656965993146
0.31779169781751654	2.9	9.002248221506893
0.31779169781751654	3.1999999999999997	4.954397497354024
0.31779169781751654	3.5	1.6058982299788953
0.31779169781751654	3.8	1.1717801360313576
0.31779169781751654	4.1	2.9405675941881355e-41
0.31779169781751654	4.4	2.6311305570163117e-52
0.31779169781751654	4.7	2.542017364912655e-87
0.31779169781751654	5.	3.1401220254294887e-91
0.31779169781751654	5.3	3.1384139120199407e-91
0.31779169781751654	5.6	3.136975057963645e-91
0.31779169781751654	5.8999999999999995	3.1357516171653244e-91
0.31779169781751654	6.2	3.1347025795051937e-91
0.31779169781751654	6.5	3.133796261940986e-91
0.31779169781751654	6.8	3.13300787106725e-91
0.31779169781751654	7.1	3.1323177784993725e-91
0.31779169781751654	7.3999999999999995	3.1317102801858027e-91
0.31779169781751654	7.699999999999999	3.131172690315557e-91
0.31779169781751654	8.	3.130694670443093e-91
0.31779169781751654	8.3	3.130267726492649e-91
0.3633556426092978	0.5	174.9015660586771
0.3633556426092978	0.8	441.89879955959964
0.3633556426092978	1.1	243.13104497934995
0.3633556426092978	1.4	125.81281763010335
0.3633556426092978	1.7	80.55981108479675
0.3633556426092978	2.	51.732104404821754
0.3633556426092978	2.3	28.35720496636749
0.3633556426092978	2.6	13.735807400569295
0.3633556426092978	2.9	6.683509336258118
0.3633556426092978	3.1999999999999997	5.635571849699323
0.3633556426092978	3.5	0.8228102528508483
0.3633556426092978	3.8	1.0767009301662935e-17
0.3633556426092978	4.1	3.6923832933150404e-91
0.3633556426092978	4.4	1.5392523961921326e-21
0.3633556426092978	4.7	3.574004716005748e-91
0.3633556426092978	5.	3.5716738787928573e-91
0.3633556426092978	5.3	3.569731016701037e-91
0.3633556426092978	5.6	3.5680944186941285e-91
0.3633556426092978	5.8999999999999995	3.566702838524242e-91
0.3633556426092978	6.2	3.565509629987053e-91
0.3633556426092978	6.5	3.5644787557905223e-91
0.3633556426092978	6.8	3.5635820151329316e-91
0.3633556426092978	7.1	3.562797082070242e-91
0.3633556426092978	7.3999999999999995	3.562106094318678e-91
0.3633556426092978	7.699999999999999	3.561494622636523e-91
0.3633556426092978	8.	3.5609509077495863e-91
0.3633556426092978	8.3	3.560465288228066e-91
0.4154523982933912	0.5	198.43471146616727
0.4154523982933912	0.8	507.56290333533013
0.4154523982933912	1.1	245.08207763000055
0.4154523982933912	1.4	155.97701193848206
0.4154523982933912	1.7	103.90677157759765
0.4154523982933912	2.	37.45315589818273
0.4154523982933912	2.3	22.467923161060593
0.4154523982933912	2.6	11.272041614804499
0.4154523982933912	2.9	4.842392097900611
0.4154523982933912	3.1999999999999997	3.962645239087876
0.4154523982933912	3.5	3.593281193322105e-14
0.4154523982933912	3.8	8.027116510540405e-87
0.4154523982933912	4.1	3.213612550627259e-76
0.4154523982933912	4.4	4.06182444151229e-91
0.4154523982933912	4.7	4.05861093545765e-91
0.4154523982933912	5.	4.055964055514083e-91
0.4154523982933912	5.3	4.0537577569894515e-91
0.4154523982933912	5.6	4.0518992494899964e-91
0.4154523982933912	5.8999999999999995	4.050318982270489e-91
0.4154523982933912	6.2	4.048963984277445e-91
0.4154523982933912	6.5	4.047793331852622e-91
0.4154523982933912	6.8	4.046775000392994e-91
0.4154523982933912	7.1	4.045883636736542e-91
0.4154523982933912	7.3999999999999995	4.0450989566178494e-91
0.4154523982933912	7.699999999999999	4.044404574306376e-91
0.4154523982933912	8.	4.0437871360651755e-91
0.4154523982933912	8.3	4.043235670452472e-91
0.4750186181457525	0.5	237.14919249460328
0.4750186181457525	0.8	558.2458901858815
0.4750186181457525	1.1	289.34866838910807
0.4750186181457525	1.4	142.6613546801689
0.4750186181457525	1.7	69.63571306216532
0.4750186181457525	2.	32.23390484849906
0.4750186181457525	2.3	17.555101849833274
0.4750186181457525	2.6	9.073407380522488
0.4750186181457525	2.9	3.748450332896292
0.4750186181457525	3.1999999999999997	2.95788057150955e-7
0.4750186181457525	3.5	1.2386444791860845e-81
0.4750186181457525	3.8	1.3961838764853642e-88
0.4750186181457525	4.1	6.567318107084822e-39
0.4750186181457525	4.4	4.6027696899445817e-91
0.4750186181457525	4.7	4.599128215902625e-91
0.4750186181457525	5.	4.596128830047181e-91
0.4750186181457525	5.3	4.5936287013187314e-91
0.4750186181457525	5.6	4.591522681693756e-91
0.4750186181457525	5.8999999999999995	4.5897319578048496e-91
0.4750186181457525	6.2	4.588196504024874e-91
0.4750186181457525	6.5	4.58686994656873e-91
0.4750186181457525	6.8	4.5857159958640195e-91
0.4750186181457525	7.1	4.5847059222678534e-91
0.4750186181457525	7.3999999999999995	4.5838167400989475e-91
0.4750186181457525	7.699999999999999	4.583029881409581e-91
0.4750186181457525	8.	4.582330214040168e-91
0.4750186181457525	8.3	4.581705305395359e-91
0.543125249756657	0.5	306.0906965072484
0.543125249756657	0.8	603.9079333654283
0.543125249756657	1.1	285.99879093138514
0.543125249756657	1.4	122.67359782223534
0.543125249756657	1.7	59.98744207934726
0.543125249756657	2.	27.21471741092258
0.543125249756657	2.3	10.623468874325999
0.543125249756657	2.6	5.755829453786618
0.543125249756657	2.9	2.9877311811847336
0.543125249756657	3.1999999999999997	1.2605360190341082e-75
0.543125249756657	3.5	1.5045479878984036e-90
0.543125249756657	3.8	5.212554104877557e-91
0.543125249756657	4.1	5.206222917398644e-91
0.543125249756657	4.4	5.201158690326862e-91
0.543125249756657	4.7	5.19704380176307e-91
0.543125249756657	5.	5.193654476887273e-91
0.543125249756657	5.3	5.190829315704144e-91
0.543125249756657	5.6	5.18844950028597e-91
0.543125249756657	5.8999999999999995	5.186425971032028e-91
0.543125249756657	6.2	5.184690898606231e-91
0.543125249756657	6.5	5.183191880339836e-91
0.543125249756657	6.8	5.181887908787853e-91
0.543125249756657	7.1	5.180746519273177e-91
0.543125249756657	7.3999999999999995	5.17974173783143e-91
0.543125249756657	7.699999999999999	5.178852582564941e-91
0.543125249756657	8.	5.178061954038227e-91
0.543125249756657	8.3	5.177355803340375e-91
0.6209967897147122	0.5	297.84094271620404
0.6209967897147122	0.8	693.1829561711727
0.6209967897147122	1.1	286.21422133775343
0.6209967897147122	1.4	100.16157588651801
0.6209967897147122	1.7	46.68451796642742
0.6209967897147122	2.	16.347902088767594
0.6209967897147122	2.3	5.5378636395799985
0.6209967897147122	2.6	2.8469179450518747e-9
0.6209967897147122	2.9	2.785559522978542e-33
0.6209967897147122	3.1999999999999997	5.889348819307567e-91
0.6209967897147122	3.5	5.877539682440783e-91
0.6209967897147122	3.8	5.868463884810414e-91
0.6209967897147122	4.1	5.861336026888863e-91
0.6209967897147122	4.4	5.855634554428861e-91
0.6209967897147122	4.7	5.851001878308715e-91
0.6209967897147122	5.	5.847186065517652e-91
0.6209967897147122	5.3	5.844005406662438e-91
0.6209967897147122	5.6	5.841326132634184e-91
0.6209967897147122	5.8999999999999995	5.839047977221752e-91
0.6209967897147122	6.2	5.837094575940259e-91
0.6209967897147122	6.5	5.835406932151434e-91
0.6209967897147122	6.8	5.833938878332583e-91
0.6209967897147122	7.1	5.832653864688484e-91
0.6209967897147122	7.3999999999999995	5.831522648880575e-91
0.6209967897147122	7.699999999999999	5.830521608802256e-91
0.6209967897147122	8.	5.829631493349838e-91
0.6209967897147122	8.3	5.82883648579995e-91
0.7100332989651277	0.5	270.7744025618992
0.7100332989651277	0.8	784.3173601588599
0.7100332989651277	1.1	231.5922586351665
0.7100332989651277	1.4	90.74453861482607
0.7100332989651277	1.7	24.98433041866471
0.7100332989651277	2.	12.057842268805183
0.7100332989651277	2.3	2.3911675022469066e-21
0.7100332989651277	2.6	2.8491532740021355e-27
0.7100332989651277	2.9	6.615676337670509e-91
0.7100332989651277	3.1999999999999997	6.598007484223169e-91
0.7100332989651277	3.5	6.584777367308746e-91
0.7100332989651277	3.8	6.574609489241454e-91
0.7100332989651277	4.1	6.566623944259183e-91
0.7100332989651277	4.4	6.560236420083527e-91
0.7100332989651277	4.7	6.555046299299293e-91
0.7100332989651277	5.	6.550771334082207e-91
0.7100332989651277	5.3	6.547207950153806e-91
0.7100332989651277	5.6	6.544206282120023e-91
0.7100332989651277	5.8999999999999995	6.541653998850238e-91
0.7100332989651277	6.2	6.539465547007697e-91
0.7100332989651277	6.5	6.537574830955548e-91
0.7100332989651277	6.8	6.535930127885446e-91
0.7100332989651277	7.1	6.534490490006755e-91
0.7100332989651277	7.3999999999999995	6.533223156283478e-91
0.7100332989651277	7.699999999999999	6.532101662187713e-91
0.7100332989651277	8.	6.531104440152294e-91
0.7100332989651277	8.3	6.530213770245465e-91
0.8118355746587832	0.5	309.13270423026603
0.8118355746587832	0.8	690.3176726465539
0.8118355746587832	1.1	177.0366305731343
0.8118355746587832	1.4	53.71591866859644
0.8118355746587832	1.7	12.025344831812479
0.8118355746587832	2.	3.3243058840362196
0.8118355746587832	2.3	7.429620289804003e-91
0.8118355746587832	2.6	4.1891764880451475e-82
0.8118355746587832	2.9	7.363577465919158e-91
0.8118355746587832	3.1999999999999997	7.343911151478621e-91
0.8118355746587832	3.5	7.329185372010269e-91
0.8118355746587832	3.8	7.317868016990013e-91
0.8118355746587832	4.1	7.308979707453208e-91
0.8118355746587832	4.4	7.301870074713915e-91
0.8118355746587832	4.7	7.296093211623656e-91
0.8118355746587832	5.	7.291334962287774e-91
0.8118355746587832	5.3	7.287368738388915e-91
0.8118355746587832	5.6	7.284027732274715e-91
0.8118355746587832	5.8999999999999995	7.281186913798604e-91
0.8118355746587832	6.2	7.278751057833094e-91
0.8118355746587832	6.5	7.276646596640399e-91
0.8118355746587832	6.8	7.274815960157147e-91
0.8118355746587832	7.1	7.273213571451664e-91
0.8118355746587832	7.3999999999999995	7.271802965858191e-91
0.8118355746587832	7.699999999999999	7.270554687038274e-91
0.8118355746587832	8.	7.269444729214808e-91
0.8118355746587832	8.3	7.268453369220644e-91
0.9282339310595156	0.5	311.2725118272945
0.9282339310595156	0.8	599.9658448318801
0.9282339310595156	1.1	120.41484039823028
0.9282339310595156	1.4	24.504801765155413
0.9282339310595156	1.7	2.504772981189071
0.9282339310595156	2.	5.19861290429092e-47
0.9282339310595156	2.3	8.197733077707479e-91
0.9282339310595156	2.6	8.154783167072056e-91
0.9282339310595156	2.9	8.124862403192795e-91
0.9282339310595156	3.1999999999999997	8.10316288287854e-91
0.9282339310595156	3.5	8.086914675738211e-91
0.9282339310595156	3.8	8.074427273693045e-91
0.9282339310595156	4.1	8.064620044487163e-91
0.9282339310595156	4.4	8.056775380937234e-91
0.9282339310595156	4.7	8.050401275694546e-91
0.9282339310595156	5.	8.045151093794099e-91
0.9282339310595156	5.3	8.04077482103977e-91
0.9282339310595156	5.6	8.037088404336512e-91
0.9282339310595156	5.8999999999999995	8.033953887270903e-91
0.9282339310595156	6.2	8.0312661998465e-91
0.9282339310595156	6.5	8.028944168510151e-91
0.9282339310595156	6.8	8.026924271305901e-91
0.9282339310595156	7.1	8.02515621932183e-91
0.9282339310595156	7.3999999999999995	8.023599777985375e-91
0.9282339310595156	7.699999999999999	8.022222445608608e-91
0.9282339310595156	8.	8.020997734572328e-91
0.9282339310595156	8.3	8.019903882625786e-91
1.0613211069647226	0.5	303.4140105989868
1.0613211069647226	0.8	590.3088189292665
1.0613211069647226	1.1	59.253836944870194
1.0613211069647226	1.4	5.633287844959053
1.0613211069647226	1.7	5.351536219113358e-82
1.0613211069647226	2.	1.5674332176699662e-54
1.0613211069647226	2.3	8.939492320660259e-91
1.0613211069647226	2.6	8.892656153556637e-91
1.0613211069647226	2.9	8.860028055472508e-91
1.0613211069647226	3.1999999999999997	8.836365087506548e-91
1.0613211069647226	3.5	8.818646686385333e-91
1.0613211069647226	3.8	8.805029381012055e-91
1.0613211069647226	4.1	8.794334759786665e-91
1.0613211069647226	4.4	8.785780283945843e-91
1.0613211069647226	4.7	8.778829427614225e-91
1.0613211069647226	5.	8.773104191096249e-91
1.0613211069647226	5.3	8.768331938046584e-91
1.0613211069647226	5.6	8.764311961609542e-91
1.0613211069647226	5.8999999999999995	8.760893822598259e-91
1.0613211069647226	6.2	8.757962943919604e-91
1.0613211069647226	6.5	8.755430807156565e-91
1.0613211069647226	6.8	8.753228142666912e-91
1.0613211069647226	7.1	8.751300111224037e-91
1.0613211069647226	7.3999999999999995	8.749602837692084e-91
1.0613211069647226	7.699999999999999	8.748100879517991e-91
1.0613211069647226	8.	8.746765352391152e-91
1.0613211069647226	8.3	8.745572524937105e-91
1.2134898912853915	0.5	256.27113293951714
1.2134898912853915	0.8	288.3342598968534
1.2134898912853915	1.1	20.778939264802062
1.2134898912853915	1.4	2.337348459803441
1.2134898912853915	1.7	9.792749100973498e-91
1.2134898912853915	2.	9.969749276284713e-84
1.2134898912853915	2.3	9.59322915787334e-91
1.2134898912853915	2.6	9.54296790502086e-91
1.2134898912853915	2.9	9.507953744184992e-91
1.2134898912853915	3.1999999999999997	9.482560325173016e-91
1.2134898912853915	3.5	9.46354619370225e-91
1.2134898912853915	3.8	9.448933067333017e-91
1.2134898912853915	4.1	9.437456358310659e-91
1.2134898912853915	4.4	9.428276301533066e-91
1.2134898912853915	4.7	9.420817135481932e-91
1.2134898912853915	5.	9.41467321769221e-91
1.2134898912853915	5.3	9.40955197417383e-91
1.2134898912853915	5.6	9.40523802056366e-91
1.2134898912853915	5.8999999999999995	9.401569916195708e-91
1.2134898912853915	6.2	9.39842470505958e-91
1.2134898912853915	6.5	9.395707395467987e-91
1.2134898912853915	6.8	9.393343652153581e-91
1.2134898912853915	7.1	9.391274625547635e-91
1.2134898912853915	7.3999999999999995	9.389453231966036e-91
1.2134898912853915	7.699999999999999	9.387841436974465e-91
1.2134898912853915	8.	9.386408243979298e-91
1.2134898912853915	8.3	9.385128186152519e-91
1.3874761432599862	0.5	308.5768188931631
1.3874761432599862	0.8	133.19670095588737
1.3874761432599862	1.1	3.9617183049355917
1.3874761432599862	1.4	1.051139561990658e-90
1.3874761432599862	1.7	1.0277781456588534e-90
1.3874761432599862	2.	1.0148169533030307e-90
1.3874761432599862	2.3	1.0068379341792133e-90
1.3874761432599862	2.6	1.0015628661954867e-90
1.3874761432599862	2.9	9.978880258697898e-91
1.3874761432599862	3.1999999999999997	9.952229110144044e-91
1.3874761432599862	3.5	9.932273213609948e-91
1.3874761432599862	3.8	9.916936302833224e-91
1.3874761432599862	4.1	9.90489115535151e-91
1.3874761432599862	4.4	9.895256412712204e-91
1.3874761432599862	4.7	9.887427796076417e-91
1.3874761432599862	5.	9.880979571611672e-91
1.3874761432599862	5.3	9.87560467421308e-91
1.3874761432599862	5.6	9.871077051585153e-91
1.3874761432599862	5.8999999999999995	9.867227266947046e-91
1.3874761432599862	6.2	9.863926274308652e-91
1.3874761432599862	6.5	9.861074377068733e-91
1.3874761432599862	6.8	9.858593558153183e-91
1.3874761432599862	7.1	9.8564220531892e-91
1.3874761432599862	7.3999999999999995	9.854510446449858e-91
1.3874761432599862	7.699999999999999	9.852818819665043e-91
1.3874761432599862	8.	9.851314640987784e-91
1.3874761432599862	8.3	9.849971182224592e-91
1.5864079807673144	0.5	3.6951662437521434e-26
1.5864079807673144	0.8	1.0805463206502056e-26
1.5864079807673144	1.1	1.0190231080885706e-27
1.5864079807673144	1.4	1.068922485485486e-90
1.5864079807673144	1.7	1.0451658463931828e-90
1.5864079807673144	2.	1.0319853797369721e-90
1.5864079807673144	2.3	1.023871373507947e-90
1.5864079807673144	2.6	1.0185070632068566e-90
1.5864079807673144	2.9	1.0147700528261732e-90
1.5864079807673144	3.1999999999999997	1.0120598502057639e-90
1.5864079807673144	3.5	1.0100304996518834e-90
1.5864079807673144	3.8	1.00847086196152e-90
1.5864079807673144	4.1	1.0072459695257516e-90
1.5864079807673144	4.4	1.0062661954385202e-90
1.5864079807673144	4.7	1.0054700895116927e-90
1.5864079807673144	5.	1.004814358115876e-90
1.5864079807673144	5.3	1.004267775255304e-90
1.5864079807673144	5.6	1.0038073532706515e-90
1.5864079807673144	5.8999999999999995	1.0034158618348087e-90
1.5864079807673144	6.2	1.0030801780318966e-90
1.5864079807673144	6.5	1.0027901635375064e-90
1.5864079807673144	6.8	1.0025378846568385e-90
1.5864079807673144	7.1	1.0023170604611485e-90
1.5864079807673144	7.3999999999999995	1.0021226657774188e-90
1.5864079807673144	7.699999999999999	1.0019506412458796e-90
1.5864079807673144	8.	1.001797678645246e-90
1.5864079807673144	8.3	1.0016610599380614e-90
1.8138620211004584	0.5	140.41176820946458
1.8138620211004584	0.8	14.642294073303301
1.8138620211004584	1.1	1.086868591660456e-90
1.8138620211004584	1.4	1.0376276200426785e-90
1.8138620211004584	1.7	1.0145665045583656e-90
1.8138620211004584	2.	1.0017719226936911e-90
1.8138620211004584	2.3	9.938954703907806e-91
1.8138620211004584	2.6	9.88688211111954e-91
1.8138620211004584	2.9	9.85060609260523e-91
1.8138620211004584	3.1999999999999997	9.824297532975935e-91
1.8138620211004584	3.5	9.804598160813332e-91
1.8138620211004584	3.8	9.789458399354899e-91
1.8138620211004584	4.1	9.777568087005848e-91
1.8138620211004584	4.4	9.768057194793197e-91
1.8138620211004584	4.7	9.760329211619741e-91
1.8138620211004584	5.	9.753963876276274e-91
1.8138620211004584	5.3	9.748658070846298e-91
1.8138620211004584	5.6	9.744188648838272e-91
1.8138620211004584	5.8999999999999995	9.740388351507486e-91
1.8138620211004584	6.2	9.737129791693916e-91
1.8138620211004584	6.5	9.734314554352779e-91
1.8138620211004584	6.8	9.731865625285523e-91
1.8138620211004584	7.1	9.729722034073507e-91
1.8138620211004584	7.3999999999999995	9.727835000207476e-91
1.8138620211004584	7.699999999999999	9.726165118549322e-91
1.8138620211004584	8.	9.724680275434818e-91
1.8138620211004584	8.3	9.723354086249784e-91
2.0739276853607893	0.5	51.04007013877881
2.0739276853607893	0.8	3.4905389964530134
2.0739276853607893	1.1	9.810179122193206e-91
2.0739276853607893	1.4	9.365725436229907e-91
2.0739276853607893	1.7	9.157573617882609e-91
2.0739276853607893	2.	9.042088506941768e-91
2.0739276853607893	2.3	8.970994900472823e-91
2.0739276853607893	2.6	8.923993683717679e-91
2.0739276853607893	2.9	8.891250604913489e-91
2.0739276853607893	3.1999999999999997	8.867504249154328e-91
2.0739276853607893	3.5	8.84972340876638e-91
2.0739276853607893	3.8	8.836058116300103e-91
2.0739276853607893	4.1	8.825325807458165e-91
2.0739276853607893	4.4	8.816741185827372e-91
2.0739276853607893	4.7	8.809765834826653e-91
2.0739276853607893	5.	8.80402042269759e-91
2.0739276853607893	5.3	8.799231352330209e-91
2.0739276853607893	5.6	8.79519720958215e-91
2.0739276853607893	5.8999999999999995	8.791767025122072e-91
2.0739276853607893	6.2	8.788825818089613e-91
2.0739276853607893	6.5	8.78628475813076e-91
2.0739276853607893	6.8	8.784074331498538e-91
2.0739276853607893	7.1	8.782139505714078e-91
2.0739276853607893	7.3999999999999995	8.780436251026487e-91
2.0739276853607893	7.699999999999999	8.778928999983899e-91
2.0739276853607893	8.	8.77758876648802e-91
2.0739276853607893	8.3	8.776391735535525e-91
2.3712807226078096	0.5	73.22625476909388
2.3712807226078096	0.8	6.101166973878414e-16
2.3712807226078096	1.1	7.797725385795575e-91
2.3712807226078096	1.4	7.444446638621016e-91
2.3712807226078096	1.7	7.278994948309436e-91
2.3712807226078096	2.	7.187200377583649e-91
2.3712807226078096	2.3	7.130690867102182e-91
2.3712807226078096	2.6	7.093331449247543e-91
2.3712807226078096	2.9	7.067305264239062e-91
2.3712807226078096	3.1999999999999997	7.048430220387472e-91
2.3712807226078096	3.5	7.034296929980958e-91
2.3712807226078096	3.8	7.02343492668404e-91
2.3712807226078096	4.1	7.014904236666806e-91
2.3712807226078096	4.4	7.008080658709248e-91
2.3712807226078096	4.7	7.002536226656006e-91
2.3712807226078096	5.	6.997969424617774e-91
2.3712807226078096	5.3	6.994162781016985e-91
2.3712807226078096	5.6	6.990956199676865e-91
2.3712807226078096	5.8999999999999995	6.988229681016079e-91
2.3712807226078096	6.2	6.985891831272848e-91
2.3712807226078096	6.5	6.983872042693945e-91
2.3712807226078096	6.8	6.982115061537045e-91
2.3712807226078096	7.1	6.980577144650039e-91
2.3712807226078096	7.3999999999999995	6.979223294516369e-91
2.3712807226078096	7.699999999999999	6.978025239968011e-91
2.3712807226078096	8.	6.976959941095937e-91
2.3712807226078096	8.3	6.976008468291048e-91
2.7112672756635794	0.5	7.308259407822608
2.7112672756635794	0.8	1.8047502167594418e-47
2.7112672756635794	1.1	4.671368406123032e-91
2.7112672756635794	1.4	4.459730383949007e-91
2.7112672756635794	1.7	4.3606135568459307e-91
2.7112672756635794	2.	4.3056223592432057e-91
2.7112672756635794	2.3	4.2717693150734965e-91
2.7112672756635794	2.6	4.249388480201418e-91
2.7112672756635794	2.9	4.2337970234155704e-91
2.7112672756635794	3.1999999999999997	4.2224895870607184e-91
2.7112672756635794	3.5	4.214022783856823e-91
2.7112672756635794	3.8	4.2075157043537597e-91
2.7112672756635794	4.1	4.202405240230269e-91
2.7112672756635794	4.4	4.1983174524574764e-91
2.7112672756635794	4.7	4.194995960170688e-91
2.7112672756635794	5.	4.1922601348238154e-91
2.7112672756635794	5.3	4.1899796961355683e-91
2.7112672756635794	5.6	4.1880587355960764e-91
2.7112672756635794	5.8999999999999995	4.186425365286075e-91
2.7112672756635794	6.2	4.185024834119808e-91
2.7112672756635794	6.5	4.18381484324584e-91
2.7112672756635794	6.8	4.1827622919106194e-91
2.7112672756635794	7.1	4.18184097498783e-91
2.7112672756635794	7.3999999999999995	4.1810299265822813e-91
2.7112672756635794	7.699999999999999	4.180312210339516e-91
2.7112672756635794	8.	4.179674023785377e-91
2.7112672756635794	8.3	4.1791040267952116e-91
3.0999999999999996	0.5	0.7319557809783359
3.0999999999999996	0.8	5.292935321348653e-92
3.0999999999999996	1.1	4.656140299396605e-92
3.0999999999999996	1.4	4.445192192063126e-92
3.0999999999999996	1.7	4.346398474055776e-92
3.0999999999999996	2.	4.291586541232299e-92
3.0999999999999996	2.3	4.257843853969776e-92
3.0999999999999996	2.6	4.2355359779637995e-92
3.0999999999999996	2.9	4.219995347477083e-92
3.0999999999999996	3.1999999999999997	4.208724772023073e-92
3.0999999999999996	3.5	4.200285569593e-92
3.0999999999999996	3.8	4.193799702397024e-92
3.0999999999999996	4.1	4.188705897780198e-92
3.0999999999999996	4.4	4.184631435710512e-92
3.0999999999999996	4.7	4.181320771094468e-92
3.0999999999999996	5.	4.1785938642136104e-92
3.0999999999999996	5.3	4.176320859484903e-92
3.0999999999999996	5.6	4.17440616104884e-92
3.0999999999999996	5.8999999999999995	4.1727781153322435e-92
3.0999999999999996	6.2	4.171382149731399e-92
3.0999999999999996	6.5	4.170176103284109e-92
3.0999999999999996	6.8	4.169126983141352e-92
3.0999999999999996	7.1	4.1682086696024124e-92
3.0999999999999996	7.3999999999999995	4.167400265118432e-92
3.0999999999999996	7.699999999999999	4.166684888545457e-92
3.0999999999999996	8.	4.166048782403762e-92
3.0999999999999996	8.3	4.165480643536151e-92