0.00001	9.5	0.
0.00001	15.519842857142857	0.
0.00001	21.539685714285714	0.
0.00001	27.559528571428572	0.
0.00001	33.57937142857143	0.
0.00001	39.59921428571428	0.
0.00001	45.619057142857145	0.
0.00001	51.6389	0.
0.00001	52.155288999999996	9.467718497946375e-21
0.00001	54.69099192924731	5.720999363524353e-10
0.00001	57.34997649433011	0.000022607323168014124
0.00001	60.13823644221262	0.00020816223474733427
0.00001	63.06205692581279	0.0000975129167382758
0.00001	66.12802867167241	0.000059829743490882995
0.00001	69.34306283643583	0.00006348625854876276
0.00001	72.71440658562548	0.00025035056786996507
0.00001	76.24965942983177	0.0002742755608853512
0.00001	79.9567903551409	0.00016596115323780515
0.00001	83.84415578641561	0.00005372986055833485
0.00001	87.92051842392074	0.0002778956105785791
0.00001	92.19506699575352	0.00020047204874879898
0.00001	96.67743697060469	0.00033873240704857546
0.00001	101.37773227753867	0.0004198137554942195
0.00001	106.30654808175375	0.00034830343905719756
0.00001	111.47499466766135	0.0005137264444983353
0.00001	116.89472248312052	0.00034814428317067223
0.00001	122.57794840128197	0.000405618200991237
0.00001	128.53748325923775	0.00011166246533623399
0.00001	134.7867607355552	0.00008390389809958582
0.00001	141.33986763178766	0.0002257933468678742
0.00001	148.21157562622236	0.00017783373190624862
0.00001	155.417374571441	0.0006476997267918901
0.00001	162.97350741075343	0.0003107405031951439
0.00001	170.8970067922094	0.0005507726687368782
0.00001	179.2057334627222	0.0006278831307989642
0.00001	187.91841652885074	0.0007210403775202556
0.00001	197.05469567499281	0.00044895440840374105
0.00001	206.63516543415795	0.0007650198938343022
0.00001	216.68142161110865	0.0006778099784107424
0.00001	227.2161099625194	0.0006699229894980866
0.00001	238.26297724388235	0.000561267705742505
0.00001	249.84692473822946	0.0005369802996871732
0.00001	261.99406438732933	0.00031306802140677946
0.00001	274.73177765189126	0.00035373706400785134
0.00001	288.08877723345284	0.0002801738531227078
0.00001	302.09517179708274	0.00019946035513518733
0.00001	316.7825338407929	0.00012578250744991763
0.00001	332.18397086464813	0.00013965053102701344
0.00001	348.33419999999995	0.000026473862958584303
0.00001	356.07496000000003	0.00002259672767335781
0.00001	367.6861	1.074625567255869e-6
0.00001	383.16762	1.5209275432916038e-10
0.00001	400.	0.
0.00003	9.5	0.
0.00003	15.519842857142857	0.
0.00003	21.539685714285714	0.
0.00003	27.559528571428572	0.
0.00003	33.57937142857143	0.
0.00003	39.59921428571428	0.
0.00003	45.619057142857145	0.
0.00003	51.6389	0.
0.00003	52.155288999999996	2.840315549383912e-20
0.00003	54.69099192924731	1.7162998090573058e-9
0.00003	57.34997649433011	0.00006782196950404237
0.00003	60.13823644221262	0.0006244867042420028
0.00003	63.06205692581279	0.00029253875021482734
0.00003	66.12802867167241	0.00017948923047264896
0.00003	69.34306283643583	0.00019045877564628829
0.00003	72.71440658562548	0.000751051703609895
0.00003	76.24965942983177	0.0008228266826560537
0.00003	79.9567903551409	0.0004978834597134154
0.00003	83.84415578641561	0.00016118958167500455
0.00003	87.92051842392074	0.0008336868317357372
0.00003	92.19506699575352	0.000601416146246397
0.00003	96.67743697060469	0.0010161972211457262
0.00003	101.37773227753867	0.0012594412664826585
0.00003	106.30654808175375	0.0010449103171715926
0.00003	111.47499466766135	0.0015411793334950059
0.00003	116.89472248312052	0.0010444328495120166
0.00003	122.57794840128197	0.001216854602973711
0.00003	128.53748325923775	0.00033498739600870193
0.00003	134.7867607355552	0.00025171169429875743
0.00003	141.33986763178766	0.0006773800406036226
0.00003	148.21157562622236	0.0005335011957187458
0.00003	155.417374571441	0.0019430991803756701
0.00003	162.97350741075343	0.0009322215095854317
0.00003	170.8970067922094	0.0016523180062106345
0.00003	179.2057334627222	0.0018836493923968926
0.00003	187.91841652885074	0.0021631211325607667
0.00003	197.05469567499281	0.0013468632252112232
0.00003	206.63516543415795	0.0022950596815029065
0.00003	216.68142161110865	0.002033429935232227
0.00003	227.2161099625194	0.00200976896849426
0.00003	238.26297724388235	0.001683803117227515
0.00003	249.84692473822946	0.0016109408990615194
0.00003	261.99406438732933	0.0009392040642203384
0.00003	274.73177765189126	0.001061211192023554
0.00003	288.08877723345284	0.0008405215593681233
0.00003	302.09517179708274	0.000598381065405562
0.00003	316.7825338407929	0.0003773475223497528
0.00003	332.18397086464813	0.0004189515930810403
0.00003	348.33419999999995	0.0000794215888757529
0.00003	356.07496000000003	0.00006779018302007342
0.00003	367.6861	3.223876701767607e-6
0.00003	383.16762	4.562782629874811e-10
0.00003	400.	0.
0.00006	9.5	0.
0.00006	15.519842857142857	0.
0.00006	21.539685714285714	0.
0.00006	27.559528571428572	0.
0.00006	33.57937142857143	0.
0.00006	39.59921428571428	0.
0.00006	45.619057142857145	0.
0.00006	51.6389	0.
0.00006	52.155288999999996	5.680631098767824e-20
0.00006	54.69099192924731	3.4325996181146117e-9
0.00006	57.34997649433011	0.00013564393900808474
0.00006	60.13823644221262	0.0012489734084840055
0.00006	63.06205692581279	0.0005850775004296547
0.00006	66.12802867167241	0.0003589784609452979
0.00006	69.34306283643583	0.00038091755129257657
0.00006	72.71440658562548	0.00150210340721979
0.00006	76.24965942983177	0.0016456533653121073
0.00006	79.9567903551409	0.0009957669194268308
0.00006	83.84415578641561	0.0003223791633500091
0.00006	87.92051842392074	0.0016673736634714744
0.00006	92.19506699575352	0.001202832292492794
0.00006	96.67743697060469	0.0020323944422914525
0.00006	101.37773227753867	0.002518882532965317
0.00006	106.30654808175375	0.0020898206343431852
0.00006	111.47499466766135	0.0030823586669900117
0.00006	116.89472248312052	0.002088865699024033
0.00006	122.57794840128197	0.002433709205947422
0.00006	128.53748325923775	0.0006699747920174039
0.00006	134.7867607355552	0.0005034233885975149
0.00006	141.33986763178766	0.0013547600812072451
0.00006	148.21157562622236	0.0010670023914374916
0.00006	155.417374571441	0.0038861983607513403
0.00006	162.97350741075343	0.0018644430191708634
0.00006	170.8970067922094	0.003304636012421269
0.00006	179.2057334627222	0.003767298784793785
0.00006	187.91841652885074	0.004326242265121533
0.00006	197.05469567499281	0.0026937264504224463
0.00006	206.63516543415795	0.004590119363005813
0.00006	216.68142161110865	0.004066859870464454
0.00006	227.2161099625194	0.00401953793698852
0.00006	238.26297724388235	0.00336760623445503
0.00006	249.84692473822946	0.003221881798123039
0.00006	261.99406438732933	0.0018784081284406767
0.00006	274.73177765189126	0.002122422384047108
0.00006	288.08877723345284	0.0016810431187362466
0.00006	302.09517179708274	0.001196762130811124
0.00006	316.7825338407929	0.0007546950446995056
0.00006	332.18397086464813	0.0008379031861620806
0.00006	348.33419999999995	0.0001588431777515058
0.00006	356.07496000000003	0.00013558036604014684
0.00006	367.6861	6.447753403535214e-6
0.00006	383.16762	9.125565259749622e-10
0.00006	400.	0.
0.0001	9.5	0.
0.0001	15.519842857142857	0.
0.0001	21.539685714285714	0.
0.0001	27.559528571428572	0.
0.0001	33.57937142857143	0.
0.0001	39.59921428571428	0.
0.0001	45.619057142857145	0.
0.0001	51.6389	0.
0.0001	52.155288999999996	9.467718497946375e-20
0.0001	54.69099192924731	5.720999363524353e-9
0.0001	57.34997649433011	0.00022607323168014122
0.0001	60.13823644221262	0.0020816223474733426
0.0001	63.06205692581279	0.0009751291673827579
0.0001	66.12802867167241	0.0005982974349088299
0.0001	69.34306283643583	0.0006348625854876276
0.0001	72.71440658562548	0.0025035056786996504
0.0001	76.24965942983177	0.0027427556088535122
0.0001	79.9567903551409	0.0016596115323780514
0.0001	83.84415578641561	0.0005372986055833485
0.0001	87.92051842392074	0.0027789561057857907
0.0001	92.19506699575352	0.00200472048748799
0.0001	96.67743697060469	0.0033873240704857545
0.0001	101.37773227753867	0.004198137554942195
0.0001	106.30654808175375	0.0034830343905719752
0.0001	111.47499466766135	0.005137264444983353
0.0001	116.89472248312052	0.003481442831706722
0.0001	122.57794840128197	0.00405618200991237
0.0001	128.53748325923775	0.0011166246533623398
0.0001	134.7867607355552	0.0008390389809958581
0.0001	141.33986763178766	0.002257933468678742
0.0001	148.21157562622236	0.0017783373190624861
0.0001	155.417374571441	0.006476997267918901
0.0001	162.97350741075343	0.003107405031951439
0.0001	170.8970067922094	0.005507726687368782
0.0001	179.2057334627222	0.006278831307989642
0.0001	187.91841652885074	0.007210403775202556
0.0001	197.05469567499281	0.0044895440840374105
0.0001	206.63516543415795	0.007650198938343022
0.0001	216.68142161110865	0.006778099784107424
0.0001	227.2161099625194	0.0066992298949808664
0.0001	238.26297724388235	0.00561267705742505
0.0001	249.84692473822946	0.005369802996871732
0.0001	261.99406438732933	0.0031306802140677946
0.0001	274.73177765189126	0.0035373706400785134
0.0001	288.08877723345284	0.0028017385312270777
0.0001	302.09517179708274	0.001994603551351873
0.0001	316.7825338407929	0.001257825074499176
0.0001	332.18397086464813	0.0013965053102701344
0.0001	348.33419999999995	0.000264738629585843
0.0001	356.07496000000003	0.0002259672767335781
0.0001	367.6861	0.00001074625567255869
0.0001	383.16762	1.5209275432916038e-9
0.0001	400.	0.
0.0002	9.5	0.
0.0002	15.519842857142857	0.
0.0002	21.539685714285714	0.
0.0002	27.559528571428572	0.
0.0002	33.57937142857143	0.
0.0002	39.59921428571428	0.
0.0002	45.619057142857145	0.
0.0002	51.6389	0.
0.0002	52.155288999999996	1.893543699589275e-19
0.0002	54.69099192924731	1.1441998727048706e-8
0.0002	57.34997649433011	0.00045214646336028244
0.0002	60.13823644221262	0.004163244694946685
0.0002	63.06205692581279	0.0019502583347655157
0.0002	66.12802867167241	0.0011965948698176598
0.0002	69.34306283643583	0.0012697251709752552
0.0002	72.71440658562548	0.005007011357399301
0.0002	76.24965942983177	0.0054855112177070245
0.0002	79.9567903551409	0.003319223064756103
0.0002	83.84415578641561	0.001074597211166697
0.0002	87.92051842392074	0.005557912211571581
0.0002	92.19506699575352	0.00400944097497598
0.0002	96.67743697060469	0.006774648140971509
0.0002	101.37773227753867	0.00839627510988439
0.0002	106.30654808175375	0.0069660687811439505
0.0002	111.47499466766135	0.010274528889966706
0.0002	116.89472248312052	0.006962885663413444
0.0002	122.57794840128197	0.00811236401982474
0.0002	128.53748325923775	0.0022332493067246796
0.0002	134.7867607355552	0.0016780779619917161
0.0002	141.33986763178766	0.004515866937357484
0.0002	148.21157562622236	0.0035566746381249723
0.0002	155.417374571441	0.012953994535837801
0.0002	162.97350741075343	0.006214810063902878
0.0002	170.8970067922094	0.011015453374737564
0.0002	179.2057334627222	0.012557662615979284
0.0002	187.91841652885074	0.014420807550405111
0.0002	197.05469567499281	0.008979088168074821
0.0002	206.63516543415795	0.015300397876686044
0.0002	216.68142161110865	0.013556199568214848
0.0002	227.2161099625194	0.013398459789961733
0.0002	238.26297724388235	0.0112253541148501
0.0002	249.84692473822946	0.010739605993743464
0.0002	261.99406438732933	0.006261360428135589
0.0002	274.73177765189126	0.007074741280157027
0.0002	288.08877723345284	0.0056034770624541555
0.0002	302.09517179708274	0.003989207102703746
0.0002	316.7825338407929	0.002515650148998352
0.0002	332.18397086464813	0.0027930106205402688
0.0002	348.33419999999995	0.000529477259171686
0.0002	356.07496000000003	0.0004519345534671562
0.0002	367.6861	0.00002149251134511738
0.0002	383.16762	3.0418550865832076e-9
0.0002	400.	0.
0.0004	9.5	0.
0.0004	15.519842857142857	0.
0.0004	21.539685714285714	0.
0.0004	27.559528571428572	0.
0.0004	33.57937142857143	0.
0.0004	39.59921428571428	0.
0.0004	45.619057142857145	0.
0.0004	51.6389	0.
0.0004	52.155288999999996	3.78708739917855e-19
0.0004	54.69099192924731	2.288399745409741e-8
0.0004	57.34997649433011	0.0009042929267205649
0.0004	60.13823644221262	0.00832648938989337
0.0004	63.06205692581279	0.0039005166695310315
0.0004	66.12802867167241	0.0023931897396353196
0.0004	69.34306283643583	0.0025394503419505104
0.0004	72.71440658562548	0.010014022714798601
0.0004	76.24965942983177	0.010971022435414049
0.0004	79.9567903551409	0.006638446129512206
0.0004	83.84415578641561	0.002149194422333394
0.0004	87.92051842392074	0.011115824423143163
0.0004	92.19506699575352	0.00801888194995196
0.0004	96.67743697060469	0.013549296281943018
0.0004	101.37773227753867	0.01679255021976878
0.0004	106.30654808175375	0.013932137562287901
0.0004	111.47499466766135	0.020549057779933412
0.0004	116.89472248312052	0.013925771326826888
0.0004	122.57794840128197	0.01622472803964948
0.0004	128.53748325923775	0.004466498613449359
0.0004	134.7867607355552	0.0033561559239834323
0.0004	141.33986763178766	0.009031733874714967
0.0004	148.21157562622236	0.0071133492762499445
0.0004	155.417374571441	0.025907989071675602
0.0004	162.97350741075343	0.012429620127805756
0.0004	170.8970067922094	0.022030906749475127
0.0004	179.2057334627222	0.025115325231958568
0.0004	187.91841652885074	0.028841615100810222
0.0004	197.05469567499281	0.017958176336149642
0.0004	206.63516543415795	0.030600795753372087
0.0004	216.68142161110865	0.027112399136429696
0.0004	227.2161099625194	0.026796919579923466
0.0004	238.26297724388235	0.0224507082297002
0.0004	249.84692473822946	0.021479211987486927
0.0004	261.99406438732933	0.012522720856271178
0.0004	274.73177765189126	0.014149482560314054
0.0004	288.08877723345284	0.011206954124908311
0.0004	302.09517179708274	0.007978414205407493
0.0004	316.7825338407929	0.005031300297996704
0.0004	332.18397086464813	0.0055860212410805375
0.0004	348.33419999999995	0.001058954518343372
0.0004	356.07496000000003	0.0009038691069343124
0.0004	367.6861	0.00004298502269023476
0.0004	383.16762	6.083710173166415e-9
0.0004	400.	0.
0.0006	9.5	0.
0.0006	15.519842857142857	0.
0.0006	21.539685714285714	0.
0.0006	27.559528571428572	0.
0.0006	33.57937142857143	0.
0.0006	39.59921428571428	0.
0.0006	45.619057142857145	0.
0.0006	51.6389	0.
0.0006	52.155288999999996	1.225485248025165e-16
0.0006	54.69099192924731	0.
0.0006	57.34997649433011	0.
0.0006	60.13823644221262	1.8474569413535856e-18
0.0006	63.06205692581279	2.854357512470764e-6
0.0006	66.12802867167241	0.005239745599336158
0.0006	69.34306283643583	0.0011522715616787997
0.0006	72.71440658562548	0.0063189749901322355
0.0006	76.24965942983177	0.00852985197221942
0.0006	79.9567903551409	0.00415041461106278
0.0006	83.84415578641561	0.019317071987045346
0.0006	87.92051842392074	0.01598999101942982
0.0006	92.19506699575352	0.02406850740117223
0.0006	96.67743697060469	0.016012317797278436
0.0006	101.37773227753867	0.020629806065426946
0.0006	106.30654808175375	0.024591045232087588
0.0006	111.47499466766135	0.019270684202712128
0.0006	116.89472248312052	0.008740282107118502
0.0006	122.57794840128197	0.022714085082361002
0.0006	128.53748325923775	0.017687563817507638
0.0006	134.7867607355552	0.01730137298057863
0.0006	141.33986763178766	0.012894338028186802
0.0006	148.21157562622236	0.009589707196584911
0.0006	155.417374571441	0.026691403392341127
0.0006	162.97350741075343	0.018186321842962178
0.0006	170.8970067922094	0.029354309265051604
0.0006	179.2057334627222	0.03439580034239448
0.0006	187.91841652885074	0.036717877991204344
0.0006	197.05469567499281	0.02845856366702599
0.0006	206.63516543415795	0.02917528820736452
0.0006	216.68142161110865	0.036085812267688096
0.0006	227.2161099625194	0.03272516748094639
0.0006	238.26297724388235	0.02877364586832549
0.0006	249.84692473822946	0.028087362867383128
0.0006	261.99406438732933	0.026212948741650307
0.0006	274.73177765189126	0.01640612211869416
0.0006	288.08877723345284	0.015405763997936408
0.0006	302.09517179708274	0.010207172983126395
0.0006	316.7825338407929	0.004154504200044118
0.0006	332.18397086464813	0.003108578375809891
0.0006	348.33419999999995	0.0023333694805154877
0.0006	356.07496000000003	0.0007850986839218288
0.0006	367.6861	0.0005582398540469163
0.0006	383.16762	0.00017208075543325075
0.0006	400.	0.
0.0008	9.5	0.
0.0008	15.519842857142857	0.
0.0008	21.539685714285714	0.
0.0008	27.559528571428572	0.
0.0008	33.57937142857143	0.
0.0008	39.59921428571428	0.
0.0008	45.619057142857145	0.
0.0008	51.6389	8.495894494448013e-7
0.0008	52.155288999999996	7.545086748936491e-7
0.0008	54.69099192924731	2.277665202485918e-7
0.0008	57.34997649433011	0.0009898763077410841
0.0008	60.13823644221262	0.0008660152080678614
0.0008	63.06205692581279	9.94885356515535e-6
0.0008	66.12802867167241	0.004179038918359851
0.0008	69.34306283643583	0.009673944171997488
0.0008	72.71440658562548	0.009160106067498898
0.0008	76.24965942983177	0.005239329515385012
0.0008	79.9567903551409	0.006697648991716316
0.0008	83.84415578641561	0.02444977301951947
0.0008	87.92051842392074	0.02367478912691664
0.0008	92.19506699575352	0.02889900120124248
0.0008	96.67743697060469	0.0261241607666679
0.0008	101.37773227753867	0.02714579639548616
0.0008	106.30654808175375	0.024359243235385495
0.0008	111.47499466766135	0.02457958656410801
0.0008	116.89472248312052	0.019369098154090172
0.0008	122.57794840128197	0.02028513623095053
0.0008	128.53748325923775	0.016992747052394133
0.0008	134.7867607355552	0.017582114589370524
0.0008	141.33986763178766	0.010707938516689944
0.0008	148.21157562622236	0.021456206342490142
0.0008	155.417374571441	0.02410605602592487
0.0008	162.97350741075343	0.03793288557996479
0.0008	170.8970067922094	0.03502741925148103
0.0008	179.2057334627222	0.03720399089130163
0.0008	187.91841652885074	0.030929486477086314
0.0008	197.05469567499281	0.043506721665805784
0.0008	206.63516543415795	0.05121200638955148
0.0008	216.68142161110865	0.04022934328029808
0.0008	227.2161099625194	0.048046834709308206
0.0008	238.26297724388235	0.03648824466044837
0.0008	249.84692473822946	0.02800483557679615
0.0008	261.99406438732933	0.0322288617376929
0.0008	274.73177765189126	0.021008450155277966
0.0008	288.08877723345284	0.018416257688446576
0.0008	302.09517179708274	0.012987380436628353
0.0008	316.7825338407929	0.008345385482788036
0.0008	332.18397086464813	0.005525575498250548
0.0008	348.33419999999995	0.0070130504316236585
0.0008	356.07496000000003	0.004975743076953127
0.0008	367.6861	0.0011049273639734273
0.0008	383.16762	0.000019843706650541264
0.0008	400.	0.
0.001	9.5	0.
0.001	15.519842857142857	0.
0.001	21.539685714285714	0.
0.001	27.559528571428572	0.
0.001	33.57937142857143	0.
0.001	39.59921428571428	0.
0.001	45.619057142857145	0.
0.001	51.6389	0.008248301823393336
0.001	52.155288999999996	0.007325203144076167
0.001	54.69099192924731	0.000025360166531309153
0.001	57.34997649433011	0.00002759162383740693
0.001	60.13823644221262	0.005103642756575547
0.001	63.06205692581279	0.005094160038347343
0.001	66.12802867167241	0.0031758497034894222
0.001	69.34306283643583	0.007128148818906591
0.001	72.71440658562548	0.007369385685958791
0.001	76.24965942983177	0.013060241536682069
0.001	79.9567903551409	0.01602229039859505
0.001	83.84415578641561	0.023549203315074495
0.001	87.92051842392074	0.03214474891387973
0.001	92.19506699575352	0.03440757546842653
0.001	96.67743697060469	0.030628500327557588
0.001	101.37773227753867	0.029236616310660452
0.001	106.30654808175375	0.02089884492486433
0.001	111.47499466766135	0.02653702559707887
0.001	116.89472248312052	0.024574125442640843
0.001	122.57794840128197	0.017008087322934726
0.001	128.53748325923775	0.01798601718879843
0.001	134.7867607355552	0.01111447198143223
0.001	141.33986763178766	0.013422187942455924
0.001	148.21157562622236	0.0187600102711095
0.001	155.417374571441	0.030713756486316014
0.001	162.97350741075343	0.035653052469673215
0.001	170.8970067922094	0.041872924782298065
0.001	179.2057334627222	0.0527980741316866
0.001	187.91841652885074	0.06187492518592647
0.001	197.05469567499281	0.045472972127402055
0.001	206.63516543415795	0.046398513698310974
0.001	216.68142161110865	0.05315838937829537
0.001	227.2161099625194	0.043288481436955926
0.001	238.26297724388235	0.04620455990913115
0.001	249.84692473822946	0.04898515808018439
0.001	261.99406438732933	0.039349334477241205
0.001	274.73177765189126	0.031219243297342446
0.001	288.08877723345284	0.02251968533660276
0.001	302.09517179708274	0.018213936622376397
0.001	316.7825338407929	0.015102213079877667
0.001	332.18397086464813	0.007018151861159891
0.001	348.33419999999995	0.004867437611568095
0.001	356.07496000000003	0.002660299104145903
0.001	367.6861	0.0013793597022845065
0.001	383.16762	0.000037539104800379374
0.001	400.	0.
0.002	9.5	0.
0.002	15.519842857142857	0.
0.002	21.539685714285714	0.
0.002	27.559528571428572	0.
0.002	33.57937142857143	0.
0.002	39.59921428571428	0.
0.002	45.619057142857145	0.
0.002	51.6389	0.000028718135839683233
0.002	52.155288999999996	0.00005245409734388605
0.002	54.69099192924731	0.0005265907837951136
0.002	57.34997649433011	0.001232077958154669
0.002	60.13823644221262	0.007047607342816924
0.002	63.06205692581279	0.0061730078850551415
0.002	66.12802867167241	0.01241857217736339
0.002	69.34306283643583	0.01906319155298351
0.002	72.71440658562548	0.018998649943037377
0.002	76.24965942983177	0.025245508944866983
0.002	79.9567903551409	0.023315368779849417
0.002	83.84415578641561	0.04680162853295828
0.002	87.92051842392074	0.045358654102025144
0.002	92.19506699575352	0.05993289582776602
0.002	96.67743697060469	0.05619167663597064
0.002	101.37773227753867	0.059920356862749276
0.002	106.30654808175375	0.06789114116327091
0.002	111.47499466766135	0.05783567927335171
0.002	116.89472248312052	0.05183100744505905
0.002	122.57794840128197	0.0438884333615117
0.002	128.53748325923775	0.034766905354682326
0.002	134.7867607355552	0.03194065392820674
0.002	141.33986763178766	0.03278765426990141
0.002	148.21157562622236	0.03950165734904296
0.002	155.417374571441	0.05973312809540645
0.002	162.97350741075343	0.07604635966005875
0.002	170.8970067922094	0.09477315020809983
0.002	179.2057334627222	0.09948418622509868
0.002	187.91841652885074	0.11830280062672764
0.002	197.05469567499281	0.11189529403223676
0.002	206.63516543415795	0.11971450187308798
0.002	216.68142161110865	0.1257138595800121
0.002	227.2161099625194	0.11019754850676579
0.002	238.26297724388235	0.09951345623991148
0.002	249.84692473822946	0.08408085716460907
0.002	261.99406438732933	0.0704673515267576
0.002	274.73177765189126	0.06679077977720096
0.002	288.08877723345284	0.05327226342849449
0.002	302.09517179708274	0.03814276649046594
0.002	316.7825338407929	0.02239965306341838
0.002	332.18397086464813	0.015062376699032144
0.002	348.33419999999995	0.007754750970163781
0.002	356.07496000000003	0.0051486170697107175
0.002	367.6861	0.0015042954262607588
0.002	383.16762	0.00009320167580267667
0.002	400.	0.
0.003	9.5	0.
0.003	15.519842857142857	0.
0.003	21.539685714285714	0.
0.003	27.559528571428572	0.
0.003	33.57937142857143	0.
0.003	39.59921428571428	0.
0.003	45.619057142857145	0.
0.003	51.6389	0.0009101466262971559
0.003	52.155288999999996	0.0011617619893523052
0.003	54.69099192924731	0.0022016575854831694
0.003	57.34997649433011	0.0056490302580488845
0.003	60.13823644221262	0.004450751094182297
0.003	63.06205692581279	0.01086209106930953
0.003	66.12802867167241	0.016383752790376387
0.003	69.34306283643583	0.021717164633642625
0.003	72.71440658562548	0.030017900279972927
0.003	76.24965942983177	0.038881380026739125
0.003	79.9567903551409	0.04682414259730134
0.003	83.84415578641561	0.05591919815622579
0.003	87.92051842392074	0.06756160118818277
0.003	92.19506699575352	0.08080890374495132
0.003	96.67743697060469	0.08396957168746685
0.003	101.37773227753867	0.09319017877008236
0.003	106.30654808175375	0.09283999272522776
0.003	111.47499466766135	0.09071614089958306
0.003	116.89472248312052	0.08813701603190159
0.003	122.57794840128197	0.0650354999949198
0.003	128.53748325923775	0.05069563533448981
0.003	134.7867607355552	0.04175468193369899
0.003	141.33986763178766	0.04545173375145834
0.003	148.21157562622236	0.06425908848489796
0.003	155.417374571441	0.079330459635687
0.003	162.97350741075343	0.106497870613453
0.003	170.8970067922094	0.1387329321493001
0.003	179.2057334627222	0.14955647841884254
0.003	187.91841652885074	0.1645682430129409
0.003	197.05469567499281	0.16571507407511651
0.003	206.63516543415795	0.16039786213087437
0.003	216.68142161110865	0.16155761344750907
0.003	227.2161099625194	0.15738697857313574
0.003	238.26297724388235	0.13107838730621435
0.003	249.84692473822946	0.12111601011220512
0.003	261.99406438732933	0.10549397413661672
0.003	274.73177765189126	0.08203801871625645
0.003	288.08877723345284	0.06636830860717824
0.003	302.09517179708274	0.052389867664931734
0.003	316.7825338407929	0.03152364523319159
0.003	332.18397086464813	0.01890764622652575
0.003	348.33419999999995	0.010322808134724458
0.003	356.07496000000003	0.007195149557472035
0.003	367.6861	0.0035712215133717152
0.003	383.16762	0.00048625328678740813
0.003	400.	0.
0.004	9.5	0.
0.004	15.519842857142857	0.
0.004	21.539685714285714	0.
0.004	27.559528571428572	0.
0.004	33.57937142857143	0.
0.004	39.59921428571428	0.
0.004	45.619057142857145	0.
0.004	51.6389	0.0021930404563760765
0.004	52.155288999999996	0.0019197678941056966
0.004	54.69099192924731	0.0020204608673388635
0.004	57.34997649433011	0.004697917981204418
0.004	60.13823644221262	0.017206638187430536
0.004	63.06205692581279	0.017848842905547693
0.004	66.12802867167241	0.02427528080464662
0.004	69.34306283643583	0.026192212439780774
0.004	72.71440658562548	0.042405033427067536
0.004	76.24965942983177	0.04461861123757593
0.004	79.9567903551409	0.06247824056434822
0.004	83.84415578641561	0.07129706483861398
0.004	87.92051842392074	0.09075685691593191
0.004	92.19506699575352	0.09500809683266537
0.004	96.67743697060469	0.11767869721261331
0.004	101.37773227753867	0.12984187973879852
0.004	106.30654808175375	0.12419858630509897
0.004	111.47499466766135	0.12377342750828756
0.004	116.89472248312052	0.10508591806939682
0.004	122.57794840128197	0.08550219437937909
0.004	128.53748325923775	0.06828813638215912
0.004	134.7867607355552	0.06830267446036281
0.004	141.33986763178766	0.06557754989794462
0.004	148.21157562622236	0.0801269484610811
0.004	155.417374571441	0.11076287753736931
0.004	162.97350741075343	0.1362630131022183
0.004	170.8970067922094	0.1750406420634875
0.004	179.2057334627222	0.19308662974238097
0.004	187.91841652885074	0.21291706668725416
0.004	197.05469567499281	0.2080768666500472
0.004	206.63516543415795	0.20919094292850116
0.004	216.68142161110865	0.1944802437521982
0.004	227.2161099625194	0.18866022590635584
0.004	238.26297724388235	0.17343288571891882
0.004	249.84692473822946	0.15201957956634543
0.004	261.99406438732933	0.12881582674018952
0.004	274.73177765189126	0.10948842934657241
0.004	288.08877723345284	0.07719787168996801
0.004	302.09517179708274	0.05759481682401611
0.004	316.7825338407929	0.039878288755217366
0.004	332.18397086464813	0.025706650903386554
0.004	348.33419999999995	0.01370297434578982
0.004	356.07496000000003	0.01016492846857672
0.004	367.6861	0.005159081282217975
0.004	383.16762	0.000823857364699174
0.004	400.	0.
0.005	9.5	0.
0.005	15.519842857142857	0.
0.005	21.539685714285714	0.
0.005	27.559528571428572	0.
0.005	33.57937142857143	0.
0.005	39.59921428571428	0.
0.005	45.619057142857145	0.
0.005	51.6389	0.0016713482784040197
0.005	52.155288999999996	0.0015463664578823086
0.005	54.69099192924731	0.0023538505971026076
0.005	57.34997649433011	0.006523312355681221
0.005	60.13823644221262	0.009219919588749589
0.005	63.06205692581279	0.014934386192730988
0.005	66.12802867167241	0.03344012157565921
0.005	69.34306283643583	0.037374230976355394
0.005	72.71440658562548	0.049891359374681817
0.005	76.24965942983177	0.07380055992167166
0.005	79.9567903551409	0.08621187399202769
0.005	83.84415578641561	0.09478502833937248
0.005	87.92051842392074	0.101449912222445
0.005	92.19506699575352	0.12688043335180213
0.005	96.67743697060469	0.14449277942088629
0.005	101.37773227753867	0.14840135102181948
0.005	106.30654808175375	0.1499078994203558
0.005	111.47499466766135	0.14377154163362735
0.005	116.89472248312052	0.12943217425651726
0.005	122.57794840128197	0.10483818629628076
0.005	128.53748325923775	0.0911634790673699
0.005	134.7867607355552	0.07951544973842703
0.005	141.33986763178766	0.08437086276747206
0.005	148.21157562622236	0.09893679747659724
0.005	155.417374571441	0.12452031696642092
0.005	162.97350741075343	0.16423571629179307
0.005	170.8970067922094	0.2044362833333695
0.005	179.2057334627222	0.23417989983991852
0.005	187.91841652885074	0.24413927947435649
0.005	197.05469567499281	0.25503875024797207
0.005	206.63516543415795	0.23908997519700514
0.005	216.68142161110865	0.23205038491777097
0.005	227.2161099625194	0.2159109462953004
0.005	238.26297724388235	0.18938594527519154
0.005	249.84692473822946	0.1677866737748333
0.005	261.99406438732933	0.14188802975612652
0.005	274.73177765189126	0.11504694327778363
0.005	288.08877723345284	0.09037222659881018
0.005	302.09517179708274	0.06429785400273533
0.005	316.7825338407929	0.040149751184647524
0.005	332.18397086464813	0.02430505333919578
0.005	348.33419999999995	0.014495728998668304
0.005	356.07496000000003	0.009662875418149856
0.005	367.6861	0.004357748580307342
0.005	383.16762	0.0010044239129762776
0.005	400.	0.
0.006	9.5	0.
0.006	15.519842857142857	0.
0.006	21.539685714285714	0.
0.006	27.559528571428572	0.
0.006	33.57937142857143	0.
0.006	39.59921428571428	0.
0.006	45.619057142857145	0.
0.006	51.6389	0.0013921833560547148
0.006	52.155288999999996	0.001442786750091812
0.006	54.69099192924731	0.0023362979379562576
0.006	57.34997649433011	0.007149155909366212
0.006	60.13823644221262	0.01423792752442383
0.006	63.06205692581279	0.021437469604394497
0.006	66.12802867167241	0.03513452154468122
0.006	69.34306283643583	0.052065003748045444
0.006	72.71440658562548	0.058679583485559905
0.006	76.24965942983177	0.07305639974583224
0.006	79.9567903551409	0.1018799477692049
0.006	83.84415578641561	0.10753347502683705
0.006	87.92051842392074	0.12725738285528307
0.006	92.19506699575352	0.14488560831103042
0.006	96.67743697060469	0.16332980002635233
0.006	101.37773227753867	0.17274109914797595
0.006	106.30654808175375	0.17110736943111376
0.006	111.47499466766135	0.172798384829723
0.006	116.89472248312052	0.14653301685531137
0.006	122.57794840128197	0.1263286953070923
0.006	128.53748325923775	0.11029404270203769
0.006	134.7867607355552	0.09055180962179536
0.006	141.33986763178766	0.09826644345086304
0.006	148.21157562622236	0.10678954962514575
0.006	155.417374571441	0.1468985311215955
0.006	162.97350741075343	0.19285263399962577
0.006	170.8970067922094	0.23759546733625925
0.006	179.2057334627222	0.2673788958673135
0.006	187.91841652885074	0.26308392227617977
0.006	197.05469567499281	0.2820703894594655
0.006	206.63516543415795	0.2739215385577902
0.006	216.68142161110865	0.25573582104007864
0.006	227.2161099625194	0.23521312607435838
0.006	238.26297724388235	0.20703831750395013
0.006	249.84692473822946	0.18628584378008037
0.006	261.99406438732933	0.15398679551474168
0.006	274.73177765189126	0.12046448258209366
0.006	288.08877723345284	0.0945044772537132
0.006	302.09517179708274	0.06626073374423283
0.006	316.7825338407929	0.04157685875502375
0.006	332.18397086464813	0.02464348448796917
0.006	348.33419999999995	0.011356734343788293
0.006	356.07496000000003	0.0070494805696143525
0.006	367.6861	0.0030123945693544506
0.006	383.16762	0.0005035422451165128
0.006	400.	0.
0.007	9.5	0.
0.007	15.519842857142857	0.
0.007	21.539685714285714	0.
0.007	27.559528571428572	0.
0.007	33.57937142857143	0.
0.007	39.59921428571428	0.
0.007	45.619057142857145	0.
0.007	51.6389	0.004213019312695549
0.007	52.155288999999996	0.004178857440826869
0.007	54.69099192924731	0.004343088773375151
0.007	57.34997649433011	0.006047443751379125
0.007	60.13823644221262	0.02089619053096992
0.007	63.06205692581279	0.026143756430628388
0.007	66.12802867167241	0.03872419618389677
0.007	69.34306283643583	0.05667848482930529
0.007	72.71440658562548	0.06138117268925965
0.007	76.24965942983177	0.08336983370875359
0.007	79.9567903551409	0.1116277105191983
0.007	83.84415578641561	0.12286827946646704
0.007	87.92051842392074	0.14693573770758386
0.007	92.19506699575352	0.16086668108615942
0.007	96.67743697060469	0.18434934575033757
0.007	101.37773227753867	0.18971115127147625
0.007	106.30654808175375	0.20497684738016053
0.007	111.47499466766135	0.2047717460909362
0.007	116.89472248312052	0.1688221061396039
0.007	122.57794840128197	0.14223590451548862
0.007	128.53748325923775	0.1190524141674737
0.007	134.7867607355552	0.1001914593920544
0.007	141.33986763178766	0.11069045053337759
0.007	148.21157562622236	0.12636984435566914
0.007	155.417374571441	0.16549739948913275
0.007	162.97350741075343	0.21034577002385316
0.007	170.8970067922094	0.24716388458613983
0.007	179.2057334627222	0.29187491616872163
0.007	187.91841652885074	0.2922254042485491
0.007	197.05469567499281	0.2970817523287653
0.007	206.63516543415795	0.2821253846410474
0.007	216.68142161110865	0.2783337372361528
0.007	227.2161099625194	0.23876271926645765
0.007	238.26297724388235	0.2131227934009408
0.007	249.84692473822946	0.17596552224312847
0.007	261.99406438732933	0.14415202732108487
0.007	274.73177765189126	0.1192405951662934
0.007	288.08877723345284	0.08910052654669644
0.007	302.09517179708274	0.05664918986936719
0.007	316.7825338407929	0.03697879733455649
0.007	332.18397086464813	0.020547292512121073
0.007	348.33419999999995	0.009872793746756254
0.007	356.07496000000003	0.006565364055264291
0.007	367.6861	0.0029186147606206623
0.007	383.16762	0.0008432706586020012
0.007	400.	0.
0.008	9.5	0.
0.008	15.519842857142857	0.
0.008	21.539685714285714	0.
0.008	27.559528571428572	0.
0.008	33.57937142857143	0.
0.008	39.59921428571428	0.
0.008	45.619057142857145	0.
0.008	51.6389	0.0033462183069252523
0.008	52.155288999999996	0.0030214521097166533
0.008	54.69099192924731	0.006727501315317007
0.008	57.34997649433011	0.01026682975546024
0.008	60.13823644221262	0.01734280604594861
0.008	63.06205692581279	0.02386534231898898
0.008	66.12802867167241	0.03771749056703167
0.008	69.34306283643583	0.05285963661402196
0.008	72.71440658562548	0.07583095512927615
0.008	76.24965942983177	0.1056091091315529
0.008	79.9567903551409	0.12947480888372678
0.008	83.84415578641561	0.14778179662146915
0.008	87.92051842392074	0.16471255385580733
0.008	92.19506699575352	0.1801734573216398
0.008	96.67743697060469	0.20313128069317307
0.008	101.37773227753867	0.2172522067660802
0.008	106.30654808175375	0.22337395687535283
0.008	111.47499466766135	0.22474864141865641
0.008	116.89472248312052	0.1960656373961867
0.008	122.57794840128197	0.1673808517121556
0.008	128.53748325923775	0.13651134404963627
0.008	134.7867607355552	0.11529376563288203
0.008	141.33986763178766	0.11749540339005625
0.008	148.21157562622236	0.13942660618360758
0.008	155.417374571441	0.17148514134403045
0.008	162.97350741075343	0.22857976299031169
0.008	170.8970067922094	0.2671919069852885
0.008	179.2057334627222	0.3061172900424418
0.008	187.91841652885074	0.3047276138819343
0.008	197.05469567499281	0.30229021147213503
0.008	206.63516543415795	0.28404575032707646
0.008	216.68142161110865	0.27407102571766684
0.008	227.2161099625194	0.24631769347069649
0.008	238.26297724388235	0.21092928896630544
0.008	249.84692473822946	0.1749344160210722
0.008	261.99406438732933	0.13534096529494447
0.008	274.73177765189126	0.10273753200432863
0.008	288.08877723345284	0.07850172764727412
0.008	302.09517179708274	0.05270660393642546
0.008	316.7825338407929	0.03175953850183255
0.008	332.18397086464813	0.016729422720914773
0.008	348.33419999999995	0.00750057017958048
0.008	356.07496000000003	0.004618036483706548
0.008	367.6861	0.0016271694388315945
0.008	383.16762	0.00029551022314211017
0.008	400.	0.
0.009	9.5	0.
0.009	15.519842857142857	0.
0.009	21.539685714285714	0.
0.009	27.559528571428572	0.
0.009	33.57937142857143	0.
0.009	39.59921428571428	0.
0.009	45.619057142857145	0.
0.009	51.6389	0.0038501592997495695
0.009	52.155288999999996	0.003450732707361799
0.009	54.69099192924731	0.005498153361829801
0.009	57.34997649433011	0.010588272447005033
0.009	60.13823644221262	0.018754452201917727
0.009	63.06205692581279	0.030290114056642014
0.009	66.12802867167241	0.0507544555936701
0.009	69.34306283643583	0.06170022600140197
0.009	72.71440658562548	0.08771769426311596
0.009	76.24965942983177	0.11608183903186961
0.009	79.9567903551409	0.12794909811518174
0.009	83.84415578641561	0.15832665929930664
0.009	87.92051842392074	0.18120025248884072
0.009	92.19506699575352	0.19919173579690044
0.009	96.67743697060469	0.21789260958307788
0.009	101.37773227753867	0.2271665275361156
0.009	106.30654808175375	0.24169836213545726
0.009	111.47499466766135	0.24929301654101224
0.009	116.89472248312052	0.21166408214912394
0.009	122.57794840128197	0.16943548719984708
0.009	128.53748325923775	0.15248574762664271
0.009	134.7867607355552	0.12428622547542172
0.009	141.33986763178766	0.12074409426160303
0.009	148.21157562622236	0.1420577311604371
0.009	155.417374571441	0.18102818708244522
0.009	162.97350741075343	0.23656274836436963
0.009	170.8970067922094	0.2708349945896692
0.009	179.2057334627222	0.3132686790429143
0.009	187.91841652885074	0.309763365081329
0.009	197.05469567499281	0.29841581848523324
0.009	206.63516543415795	0.2927702989212631
0.009	216.68142161110865	0.26762380361023325
0.009	227.2161099625194	0.23383619278040008
0.009	238.26297724388235	0.1965639780800652
0.009	249.84692473822946	0.16067431556204642
0.009	261.99406438732933	0.13000622926270566
0.009	274.73177765189126	0.09374411794088257
0.009	288.08877723345284	0.06704284733389446
0.009	302.09517179708274	0.04578263116149265
0.009	316.7825338407929	0.024522417602338666
0.009	332.18397086464813	0.01314440493999521
0.009	348.33419999999995	0.0045961690118416
0.009	356.07496000000003	0.0026807594392903684
0.009	367.6861	0.001493178214892718
0.009	383.16762	0.0001988889041153232
0.009	400.	0.
0.01	9.5	0.
0.01	15.519842857142857	0.
0.01	21.539685714285714	0.
0.01	27.559528571428572	0.
0.01	33.57937142857143	0.
0.01	39.59921428571428	0.
0.01	45.619057142857145	0.
0.01	51.6389	0.0011600000244438287
0.01	52.155288999999996	0.0013776319278162054
0.01	54.69099192924731	0.006152988965271746
0.01	57.34997649433011	0.011411951244456892
0.01	60.13823644221262	0.020896448007945725
0.01	63.06205692581279	0.03275907961798926
0.01	66.12802867167241	0.053121756324384345
0.01	69.34306283643583	0.07138199444025847
0.01	72.71440658562548	0.09873920094596264
0.01	76.24965942983177	0.12099644590941891
0.01	79.9567903551409	0.14372969349920608
0.01	83.84415578641561	0.1675817905680569
0.01	87.92051842392074	0.18986813783603093
0.01	92.19506699575352	0.2228461562633066
0.01	96.67743697060469	0.24027802081575478
0.01	101.37773227753867	0.25256805382883507
0.01	106.30654808175375	0.26572152160922535
0.01	111.47499466766135	0.2571563463743813
0.01	116.89472248312052	0.23223715107929996
0.01	122.57794840128197	0.18713385882311984
0.01	128.53748325923775	0.16184020970686516
0.01	134.7867607355552	0.134960558498126
0.01	141.33986763178766	0.1329463474135328
0.01	148.21157562622236	0.15011818482233497
0.01	155.417374571441	0.18605844588681145
0.01	162.97350741075343	0.23665191844493536
0.01	170.8970067922094	0.28500139851106776
0.01	179.2057334627222	0.3091011538521299
0.01	187.91841652885074	0.3137265525103664
0.01	197.05469567499281	0.3021630680352168
0.01	206.63516543415795	0.2801646041869344
0.01	216.68142161110865	0.2513767402640542
0.01	227.2161099625194	0.2236261510286804
0.01	238.26297724388235	0.18668643999220938
0.01	249.84692473822946	0.1443168308597189
0.01	261.99406438732933	0.11299653662092975
0.01	274.73177765189126	0.08220253041101018
0.01	288.08877723345284	0.05407255961279541
0.01	302.09517179708274	0.03527196464804193
0.01	316.7825338407929	0.017982113810124028
0.01	332.18397086464813	0.008929127365590366
0.01	348.33419999999995	0.003321802270059266
0.01	356.07496000000003	0.0018737200270304238
0.01	367.6861	0.0008077722397312292
0.01	383.16762	0.00007999864483778822
0.01	400.	0.
0.011748975549395297	9.5	0.
0.011748975549395297	15.519842857142857	0.
0.011748975549395297	21.539685714285714	0.
0.011748975549395297	27.559528571428572	0.
0.011748975549395297	33.57937142857143	0.
0.011748975549395297	39.59921428571428	0.
0.011748975549395297	45.619057142857145	0.
0.011748975549395297	51.6389	0.0016192033673071088
0.011748975549395297	52.155288999999996	0.0019178001038757024
0.011748975549395297	54.69099192924731	0.006447302829624767
0.011748975549395297	57.34997649433011	0.011740105065517896
0.011748975549395297	60.13823644221262	0.022365466536790987
0.011748975549395297	63.06205692581279	0.037624016006644036
0.011748975549395297	66.12802867167241	0.05827493868968149
0.011748975549395297	69.34306283643583	0.07706312331389283
0.011748975549395297	72.71440658562548	0.10655587770866766
0.011748975549395297	76.24965942983177	0.13240894161163452
0.011748975549395297	79.9567903551409	0.15932864272869307
0.011748975549395297	83.84415578641561	0.18571172668088967
0.011748975549395297	87.92051842392074	0.21739306882314607
0.011748975549395297	92.19506699575352	0.2501062522136214
0.011748975549395297	96.67743697060469	0.2699817706243345
0.011748975549395297	101.37773227753867	0.2800212298162354
0.011748975549395297	106.30654808175375	0.2922380310844911
0.011748975549395297	111.47499466766135	0.285856833027378
0.011748975549395297	116.89472248312052	0.2550241975664794
0.011748975549395297	122.57794840128197	0.21153783465953022
0.011748975549395297	128.53748325923775	0.17408127629632322
0.011748975549395297	134.7867607355552	0.14625127210911437
0.011748975549395297	141.33986763178766	0.13449272033897883
0.011748975549395297	148.21157562622236	0.1543791326620303
0.011748975549395297	155.417374571441	0.1931604312882861
0.011748975549395297	162.97350741075343	0.24145037276388626
0.011748975549395297	170.8970067922094	0.2863684640093217
0.011748975549395297	179.2057334627222	0.3060315628706281
0.011748975549395297	187.91841652885074	0.29820204167591396
0.011748975549395297	197.05469567499281	0.2772238250564818
0.011748975549395297	206.63516543415795	0.25184444168172915
0.011748975549395297	216.68142161110865	0.22152680878759273
0.011748975549395297	227.2161099625194	0.18365815518007497
0.011748975549395297	238.26297724388235	0.14574103451997839
0.011748975549395297	249.84692473822946	0.11474337480150733
0.011748975549395297	261.99406438732933	0.0847502806374744
0.011748975549395297	274.73177765189126	0.05723336081927054
0.011748975549395297	288.08877723345284	0.03670856876011767
0.011748975549395297	302.09517179708274	0.0192139230167613
0.011748975549395297	316.7825338407929	0.010663648926673845
0.011748975549395297	332.18397086464813	0.005117435422935885
0.011748975549395297	348.33419999999995	0.0018936102179786622
0.011748975549395297	356.07496000000003	0.0009235814610902624
0.011748975549395297	367.6861	0.00017797346997267352
0.011748975549395297	383.16762	0.00001225622919935292
0.011748975549395297	400.	0.
0.013803842646028852	9.5	0.
0.013803842646028852	15.519842857142857	0.
0.013803842646028852	21.539685714285714	0.
0.013803842646028852	27.559528571428572	0.
0.013803842646028852	33.57937142857143	0.
0.013803842646028852	39.59921428571428	0.
0.013803842646028852	45.619057142857145	0.
0.013803842646028852	51.6389	0.0029298717091442205
0.013803842646028852	52.155288999999996	0.003252093675178054
0.013803842646028852	54.69099192924731	0.007875315053037
0.013803842646028852	57.34997649433011	0.017294840296135105
0.013803842646028852	60.13823644221262	0.028452685838878073
0.013803842646028852	63.06205692581279	0.042042902460055626
0.013803842646028852	66.12802867167241	0.06280887271926068
0.013803842646028852	69.34306283643583	0.08334436360860542
0.013803842646028852	72.71440658562548	0.11951188712293694
0.013803842646028852	76.24965942983177	0.1430096077552976
0.013803842646028852	79.9567903551409	0.17112308251134925
0.013803842646028852	83.84415578641561	0.2023284040448183
0.013803842646028852	87.92051842392074	0.22849198517342872
0.013803842646028852	92.19506699575352	0.26493267969270456
0.013803842646028852	96.67743697060469	0.2968375521685584
0.013803842646028852	101.37773227753867	0.3062570287455389
0.013803842646028852	106.30654808175375	0.31380574162704683
0.013803842646028852	111.47499466766135	0.31036682060598075
0.013803842646028852	116.89472248312052	0.27739122509627856
0.013803842646028852	122.57794840128197	0.23176313998517623
0.013803842646028852	128.53748325923775	0.18658818316384418
0.013803842646028852	134.7867607355552	0.1506082286785174
0.013803842646028852	141.33986763178766	0.1422158173937913
0.013803842646028852	148.21157562622236	0.1578823412078122
0.013803842646028852	155.417374571441	0.18861805851464528
0.013803842646028852	162.97350741075343	0.23169190237396833
0.013803842646028852	170.8970067922094	0.2622880476327696
0.013803842646028852	179.2057334627222	0.2795620370847555
0.013803842646028852	187.91841652885074	0.2632602185911607
0.013803842646028852	197.05469567499281	0.2379532410524486
0.013803842646028852	206.63516543415795	0.19811147706875465
0.013803842646028852	216.68142161110865	0.17119314251277645
0.013803842646028852	227.2161099625194	0.1328931797102058
0.013803842646028852	238.26297724388235	0.10497046959756459
0.013803842646028852	249.84692473822946	0.07489669547948948
0.013803842646028852	261.99406438732933	0.051524880155454984
0.013803842646028852	274.73177765189126	0.03317527417013749
0.013803842646028852	288.08877723345284	0.018307851936910705
0.013803842646028852	302.09517179708274	0.008666990028077741
0.013803842646028852	316.7825338407929	0.004451893320692916
0.013803842646028852	332.18397086464813	0.0017857180586346567
0.013803842646028852	348.33419999999995	0.000433318152711233
0.013803842646028852	356.07496000000003	0.000229701772231248
0.013803842646028852	367.6861	0.00003011951551775925
0.013803842646028852	383.16762	5.125284482090336e-7
0.013803842646028852	400.	0.
0.0162181009735893	9.5	0.
0.0162181009735893	15.519842857142857	0.
0.0162181009735893	21.539685714285714	0.
0.0162181009735893	27.559528571428572	0.
0.0162181009735893	33.57937142857143	0.
0.0162181009735893	39.59921428571428	0.
0.0162181009735893	45.619057142857145	0.
0.0162181009735893	51.6389	0.002131051741579265
0.0162181009735893	52.155288999999996	0.002433778018395218
0.0162181009735893	54.69099192924731	0.008074733389411679
0.0162181009735893	57.34997649433011	0.01741470705133197
0.0162181009735893	60.13823644221262	0.031743961603245545
0.0162181009735893	63.06205692581279	0.04849184482483078
0.0162181009735893	66.12802867167241	0.061370884053450585
0.0162181009735893	69.34306283643583	0.10296840995076906
0.0162181009735893	72.71440658562548	0.12484296884063747
0.0162181009735893	76.24965942983177	0.15884356153030846
0.0162181009735893	79.9567903551409	0.1861926234845315
0.0162181009735893	83.84415578641561	0.21854940902843542
0.0162181009735893	87.92051842392074	0.24465712194088812
0.0162181009735893	92.19506699575352	0.27320879247545354
0.0162181009735893	96.67743697060469	0.29329181147321043
0.0162181009735893	101.37773227753867	0.30557934396186853
0.0162181009735893	106.30654808175375	0.3203971395527875
0.0162181009735893	111.47499466766135	0.31338807381305833
0.0162181009735893	116.89472248312052	0.2769554408578376
0.0162181009735893	122.57794840128197	0.24547025369798306
0.0162181009735893	128.53748325923775	0.19534936593153104
0.0162181009735893	134.7867607355552	0.16511924323269528
0.0162181009735893	141.33986763178766	0.14855447475156708
0.0162181009735893	148.21157562622236	0.1563131588276795
0.0162181009735893	155.417374571441	0.17969551234793069
0.0162181009735893	162.97350741075343	0.2078112925704853
0.0162181009735893	170.8970067922094	0.23264289663175491
0.0162181009735893	179.2057334627222	0.23469005770247783
0.0162181009735893	187.91841652885074	0.20783115547420053
0.0162181009735893	197.05469567499281	0.1765843425963217
0.0162181009735893	206.63516543415795	0.14672532983599432
0.0162181009735893	216.68142161110865	0.11796799753475275
0.0162181009735893	227.2161099625194	0.08522546196302727
0.0162181009735893	238.26297724388235	0.06150010669022104
0.0162181009735893	249.84692473822946	0.03943942600207676
0.0162181009735893	261.99406438732933	0.023608719081711155
0.0162181009735893	274.73177765189126	0.013454030305578601
0.0162181009735893	288.08877723345284	0.007111033777732728
0.0162181009735893	302.09517179708274	0.0026070677196990844
0.0162181009735893	316.7825338407929	0.0014175680190669088
0.0162181009735893	332.18397086464813	0.00031618409888500897
0.0162181009735893	348.33419999999995	0.00007266866348580616
0.0162181009735893	356.07496000000003	0.00004421941734058632
0.0162181009735893	367.6861	3.935533316356207e-6
0.0162181009735893	383.16762	3.009183725014662e-9
0.0162181009735893	400.	0.
0.019054607179632473	9.5	0.
0.019054607179632473	15.519842857142857	0.
0.019054607179632473	21.539685714285714	0.
0.019054607179632473	27.559528571428572	0.
0.019054607179632473	33.57937142857143	0.
0.019054607179632473	39.59921428571428	0.
0.019054607179632473	45.619057142857145	0.
0.019054607179632473	51.6389	0.0023986690390518867
0.019054607179632473	52.155288999999996	0.0027495608127851737
0.019054607179632473	54.69099192924731	0.007666942718574665
0.019054607179632473	57.34997649433011	0.017515279717804793
0.019054607179632473	60.13823644221262	0.03288377649358118
0.019054607179632473	63.06205692581279	0.05308350749129483
0.019054607179632473	66.12802867167241	0.07346408130280599
0.019054607179632473	69.34306283643583	0.10163588008093546
0.019054607179632473	72.71440658562548	0.1272643447073018
0.019054607179632473	76.24965942983177	0.16130984962885805
0.019054607179632473	79.9567903551409	0.19895238280101515
0.019054607179632473	83.84415578641561	0.21934025676218777
0.019054607179632473	87.92051842392074	0.25060173280923187
0.019054607179632473	92.19506699575352	0.27710880299696744
0.019054607179632473	96.67743697060469	0.2876728792268317
0.019054607179632473	101.37773227753867	0.30549939595621706
0.019054607179632473	106.30654808175375	0.3128361760390264
0.019054607179632473	111.47499466766135	0.30068594325330616
0.019054607179632473	116.89472248312052	0.28250398478556055
0.019054607179632473	122.57794840128197	0.24759592160256533
0.019054607179632473	128.53748325923775	0.19864491298385883
0.019054607179632473	134.7867607355552	0.16406962281501802
0.019054607179632473	141.33986763178766	0.15042372450421937
0.019054607179632473	148.21157562622236	0.15257787077680843
0.019054607179632473	155.417374571441	0.16734899777134168
0.019054607179632473	162.97350741075343	0.17969881974312635
0.019054607179632473	170.8970067922094	0.1849954657136769
0.019054607179632473	179.2057334627222	0.17283219084896878
0.019054607179632473	187.91841652885074	0.14372046138625252
0.019054607179632473	197.05469567499281	0.1168652271563652
0.019054607179632473	206.63516543415795	0.08496199153997883
0.019054607179632473	216.68142161110865	0.06283778430123554
0.019054607179632473	227.2161099625194	0.041403898334754906
0.019054607179632473	238.26297724388235	0.025607571410012832
0.019054607179632473	249.84692473822946	0.014933065109186135
0.019054607179632473	261.99406438732933	0.008316090934512962
0.019054607179632473	274.73177765189126	0.004408740607441273
0.019054607179632473	288.08877723345284	0.001788025317841177
0.019054607179632473	302.09517179708274	0.0004654080992397214
0.019054607179632473	316.7825338407929	0.00015961762983868934
0.019054607179632473	332.18397086464813	0.00006141929407419578
0.019054607179632473	348.33419999999995	6.879643716402565e-6
0.019054607179632473	356.07496000000003	9.837718154807312e-6
0.019054607179632473	367.6861	2.1009559282679865e-6
0.019054607179632473	383.16762	1.9343573171542547e-9
0.019054607179632473	400.	0.
0.0223872113856834	9.5	0.
0.0223872113856834	15.519842857142857	0.
0.0223872113856834	21.539685714285714	0.
0.0223872113856834	27.559528571428572	0.
0.0223872113856834	33.57937142857143	0.
0.0223872113856834	39.59921428571428	0.
0.0223872113856834	45.619057142857145	0.
0.0223872113856834	51.6389	0.0015701402380328118
0.0223872113856834	52.155288999999996	0.0016736130158026775
0.0223872113856834	54.69099192924731	0.007065359053553498
0.0223872113856834	57.34997649433011	0.01779893250062261
0.0223872113856834	60.13823644221262	0.030058668582696197
0.0223872113856834	63.06205692581279	0.05178908934738955
0.0223872113856834	66.12802867167241	0.07137357998489366
0.0223872113856834	69.34306283643583	0.09775375164868354
0.0223872113856834	72.71440658562548	0.12734691660231157
0.0223872113856834	76.24965942983177	0.16045064678107604
0.0223872113856834	79.9567903551409	0.1845629246090256
0.0223872113856834	83.84415578641561	0.20889809185042865
0.0223872113856834	87.92051842392074	0.24018428832588892
0.0223872113856834	92.19506699575352	0.24870245124185117
0.0223872113856834	96.67743697060469	0.2716600798899001
0.0223872113856834	101.37773227753867	0.28409223697855807
0.0223872113856834	106.30654808175375	0.2772455669713322
0.0223872113856834	111.47499466766135	0.282323720501578
0.0223872113856834	116.89472248312052	0.2598875711163375
0.0223872113856834	122.57794840128197	0.2341132404401359
0.0223872113856834	128.53748325923775	0.19588061729747758
0.0223872113856834	134.7867607355552	0.16580196898890112
0.0223872113856834	141.33986763178766	0.1453106553627625
0.0223872113856834	148.21157562622236	0.14035060432486848
0.0223872113856834	155.417374571441	0.13866454578284682
0.0223872113856834	162.97350741075343	0.1371406539236441
0.0223872113856834	170.8970067922094	0.1259225187788265
0.0223872113856834	179.2057334627222	0.10415027493646928
0.0223872113856834	187.91841652885074	0.08253021566096158
0.0223872113856834	197.05469567499281	0.05792995079587329
0.0223872113856834	206.63516543415795	0.03762177712403866
0.0223872113856834	216.68142161110865	0.024464913460455994
0.0223872113856834	227.2161099625194	0.01490156654093128
0.0223872113856834	238.26297724388235	0.00731511806747674
0.0223872113856834	249.84692473822946	0.004163042670685169
0.0223872113856834	261.99406438732933	0.0018815131579424421
0.0223872113856834	274.73177765189126	0.0007197293732185345
0.0223872113856834	288.08877723345284	0.0002344565170350095
0.0223872113856834	302.09517179708274	0.00006978077861467295
0.0223872113856834	316.7825338407929	0.000012588203975575073
0.0223872113856834	332.18397086464813	6.706691679337083e-6
0.0223872113856834	348.33419999999995	7.423452534121618e-7
0.0223872113856834	356.07496000000003	1.897775933764455e-8
0.0223872113856834	367.6861	5.437495467480509e-11
0.0223872113856834	383.16762	5.008124059566086e-14
0.0223872113856834	400.	0.
0.026302679918953815	9.5	0.
0.026302679918953815	15.519842857142857	0.
0.026302679918953815	21.539685714285714	0.
0.026302679918953815	27.559528571428572	0.
0.026302679918953815	33.57937142857143	0.
0.026302679918953815	39.59921428571428	0.
0.026302679918953815	45.619057142857145	0.
0.026302679918953815	51.6389	0.002418589569299478
0.026302679918953815	52.155288999999996	0.002631295305535309
0.026302679918953815	54.69099192924731	0.0072196950450058505
0.026302679918953815	57.34997649433011	0.015709180543591748
0.026302679918953815	60.13823644221262	0.028778020277044875
0.026302679918953815	63.06205692581279	0.04809472894202165
0.026302679918953815	66.12802867167241	0.06786696125467742
0.026302679918953815	69.34306283643583	0.0941982450651906
0.026302679918953815	72.71440658562548	0.11379979439016917
0.026302679918953815	76.24965942983177	0.14792811324852898
0.026302679918953815	79.9567903551409	0.16729482425270775
0.026302679918953815	83.84415578641561	0.19444976489887716
0.026302679918953815	87.92051842392074	0.2110228054560815
0.026302679918953815	92.19506699575352	0.21344732184285847
0.026302679918953815	96.67743697060469	0.2270383951922368
0.026302679918953815	101.37773227753867	0.23662069718623902
0.026302679918953815	106.30654808175375	0.22913285741217707
0.026302679918953815	111.47499466766135	0.22420583041811268
0.026302679918953815	116.89472248312052	0.20902161519299492
0.026302679918953815	122.57794840128197	0.1927423195609476
0.026302679918953815	128.53748325923775	0.16592958248129758
0.026302679918953815	134.7867607355552	0.14705926274564168
0.026302679918953815	141.33986763178766	0.12443562186218007
0.026302679918953815	148.21157562622236	0.11294808729809049
0.026302679918953815	155.417374571441	0.10134730236833306
0.026302679918953815	162.97350741075343	0.08256627005090725
0.026302679918953815	170.8970067922094	0.06220422508043899
0.026302679918953815	179.2057334627222	0.046562964222628865
0.026302679918953815	187.91841652885074	0.030942564046394803
0.026302679918953815	197.05469567499281	0.020970332075987665
0.026302679918953815	206.63516543415795	0.01165866580277997
0.026302679918953815	216.68142161110865	0.00702476185766262
0.026302679918953815	227.2161099625194	0.0032822165921744875
0.026302679918953815	238.26297724388235	0.001494860066711895
0.026302679918953815	249.84692473822946	0.0006123306295803173
0.026302679918953815	261.99406438732933	0.00020901779993141422
0.026302679918953815	274.73177765189126	0.000060954961423556537
0.026302679918953815	288.08877723345284	2.874966913380511e-6
0.026302679918953815	302.09517179708274	5.195910613591512e-7
0.026302679918953815	316.7825338407929	1.8597445232813195e-9
0.026302679918953815	332.18397086464813	1.6861184731973163e-10
0.026302679918953815	348.33419999999995	1.8753881707030597e-11
0.026302679918953815	356.07496000000003	4.7316362273028e-13
0.026302679918953815	367.6861	1.0160388019252935e-17
0.026302679918953815	383.16762	8.070460333504825e-18
0.026302679918953815	400.	0.
0.030902954325135904	9.5	0.
0.030902954325135904	15.519842857142857	0.
0.030902954325135904	21.539685714285714	0.
0.030902954325135904	27.559528571428572	0.
0.030902954325135904	33.57937142857143	0.
0.030902954325135904	39.59921428571428	0.
0.030902954325135904	45.619057142857145	0.
0.030902954325135904	51.6389	0.001037943533541951
0.030902954325135904	52.155288999999996	0.0012652599003955154
0.030902954325135904	54.69099192924731	0.005206225423506403
0.030902954325135904	57.34997649433011	0.013389277511240976
0.030902954325135904	60.13823644221262	0.024895384598898014
0.030902954325135904	63.06205692581279	0.0386142732209533
0.030902954325135904	66.12802867167241	0.0561267521016196
0.030902954325135904	69.34306283643583	0.07815273428897707
0.030902954325135904	72.71440658562548	0.09749298736652043
0.030902954325135904	76.24965942983177	0.11386000337020089
0.030902954325135904	79.9567903551409	0.13686086856517182
0.030902954325135904	83.84415578641561	0.15212040345352085
0.030902954325135904	87.92051842392074	0.16246382497212686
0.030902954325135904	92.19506699575352	0.17344723718574076
0.030902954325135904	96.67743697060469	0.16870965936021182
0.030902954325135904	101.37773227753867	0.17043410989844104
0.030902954325135904	106.30654808175375	0.1646142112500016
0.030902954325135904	111.47499466766135	0.157935415235244
0.030902954325135904	116.89472248312052	0.14426027003774247
0.030902954325135904	122.57794840128197	0.1282073627716643
0.030902954325135904	128.53748325923775	0.10994270586615118
0.030902954325135904	134.7867607355552	0.09405748453666868
0.030902954325135904	141.33986763178766	0.07524855140202043
0.030902954325135904	148.21157562622236	0.05955203041398146
0.030902954325135904	155.417374571441	0.04475526948502727
0.030902954325135904	162.97350741075343	0.031956719967800355
0.030902954325135904	170.8970067922094	0.022094569847460197
0.030902954325135904	179.2057334627222	0.014079638282310162
0.030902954325135904	187.91841652885074	0.008024049265204941
0.030902954325135904	197.05469567499281	0.004332733746653913
0.030902954325135904	206.63516543415795	0.0022995253613929097
0.030902954325135904	216.68142161110865	0.0008095260800034031
0.030902954325135904	227.2161099625194	0.0004001570779277354
0.030902954325135904	238.26297724388235	0.00017401934940628
0.030902954325135904	249.84692473822946	0.000030255951927643808
0.030902954325135904	261.99406438732933	3.2227281416412823e-7
0.030902954325135904	274.73177765189126	2.7270283946863218e-8
0.030902954325135904	288.08877723345284	1.2677405111264573e-10
0.030902954325135904	302.09517179708274	4.4499532343429926e-18
0.030902954325135904	316.7825338407929	2.9445092033087243e-19
0.030902954325135904	332.18397086464813	2.608186528830201e-18
0.030902954325135904	348.33419999999995	5.0748464200226296e-18
0.030902954325135904	356.07496000000003	3.539259026869841e-18
0.030902954325135904	367.6861	5.153091086962559e-18
0.030902954325135904	383.16762	2.7459980188427883e-18
0.030902954325135904	400.	0.
0.03630780547701014	9.5	0.
0.03630780547701014	15.519842857142857	0.
0.03630780547701014	21.539685714285714	0.
0.03630780547701014	27.559528571428572	0.
0.03630780547701014	33.57937142857143	0.
0.03630780547701014	39.59921428571428	0.
0.03630780547701014	45.619057142857145	0.
0.03630780547701014	51.6389	0.0006147737063623436
0.03630780547701014	52.155288999999996	0.0007358298850088334
0.03630780547701014	54.69099192924731	0.00418000859467046
0.03630780547701014	57.34997649433011	0.009768778523352542
0.03630780547701014	60.13823644221262	0.01891716196888287
0.03630780547701014	63.06205692581279	0.03347146884826607
0.03630780547701014	66.12802867167241	0.04276209640045065
0.03630780547701014	69.34306283643583	0.05884923841958217
0.03630780547701014	72.71440658562548	0.07557318232489514
0.03630780547701014	76.24965942983177	0.08767281493501963
0.03630780547701014	79.9567903551409	0.0939951460779175
0.03630780547701014	83.84415578641561	0.10412273178824319
0.03630780547701014	87.92051842392074	0.10538460387221368
0.03630780547701014	92.19506699575352	0.10807207930124559
0.03630780547701014	96.67743697060469	0.10350894682543814
0.03630780547701014	101.37773227753867	0.10050432703999057
0.03630780547701014	106.30654808175375	0.09083339780373768
0.03630780547701014	111.47499466766135	0.08468065743164897
0.03630780547701014	116.89472248312052	0.07183596712793765
0.03630780547701014	122.57794840128197	0.06035882922695922
0.03630780547701014	128.53748325923775	0.046791921631980066
0.03630780547701014	134.7867607355552	0.03662773082022188
0.03630780547701014	141.33986763178766	0.026980099046253706
0.03630780547701014	148.21157562622236	0.01826612292213803
0.03630780547701014	155.417374571441	0.011722568160996103
0.03630780547701014	162.97350741075343	0.007678763275324915
0.03630780547701014	170.8970067922094	0.00474854719984172
0.03630780547701014	179.2057334627222	0.0022031721129145004
0.03630780547701014	187.91841652885074	0.0010602973295089349
0.03630780547701014	197.05469567499281	0.0005537068415460742
0.03630780547701014	206.63516543415795	0.0001477348196181061
0.03630780547701014	216.68142161110865	0.00010519463201111624
0.03630780547701014	227.2161099625194	6.793653096058631e-6
0.03630780547701014	238.26297724388235	1.612915970494287e-6
0.03630780547701014	249.84692473822946	1.6226976861061416e-7
0.03630780547701014	261.99406438732933	9.661890365299934e-12
0.03630780547701014	274.73177765189126	3.2240715587167323e-18
0.03630780547701014	288.08877723345284	1.1385569576175242e-18
0.03630780547701014	302.09517179708274	3.649925227436537e-18
0.03630780547701014	316.7825338407929	2.013859570502484e-19
0.03630780547701014	332.18397086464813	1.3346045531801758e-18
0.03630780547701014	348.33419999999995	2.182045276205745e-18
0.03630780547701014	356.07496000000003	1.3141264722116127e-18
0.03630780547701014	367.6861	2.791963725531e-18
0.03630780547701014	383.16762	8.772746304275108e-19
0.03630780547701014	400.	0.
0.04265795188015928	9.5	0.
0.04265795188015928	15.519842857142857	0.
0.04265795188015928	21.539685714285714	0.
0.04265795188015928	27.559528571428572	0.
0.04265795188015928	33.57937142857143	0.
0.04265795188015928	39.59921428571428	0.
0.04265795188015928	45.619057142857145	0.
0.04265795188015928	51.6389	0.00008720163728492651
0.04265795188015928	52.155288999999996	0.00014945298384219462
0.04265795188015928	54.69099192924731	0.002946778595658176
0.04265795188015928	57.34997649433011	0.006292143385055596
0.04265795188015928	60.13823644221262	0.01111911198755337
0.04265795188015928	63.06205692581279	0.019906912567795847
0.04265795188015928	66.12802867167241	0.027501488142479005
0.04265795188015928	69.34306283643583	0.03842063015710999
0.04265795188015928	72.71440658562548	0.04411168435950989
0.04265795188015928	76.24965942983177	0.04980684222796747
0.04265795188015928	79.9567903551409	0.056994713702294905
0.04265795188015928	83.84415578641561	0.05812400745934332
0.04265795188015928	87.92051842392074	0.054916218982509236
0.04265795188015928	92.19506699575352	0.05228052026190159
0.04265795188015928	96.67743697060469	0.04790650753787186
0.04265795188015928	101.37773227753867	0.04201364226457682
0.04265795188015928	106.30654808175375	0.03525919132877459
0.04265795188015928	111.47499466766135	0.029789954091227158
0.04265795188015928	116.89472248312052	0.024522020996686388
0.04265795188015928	122.57794840128197	0.017998719842882326
0.04265795188015928	128.53748325923775	0.01266003403692766
0.04265795188015928	134.7867607355552	0.008792015685278825
0.04265795188015928	141.33986763178766	0.004972417283690058
0.04265795188015928	148.21157562622236	0.0031906390603463823
0.04265795188015928	155.417374571441	0.0016370226232391833
0.04265795188015928	162.97350741075343	0.000678310145834396
0.04265795188015928	170.8970067922094	0.0003519638294284511
0.04265795188015928	179.2057334627222	0.00017202298716759997
0.04265795188015928	187.91841652885074	0.00005743451058688774
0.04265795188015928	197.05469567499281	0.00007051400005955194
0.04265795188015928	206.63516543415795	0.00001011819878880812
0.04265795188015928	216.68142161110865	9.033931436599201e-7
0.04265795188015928	227.2161099625194	1.5731149906199223e-8
0.04265795188015928	238.26297724388235	2.7536508463210168e-14
0.04265795188015928	249.84692473822946	1.8408860633441192e-18
0.04265795188015928	261.99406438732933	1.103293538618505e-19
0.04265795188015928	274.73177765189126	1.4180464352631796e-18
0.04265795188015928	288.08877723345284	4.604632432937624e-19
0.04265795188015928	302.09517179708274	2.2147105129813742e-18
0.04265795188015928	316.7825338407929	8.433420556151208e-20
0.04265795188015928	332.18397086464813	9.494123122058082e-19
0.04265795188015928	348.33419999999995	9.029254583482843e-19
0.04265795188015928	356.07496000000003	5.512879950852916e-19
0.04265795188015928	367.6861	1.2594227332185932e-18
0.04265795188015928	383.16762	2.049928137314291e-19
0.04265795188015928	400.	0.
0.05011872336272725	9.5	0.
0.05011872336272725	15.519842857142857	0.
0.05011872336272725	21.539685714285714	0.
0.05011872336272725	27.559528571428572	0.
0.05011872336272725	33.57937142857143	0.
0.05011872336272725	39.59921428571428	0.
0.05011872336272725	45.619057142857145	0.
0.05011872336272725	51.6389	0.00004773729321778862
0.05011872336272725	52.155288999999996	0.00007337544054268121
0.05011872336272725	54.69099192924731	0.0007781438694776971
0.05011872336272725	57.34997649433011	0.002485228259059896
0.05011872336272725	60.13823644221262	0.005475610379469835
0.05011872336272725	63.06205692581279	0.009674705198355662
0.05011872336272725	66.12802867167241	0.01342777557799697
0.05011872336272725	69.34306283643583	0.015971802643495004
0.05011872336272725	72.71440658562548	0.019666441739500797
0.05011872336272725	76.24965942983177	0.021949256693344632
0.05011872336272725	79.9567903551409	0.021826172245771287
0.05011872336272725	83.84415578641561	0.021883512982770005
0.05011872336272725	87.92051842392074	0.019311611784835953
0.05011872336272725	92.19506699575352	0.017749617689614576
0.05011872336272725	96.67743697060469	0.01478577420351941
0.05011872336272725	101.37773227753867	0.011198176327282896
0.05011872336272725	106.30654808175375	0.008313043532158284
0.05011872336272725	111.47499466766135	0.006096202186500485
0.05011872336272725	116.89472248312052	0.004343443235670868
0.05011872336272725	122.57794840128197	0.0024427875939802895
0.05011872336272725	128.53748325923775	0.0015249845960059196
0.05011872336272725	134.7867607355552	0.0010377498936964063
0.05011872336272725	141.33986763178766	0.0004929622628867299
0.05011872336272725	148.21157562622236	0.0002479765913606455
0.05011872336272725	155.417374571441	0.0001261863738836759
0.05011872336272725	162.97350741075343	0.00001406257299458579
0.05011872336272725	170.8970067922094	0.000029118019243748987
0.05011872336272725	179.2057334627222	4.532615764415744e-6
0.05011872336272725	187.91841652885074	6.201155069444581e-8
0.05011872336272725	197.05469567499281	4.5668879584220435e-7
0.05011872336272725	206.63516543415795	8.760366893817321e-9
0.05011872336272725	216.68142161110865	1.801330735409812e-12
0.05011872336272725	227.2161099625194	2.2651500350272144e-18
0.05011872336272725	238.26297724388235	1.5891115012987526e-18
0.05011872336272725	249.84692473822946	2.348916987070312e-18
0.05011872336272725	261.99406438732933	9.199073396255152e-20
0.05011872336272725	274.73177765189126	6.016348565224305e-20
0.05011872336272725	288.08877723345284	3.8318169049958687e-19
0.05011872336272725	302.09517179708274	1.5465936091039874e-18
0.05011872336272725	316.7825338407929	9.515970398105444e-20
0.05011872336272725	332.18397086464813	1.2886707729494967e-18
0.05011872336272725	348.33419999999995	6.476117864141823e-19
0.05011872336272725	356.07496000000003	7.328927916837864e-19
0.05011872336272725	367.6861	1.0833411755939027e-18
0.05011872336272725	383.16762	1.2760431969135174e-19
0.05011872336272725	400.	0.
0.0588843655355589	9.5	0.
0.0588843655355589	15.519842857142857	0.
0.0588843655355589	21.539685714285714	0.
0.0588843655355589	27.559528571428572	0.
0.0588843655355589	33.57937142857143	0.
0.0588843655355589	39.59921428571428	0.
0.0588843655355589	45.619057142857145	0.
0.0588843655355589	51.6389	1.0958320613402623e-6
0.0588843655355589	52.155288999999996	2.561982639409379e-6
0.0588843655355589	54.69099192924731	0.00002227921075706951
0.0588843655355589	57.34997649433011	0.0005431226576020652
0.0588843655355589	60.13823644221262	0.0010490591140679155
0.0588843655355589	63.06205692581279	0.00267008104572476
0.0588843655355589	66.12802867167241	0.003372520854143671
0.0588843655355589	69.34306283643583	0.004871301061011649
0.0588843655355589	72.71440658562548	0.005249359615536233
0.0588843655355589	76.24965942983177	0.0059292634446027545
0.0588843655355589	79.9567903551409	0.005449306435488513
0.0588843655355589	83.84415578641561	0.004556684990584934
0.0588843655355589	87.92051842392074	0.004016146176245231
0.0588843655355589	92.19506699575352	0.003036919383706869
0.0588843655355589	96.67743697060469	0.002264373279575625
0.0588843655355589	101.37773227753867	0.001614191821544546
0.0588843655355589	106.30654808175375	0.001078298967691395
0.0588843655355589	111.47499466766135	0.0006929889792975538
0.0588843655355589	116.89472248312052	0.0002435212311157983
0.0588843655355589	122.57794840128197	0.00015100977959978
0.0588843655355589	128.53748325923775	0.000057801951334663265
0.0588843655355589	134.7867607355552	0.00001204156734212919
0.0588843655355589	141.33986763178766	6.823911753624875e-6
0.0588843655355589	148.21157562622236	0.000018538955322257043
0.0588843655355589	155.417374571441	5.909226634093699e-7
0.0588843655355589	162.97350741075343	2.9418999017293425e-8
0.0588843655355589	170.8970067922094	1.5370746502502608e-8
0.0588843655355589	179.2057334627222	1.7927340254970247e-10
0.0588843655355589	187.91841652885074	6.115981705615957e-14
0.0588843655355589	197.05469567499281	3.3886246265307973e-20
0.0588843655355589	206.63516543415795	1.3962388785927004e-19
0.0588843655355589	216.68142161110865	8.942744173864347e-19
0.0588843655355589	227.2161099625194	1.0429240392834202e-18
0.0588843655355589	238.26297724388235	1.0381513926533112e-18
0.0588843655355589	249.84692473822946	6.69903627869329e-19
0.0588843655355589	261.99406438732933	0.
0.0588843655355589	274.73177765189126	1.5320658723794091e-19
0.0588843655355589	288.08877723345284	5.98430225276948e-20
0.0588843655355589	302.09517179708274	8.430757495532409e-19
0.0588843655355589	316.7825338407929	2.8310999839705476e-19
0.0588843655355589	332.18397086464813	9.915377550427783e-19
0.0588843655355589	348.33419999999995	4.987219134674244e-19
0.0588843655355589	356.07496000000003	7.917149984449543e-19
0.0588843655355589	367.6861	8.347529992308202e-19
0.0588843655355589	383.16762	3.8773078185016953e-20
0.0588843655355589	400.	0.
0.06880818	9.5	0.
0.06880818	15.519842857142857	0.
0.06880818	21.539685714285714	0.
0.06880818	27.559528571428572	0.
0.06880818	33.57937142857143	0.
0.06880818	39.59921428571428	0.
0.06880818	45.619057142857145	0.
0.06880818	51.6389	1.5658819947025423e-11
0.06880818	52.155288999999996	5.5100625367172925e-11
0.06880818	54.69099192924731	3.325555648242661e-8
0.06880818	57.34997649433011	4.0431188667428554e-6
0.06880818	60.13823644221262	0.00014404876450689304
0.06880818	63.06205692581279	0.00036050075958573647
0.06880818	66.12802867167241	0.0005486297470370253
0.06880818	69.34306283643583	0.0007366423883932303
0.06880818	72.71440658562548	0.0007925041954942654
0.06880818	76.24965942983177	0.0006583187848036594
0.06880818	79.9567903551409	0.0007818780969998051
0.06880818	83.84415578641561	0.000491949812233041
0.06880818	87.92051842392074	0.00035722274638018203
0.06880818	92.19506699575352	0.00031440055755359487
0.06880818	96.67743697060469	0.00016873900383982825
0.06880818	101.37773227753867	0.00007463192039978027
0.06880818	106.30654808175375	0.00003938653299411025
0.06880818	111.47499466766135	0.000022870682655347286
0.06880818	116.89472248312052	5.446684744881727e-7
0.06880818	122.57794840128197	7.370155428402617e-6
0.06880818	128.53748325923775	1.6482130105144515e-7
0.06880818	134.7867607355552	2.1687129122628903e-10
0.06880818	141.33986763178766	8.098846975086982e-10
0.06880818	148.21157562622236	1.792521795389187e-8
0.06880818	155.417374571441	8.500012991804743e-11
0.06880818	162.97350741075343	4.87693695002207e-19
0.06880818	170.8970067922094	1.0111121246260616e-18
0.06880818	179.2057334627222	0.
0.06880818	187.91841652885074	2.2315982901557034e-20
0.06880818	197.05469567499281	0.
0.06880818	206.63516543415795	0.
0.06880818	216.68142161110865	0.
0.06880818	227.2161099625194	4.43126682487159e-19
0.06880818	238.26297724388235	1.902836949593757e-19
0.06880818	249.84692473822946	0.
0.06880818	261.99406438732933	0.
0.06880818	274.73177765189126	0.
0.06880818	288.08877723345284	0.
0.06880818	302.09517179708274	1.4290321947911234e-20
0.06880818	316.7825338407929	0.
0.06880818	332.18397086464813	0.
0.06880818	348.33419999999995	0.
0.06880818	356.07496000000003	6.261256825556085e-20
0.06880818	367.6861	2.0045043367690247e-19
0.06880818	383.16762	0.
0.06880818	400.	0.
0.07105192499999999	9.5	0.
0.07105192499999999	15.519842857142857	0.
0.07105192499999999	21.539685714285714	0.
0.07105192499999999	27.559528571428572	0.
0.07105192499999999	33.57937142857143	0.
0.07105192499999999	39.59921428571428	0.
0.07105192499999999	45.619057142857145	0.
0.07105192499999999	51.6389	0.
0.07105192499999999	52.155288999999996	3.0585633149891756e-15
0.07105192499999999	54.69099192924731	1.97487367001559e-9
0.07105192499999999	57.34997649433011	5.217800770821201e-7
0.07105192499999999	60.13823644221262	0.00006066072079368237
0.07105192499999999	63.06205692581279	0.00020807858773170876
0.07105192499999999	66.12802867167241	0.0003246914317662457
0.07105192499999999	69.34306283643583	0.00044236542185700095
0.07105192499999999	72.71440658562548	0.0004746947824674652
0.07105192499999999	76.24965942983177	0.0005062025645624712
0.07105192499999999	79.9567903551409	0.0005230932936481364
0.07105192499999999	83.84415578641561	0.00029904319036702876
0.07105192499999999	87.92051842392074	0.00019684653817901012
0.07105192499999999	92.19506699575352	0.000205907725579332
0.07105192499999999	96.67743697060469	0.00006811632945224544
0.07105192499999999	101.37773227753867	0.00003444444055623401
0.07105192499999999	106.30654808175375	8.325439481442853e-6
0.07105192499999999	111.47499466766135	5.023633113437842e-6
0.07105192499999999	116.89472248312052	6.510224506288419e-8
0.07105192499999999	122.57794840128197	1.5953321768060343e-6
0.07105192499999999	128.53748325923775	3.8385133589849646e-8
0.07105192499999999	134.7867607355552	0.
0.07105192499999999	141.33986763178766	1.3553543930917833e-11
0.07105192499999999	148.21157562622236	3.7145860428280237e-10
0.07105192499999999	155.417374571441	1.7614960979324892e-12
0.07105192499999999	162.97350741075343	1.7081547489342366e-19
0.07105192499999999	170.8970067922094	1.2225077357406758e-18
0.07105192499999999	179.2057334627222	0.
0.07105192499999999	187.91841652885074	7.38376753643115e-21
0.07105192499999999	197.05469567499281	0.
0.07105192499999999	206.63516543415795	3.1534427670408774e-20
0.07105192499999999	216.68142161110865	6.004957519382385e-20
0.07105192499999999	227.2161099625194	1.0552524137149592e-19
0.07105192499999999	238.26297724388235	6.981282642714255e-20
0.07105192499999999	249.84692473822946	3.459900616714899e-20
0.07105192499999999	261.99406438732933	0.
0.07105192499999999	274.73177765189126	2.274420033920114e-21
0.07105192499999999	288.08877723345284	1.1909987749885741e-20
0.07105192499999999	302.09517179708274	2.3033816549128374e-20
0.07105192499999999	316.7825338407929	8.731975747380794e-21
0.07105192499999999	332.18397086464813	4.255236694653012e-20
0.07105192499999999	348.33419999999995	7.661275785161191e-21
0.07105192499999999	356.07496000000003	3.22655291932635e-20
0.07105192499999999	367.6861	1.831426846053831e-19
0.07105192499999999	383.16762	0.
0.07105192499999999	400.	0.
0.074043585	9.5	0.
0.074043585	15.519842857142857	0.
0.074043585	21.539685714285714	0.
0.074043585	27.559528571428572	0.
0.074043585	33.57937142857143	0.
0.074043585	39.59921428571428	0.
0.074043585	45.619057142857145	0.
0.074043585	51.6389	0.
0.074043585	52.155288999999996	5.750768266978202e-16
0.074043585	54.69099192924731	3.9102464537741405e-10
0.074043585	57.34997649433011	1.1390932302727704e-7
0.074043585	60.13823644221262	0.000024064166159924014
0.074043585	63.06205692581279	0.00013474039738936057
0.074043585	66.12802867167241	0.0001889691164146673
0.074043585	69.34306283643583	0.0002316010197331467
0.074043585	72.71440658562548	0.0002758113602148054
0.074043585	76.24965942983177	0.00044709756622943105
0.074043585	79.9567903551409	0.0003766840786758847
0.074043585	83.84415578641561	0.0001873630131651662
0.074043585	87.92051842392074	0.0001322913760638501
0.074043585	92.19506699575352	0.00016169963554839019
0.074043585	96.67743697060469	0.00003228378756958344
0.074043585	101.37773227753867	0.00001847940786210973
0.074043585	106.30654808175375	2.4424130441972418e-6
0.074043585	111.47499466766135	1.9190612561742673e-6
0.074043585	116.89472248312052	2.517363014883432e-8
0.074043585	122.57794840128197	3.566516154236053e-7
0.074043585	128.53748325923775	8.493913715020773e-9
0.074043585	134.7867607355552	0.
0.074043585	141.33986763178766	5.523175283916294e-12
0.074043585	148.21157562622236	1.5137229430391315e-10
0.074043585	155.417374571441	7.178236039004023e-13
0.074043585	162.97350741075343	6.284434801873464e-19
0.074043585	170.8970067922094	5.275470546046228e-19
0.074043585	179.2057334627222	0.
0.074043585	187.91841652885074	2.7165457757175336e-20
0.074043585	197.05469567499281	0.
0.074043585	206.63516543415795	1.1601762359805277e-19
0.074043585	216.68142161110865	2.209270795993397e-19
0.074043585	227.2161099625194	3.8823560907751133e-19
0.074043585	238.26297724388235	2.5684684381764834e-19
0.074043585	249.84692473822946	1.2729244736329032e-19
0.074043585	261.99406438732933	0.
0.074043585	274.73177765189126	8.367769035073584e-21
0.074043585	288.08877723345284	4.381777561545171e-20
0.074043585	302.09517179708274	8.474321101857285e-20
0.074043585	316.7825338407929	3.2125621118457357e-20
0.074043585	332.18397086464813	1.565534831710727e-19
0.074043585	348.33419999999995	2.8186432289614e-20
0.074043585	356.07496000000003	1.1870740323119055e-19
0.074043585	367.6861	2.21091591523382e-19
0.074043585	383.16762	0.
0.074043585	400.	0.