0.00001	1.87	8.085752365797897e-17
0.00001	2.1970584277369203	3.3078084933879305e-17
0.00001	2.5813185748073946	3.507082021175686e-17
0.00001	3.032784882061199	3.05630899690088e-17
0.00001	3.5632115425912727	1.5913222070381718e-17
0.00001	4.1864085291227955	2.5175358274912694e-13
0.00001	4.918601144844364	3.031602710686103e-10
0.00001	5.778852458800415	1.0357864208186569e-6
0.00001	6.789559624200897	0.00007867624991806385
0.00001	7.977037001589786	0.000033897618804782695
0.00001	9.372201268829992	0.0000814887001045233
0.00001	11.011376355149515	0.0000766544170519531
0.00001	12.937239156184116	0.00007334670297875812
0.00001	15.199930652268662	0.00008497471066220603
0.00001	17.858361358600852	0.00010722992302646896
0.00001	20.981745095446723	0.00014933164836324896
0.00001	24.651401011004822	0.00021044727343609888
0.00001	28.962870773663415	0.00017826683392565965
0.00001	34.028406056006716	0.00023093231086193552
0.00001	39.97989107369175	0.00018837072411982762
0.00001	46.97227626922917	0.00020195558117388378
0.00001	55.18761253866145	0.00021468078978996365
0.00001	64.83979103462343	0.00024019373589711794
0.00001	76.1801119493691	0.00028444266519807147
0.00001	89.50382726433341	0.00023164738553750855
0.00001	105.1578278105953	0.0002799328822127868
0.00001	123.54967477742055	0.00022115800265154706
0.00001	145.15821080956542	0.00013737173012512706
0.00001	170.54602695955512	0.00008673769694374135
0.00001	200.37411007943254	0.000051709393712340517
0.00001	235.41905200550934	0.000025699627809164826
0.00001	276.59326858745504	5.525660419061214e-6
0.00001	324.9687549761334	0.
0.00001	381.80499565320207	0.
0.00003	1.87	2.425725709739369e-16
0.00003	2.1970584277369203	9.923425480163789e-17
0.00003	2.5813185748073946	1.0521246063527058e-16
0.00003	3.032784882061199	9.168926990702638e-17
0.00003	3.5632115425912727	4.773966621114515e-17
0.00003	4.1864085291227955	7.552607482473808e-13
0.00003	4.918601144844364	9.094808132058308e-10
0.00003	5.778852458800415	3.1073592624559705e-6
0.00003	6.789559624200897	0.00023602874975419154
0.00003	7.977037001589786	0.00010169285641434808
0.00003	9.372201268829992	0.00024446610031356983
0.00003	11.011376355149515	0.00022996325115585926
0.00003	12.937239156184116	0.00022004010893627432
0.00003	15.199930652268662	0.0002549241319866181
0.00003	17.858361358600852	0.0003216897690794069
0.00003	20.981745095446723	0.00044799494508974687
0.00003	24.651401011004822	0.0006313418203082965
0.00003	28.962870773663415	0.0005348005017769789
0.00003	34.028406056006716	0.0006927969325858065
0.00003	39.97989107369175	0.0005651121723594828
0.00003	46.97227626922917	0.0006058667435216513
0.00003	55.18761253866145	0.0006440423693698908
0.00003	64.83979103462343	0.0007205812076913538
0.00003	76.1801119493691	0.0008533279955942144
0.00003	89.50382726433341	0.0006949421566125255
0.00003	105.1578278105953	0.0008397986466383604
0.00003	123.54967477742055	0.0006634740079546411
0.00003	145.15821080956542	0.00041211519037538116
0.00003	170.54602695955512	0.000260213090831224
0.00003	200.37411007943254	0.00015512818113702154
0.00003	235.41905200550934	0.00007709888342749446
0.00003	276.59326858745504	0.00001657698125718364
0.00003	324.9687549761334	0.
0.00003	381.80499565320207	0.
0.00006	1.87	4.851451419478738e-16
0.00006	2.1970584277369203	1.9846850960327578e-16
0.00006	2.5813185748073946	2.1042492127054115e-16
0.00006	3.032784882061199	1.8337853981405276e-16
0.00006	3.5632115425912727	9.54793324222903e-17
0.00006	4.1864085291227955	1.5105214964947615e-12
0.00006	4.918601144844364	1.8189616264116617e-9
0.00006	5.778852458800415	6.214718524911941e-6
0.00006	6.789559624200897	0.00047205749950838307
0.00006	7.977037001589786	0.00020338571282869615
0.00006	9.372201268829992	0.0004889322006271397
0.00006	11.011376355149515	0.0004599265023117185
0.00006	12.937239156184116	0.00044008021787254864
0.00006	15.199930652268662	0.0005098482639732362
0.00006	17.858361358600852	0.0006433795381588138
0.00006	20.981745095446723	0.0008959898901794937
0.00006	24.651401011004822	0.001262683640616593
0.00006	28.962870773663415	0.0010696010035539578
0.00006	34.028406056006716	0.001385593865171613
0.00006	39.97989107369175	0.0011302243447189656
0.00006	46.97227626922917	0.0012117334870433026
0.00006	55.18761253866145	0.0012880847387397817
0.00006	64.83979103462343	0.0014411624153827076
0.00006	76.1801119493691	0.0017066559911884287
0.00006	89.50382726433341	0.001389884313225051
0.00006	105.1578278105953	0.0016795972932767207
0.00006	123.54967477742055	0.0013269480159092822
0.00006	145.15821080956542	0.0008242303807507623
0.00006	170.54602695955512	0.000520426181662448
0.00006	200.37411007943254	0.0003102563622740431
0.00006	235.41905200550934	0.00015419776685498892
0.00006	276.59326858745504	0.00003315396251436728
0.00006	324.9687549761334	0.
0.00006	381.80499565320207	0.
0.0001	1.87	8.085752365797897e-16
0.0001	2.1970584277369203	3.30780849338793e-16
0.0001	2.5813185748073946	3.5070820211756863e-16
0.0001	3.032784882061199	3.05630899690088e-16
0.0001	3.5632115425912727	1.5913222070381717e-16
0.0001	4.1864085291227955	2.5175358274912695e-12
0.0001	4.918601144844364	3.031602710686103e-9
0.0001	5.778852458800415	0.000010357864208186568
0.0001	6.789559624200897	0.0007867624991806384
0.0001	7.977037001589786	0.00033897618804782693
0.0001	9.372201268829992	0.0008148870010452328
0.0001	11.011376355149515	0.000766544170519531
0.0001	12.937239156184116	0.0007334670297875812
0.0001	15.199930652268662	0.0008497471066220603
0.0001	17.858361358600852	0.0010722992302646896
0.0001	20.981745095446723	0.0014933164836324895
0.0001	24.651401011004822	0.0021044727343609887
0.0001	28.962870773663415	0.0017826683392565964
0.0001	34.028406056006716	0.002309323108619355
0.0001	39.97989107369175	0.001883707241198276
0.0001	46.97227626922917	0.0020195558117388377
0.0001	55.18761253866145	0.0021468078978996363
0.0001	64.83979103462343	0.0024019373589711794
0.0001	76.1801119493691	0.0028444266519807144
0.0001	89.50382726433341	0.0023164738553750853
0.0001	105.1578278105953	0.002799328822127868
0.0001	123.54967477742055	0.0022115800265154703
0.0001	145.15821080956542	0.0013737173012512707
0.0001	170.54602695955512	0.0008673769694374134
0.0001	200.37411007943254	0.0005170939371234052
0.0001	235.41905200550934	0.00025699627809164824
0.0001	276.59326858745504	0.000055256604190612134
0.0001	324.9687549761334	0.
0.0001	381.80499565320207	0.
0.0003	1.87	2.4257257097393687e-15
0.0003	2.1970584277369203	9.923425480163789e-16
0.0003	2.5813185748073946	1.0521246063527057e-15
0.0003	3.032784882061199	9.168926990702638e-16
0.0003	3.5632115425912727	4.773966621114514e-16
0.0003	4.1864085291227955	7.552607482473807e-12
0.0003	4.918601144844364	9.094808132058308e-9
0.0003	5.778852458800415	0.0000310735926245597
0.0003	6.789559624200897	0.002360287497541915
0.0003	7.977037001589786	0.0010169285641434807
0.0003	9.372201268829992	0.002444661003135698
0.0003	11.011376355149515	0.0022996325115585926
0.0003	12.937239156184116	0.002200401089362743
0.0003	15.199930652268662	0.0025492413198661807
0.0003	17.858361358600852	0.0032168976907940685
0.0003	20.981745095446723	0.004479949450897468
0.0003	24.651401011004822	0.006313418203082965
0.0003	28.962870773663415	0.0053480050177697885
0.0003	34.028406056006716	0.0069279693258580645
0.0003	39.97989107369175	0.0056511217235948276
0.0003	46.97227626922917	0.006058667435216512
0.0003	55.18761253866145	0.006440423693698908
0.0003	64.83979103462343	0.007205812076913537
0.0003	76.1801119493691	0.008533279955942143
0.0003	89.50382726433341	0.006949421566125255
0.0003	105.1578278105953	0.008397986466383603
0.0003	123.54967477742055	0.00663474007954641
0.0003	145.15821080956542	0.004121151903753811
0.0003	170.54602695955512	0.00260213090831224
0.0003	200.37411007943254	0.0015512818113702152
0.0003	235.41905200550934	0.0007709888342749446
0.0003	276.59326858745504	0.0001657698125718364
0.0003	324.9687549761334	0.
0.0003	381.80499565320207	0.
0.0006	1.87	4.8514514194787374e-15
0.0006	2.1970584277369203	1.9846850960327578e-15
0.0006	2.5813185748073946	2.1042492127054115e-15
0.0006	3.032784882061199	1.8337853981405276e-15
0.0006	3.5632115425912727	9.547933242229029e-16
0.0006	4.1864085291227955	1.5105214964947615e-11
0.0006	4.918601144844364	1.8189616264116615e-8
0.0006	5.778852458800415	0.0000621471852491194
0.0006	6.789559624200897	0.00472057499508383
0.0006	7.977037001589786	0.0020338571282869614
0.0006	9.372201268829992	0.004889322006271396
0.0006	11.011376355149515	0.004599265023117185
0.0006	12.937239156184116	0.004400802178725486
0.0006	15.199930652268662	0.005098482639732361
0.0006	17.858361358600852	0.006433795381588137
0.0006	20.981745095446723	0.008959898901794936
0.0006	24.651401011004822	0.01262683640616593
0.0006	28.962870773663415	0.010696010035539577
0.0006	34.028406056006716	0.013855938651716129
0.0006	39.97989107369175	0.011302243447189655
0.0006	46.97227626922917	0.012117334870433025
0.0006	55.18761253866145	0.012880847387397816
0.0006	64.83979103462343	0.014411624153827074
0.0006	76.1801119493691	0.017066559911884285
0.0006	89.50382726433341	0.01389884313225051
0.0006	105.1578278105953	0.016795972932767207
0.0006	123.54967477742055	0.01326948015909282
0.0006	145.15821080956542	0.008242303807507623
0.0006	170.54602695955512	0.00520426181662448
0.0006	200.37411007943254	0.0031025636227404304
0.0006	235.41905200550934	0.0015419776685498892
0.0006	276.59326858745504	0.0003315396251436728
0.0006	324.9687549761334	0.
0.0006	381.80499565320207	0.
0.001	1.87	8.085752365797895e-15
0.001	2.1970584277369203	3.30780849338793e-15
0.001	2.5813185748073946	3.5070820211756858e-15
0.001	3.032784882061199	3.0563089969008794e-15
0.001	3.5632115425912727	1.5913222070381714e-15
0.001	4.1864085291227955	2.517535827491269e-11
0.001	4.918601144844364	3.0316027106861025e-8
0.001	5.778852458800415	0.00010357864208186568
0.001	6.789559624200897	0.007867624991806384
0.001	7.977037001589786	0.003389761880478269
0.001	9.372201268829992	0.008148870010452327
0.001	11.011376355149515	0.007665441705195309
0.001	12.937239156184116	0.0073346702978758106
0.001	15.199930652268662	0.008497471066220603
0.001	17.858361358600852	0.010722992302646896
0.001	20.981745095446723	0.014933164836324895
0.001	24.651401011004822	0.021044727343609883
0.001	28.962870773663415	0.017826683392565962
0.001	34.028406056006716	0.023093231086193548
0.001	39.97989107369175	0.01883707241198276
0.001	46.97227626922917	0.020195558117388376
0.001	55.18761253866145	0.02146807897899636
0.001	64.83979103462343	0.02401937358971179
0.001	76.1801119493691	0.028444266519807145
0.001	89.50382726433341	0.02316473855375085
0.001	105.1578278105953	0.027993288221278678
0.001	123.54967477742055	0.0221158002651547
0.001	145.15821080956542	0.013737173012512705
0.001	170.54602695955512	0.008673769694374134
0.001	200.37411007943254	0.005170939371234051
0.001	235.41905200550934	0.002569962780916482
0.001	276.59326858745504	0.0005525660419061214
0.001	324.9687549761334	0.
0.001	381.80499565320207	0.
0.002	1.87	2.65738724164436e-15
0.002	2.1970584277369203	1.899535508695949e-15
0.002	2.5813185748073946	1.0342090174956262e-15
0.002	3.032784882061199	2.5337269097725823e-10
0.002	3.5632115425912727	1.7322964743913945e-6
0.002	4.1864085291227955	0.00004827764861887311
0.002	4.918601144844364	0.0035606876084231334
0.002	5.778852458800415	0.006064068331178604
0.002	6.789559624200897	0.004935363327735108
0.002	7.977037001589786	0.011571997345129434
0.002	9.372201268829992	0.009618870311090074
0.002	11.011376355149515	0.010744710376408563
0.002	12.937239156184116	0.015308285873319831
0.002	15.199930652268662	0.017020253837367216
0.002	17.858361358600852	0.020603094437200636
0.002	20.981745095446723	0.029558111320753932
0.002	24.651401011004822	0.02923935529500508
0.002	28.962870773663415	0.03757502912610947
0.002	34.028406056006716	0.041105038085197866
0.002	39.97989107369175	0.04500321679045657
0.002	46.97227626922917	0.04624258973062662
0.002	55.18761253866145	0.046936416762362355
0.002	64.83979103462343	0.048378685643872876
0.002	76.1801119493691	0.05657233690011433
0.002	89.50382726433341	0.051978452565852415
0.002	105.1578278105953	0.047117365665054124
0.002	123.54967477742055	0.04105221615442724
0.002	145.15821080956542	0.025824061515918324
0.002	170.54602695955512	0.01893797465404648
0.002	200.37411007943254	0.008728707706677104
0.002	235.41905200550934	0.004091456972215293
0.002	276.59326858745504	0.0009190591001756106
0.002	324.9687549761334	0.
0.002	381.80499565320207	0.
0.004	1.87	9.507050604821817e-16
0.004	2.1970584277369203	1.4654572775808833e-15
0.004	2.5813185748073946	6.43141284258941e-16
0.004	3.032784882061199	6.024003214990264e-11
0.004	3.5632115425912727	5.370730920791019e-7
0.004	4.1864085291227955	8.547725494394334e-6
0.004	4.918601144844364	0.0007431618929758318
0.004	5.778852458800415	0.0060670036872912045
0.004	6.789559624200897	0.017927285386619883
0.004	7.977037001589786	0.020795168794348704
0.004	9.372201268829992	0.027673392600506948
0.004	11.011376355149515	0.031198498055498968
0.004	12.937239156184116	0.03303661279645075
0.004	15.199930652268662	0.04844815566777289
0.004	17.858361358600852	0.06514235622588159
0.004	20.981745095446723	0.062274748429924635
0.004	24.651401011004822	0.0652194200541243
0.004	28.962870773663415	0.07332542160242642
0.004	34.028406056006716	0.08135507368226853
0.004	39.97989107369175	0.09316947025896508
0.004	46.97227626922917	0.09641207868148675
0.004	55.18761253866145	0.10043100587371998
0.004	64.83979103462343	0.10305617172150495
0.004	76.1801119493691	0.09930383372846627
0.004	89.50382726433341	0.0985586307472731
0.004	105.1578278105953	0.08396392295883139
0.004	123.54967477742055	0.06362428416639127
0.004	145.15821080956542	0.03988180275877666
0.004	170.54602695955512	0.02199274304752349
0.004	200.37411007943254	0.009778950873490854
0.004	235.41905200550934	0.0033935128161431396
0.004	276.59326858745504	0.0006903504574898593
0.004	324.9687549761334	0.
0.004	381.80499565320207	0.
0.006	1.87	1.3964676921797386e-16
0.006	2.1970584277369203	3.966264713174995e-16
0.006	2.5813185748073946	2.3320612825380613e-17
0.006	3.032784882061199	2.916411200030411e-6
0.006	3.5632115425912727	0.001284731803210104
0.006	4.1864085291227955	0.002583863602823392
0.006	4.918601144844364	0.006961758428295067
0.006	5.778852458800415	0.012822015933566262
0.006	6.789559624200897	0.023279648005088648
0.006	7.977037001589786	0.029465227703995865
0.006	9.372201268829992	0.04221376936910237
0.006	11.011376355149515	0.04639369950789337
0.006	12.937239156184116	0.0585559566707856
0.006	15.199930652268662	0.06244705057892358
0.006	17.858361358600852	0.08222998666417658
0.006	20.981745095446723	0.0912812203650123
0.006	24.651401011004822	0.10422029164696153
0.006	28.962870773663415	0.11080787350620806
0.006	34.028406056006716	0.12670408098042202
0.006	39.97989107369175	0.12959962741382067
0.006	46.97227626922917	0.1395028258960465
0.006	55.18761253866145	0.14425570236620372
0.006	64.83979103462343	0.14046256661514067
0.006	76.1801119493691	0.1328347192376706
0.006	89.50382726433341	0.12441991273379469
0.006	105.1578278105953	0.09869229664287923
0.006	123.54967477742055	0.06880200169832487
0.006	145.15821080956542	0.04078956990628267
0.006	170.54602695955512	0.02012008342009951
0.006	200.37411007943254	0.007237730897867739
0.006	235.41905200550934	0.0020026039983434512
0.006	276.59326858745504	0.0002570932942362417
0.006	324.9687549761334	0.
0.006	381.80499565320207	0.
0.008	1.87	0.
0.008	2.1970584277369203	5.5947614427250174e-18
0.008	2.5813185748073946	5.146920689457933e-9
0.008	3.032784882061199	0.00006408827157515281
0.008	3.5632115425912727	0.002335743871195265
0.008	4.1864085291227955	0.0033351442603927295
0.008	4.918601144844364	0.009603398975500992
0.008	5.778852458800415	0.015219217938191146
0.008	6.789559624200897	0.025836383458512576
0.008	7.977037001589786	0.04362590530407583
0.008	9.372201268829992	0.050365218887324995
0.008	11.011376355149515	0.05893239984903303
0.008	12.937239156184116	0.07171682459848201
0.008	15.199930652268662	0.09578722485258755
0.008	17.858361358600852	0.10428984662870745
0.008	20.981745095446723	0.11505709491443848
0.008	24.651401011004822	0.13624740810868508
0.008	28.962870773663415	0.15009229842627062
0.008	34.028406056006716	0.1575107164112127
0.008	39.97989107369175	0.16631030811889502
0.008	46.97227626922917	0.16911094584018643
0.008	55.18761253866145	0.1697101725878459
0.008	64.83979103462343	0.16515878358956346
0.008	76.1801119493691	0.14967814395081214
0.008	89.50382726433341	0.1252158471890009
0.008	105.1578278105953	0.09708614059807033
0.008	123.54967477742055	0.06827230046349507
0.008	145.15821080956542	0.036196224903659244
0.008	170.54602695955512	0.01591328054124966
0.008	200.37411007943254	0.005251172237033391
0.008	235.41905200550934	0.001235310080329713
0.008	276.59326858745504	0.00015894931882203412
0.008	324.9687549761334	0.
0.008	381.80499565320207	0.
0.01	1.87	2.0058666389134645e-16
0.01	2.1970584277369203	3.6126376048087237e-17
0.01	2.5813185748073946	1.9270101007709663e-7
0.01	3.032784882061199	0.000477963360325173
0.01	3.5632115425912727	0.003830096387769884
0.01	4.1864085291227955	0.0035499054231944807
0.01	4.918601144844364	0.008141553948081831
0.01	5.778852458800415	0.019132908707089412
0.01	6.789559624200897	0.0343000002928625
0.01	7.977037001589786	0.05370739127337916
0.01	9.372201268829992	0.06681855481744116
0.01	11.011376355149515	0.0812690389528958
0.01	12.937239156184116	0.10089123273365927
0.01	15.199930652268662	0.11278791429734028
0.01	17.858361358600852	0.12429848011894643
0.01	20.981745095446723	0.13967028750863048
0.01	24.651401011004822	0.16008343735709987
0.01	28.962870773663415	0.1747435283866899
0.01	34.028406056006716	0.18816675833107618
0.01	39.97989107369175	0.19109681055893102
0.01	46.97227626922917	0.19677274193178762
0.01	55.18761253866145	0.1913411932615387
0.01	64.83979103462343	0.17601515765668668
0.01	76.1801119493691	0.15401211987558677
0.01	89.50382726433341	0.12174173233831613
0.01	105.1578278105953	0.08932650298460137
0.01	123.54967477742055	0.05434772454907713
0.01	145.15821080956542	0.027338594338022375
0.01	170.54602695955512	0.011125561892876754
0.01	200.37411007943254	0.0032697196806067076
0.01	235.41905200550934	0.0007675062122756378
0.01	276.59326858745504	0.00013076194146242093
0.01	324.9687549761334	0.
0.01	381.80499565320207	0.
0.011748975549395297	1.87	1.9797165731588742e-16
0.011748975549395297	2.1970584277369203	0.
0.011748975549395297	2.5813185748073946	1.5206540976833777e-7
0.011748975549395297	3.032784882061199	0.0004720114525650752
0.011748975549395297	3.5632115425912727	0.004688878525691326
0.011748975549395297	4.1864085291227955	0.0033578715742716464
0.011748975549395297	4.918601144844364	0.007348293631055628
0.011748975549395297	5.778852458800415	0.02347105508549442
0.011748975549395297	6.789559624200897	0.036229538975362706
0.011748975549395297	7.977037001589786	0.06052769377460633
0.011748975549395297	9.372201268829992	0.07599005418118389
0.011748975549395297	11.011376355149515	0.09503843859821409
0.011748975549395297	12.937239156184116	0.11127299594926977
0.011748975549395297	15.199930652268662	0.13015551489352456
0.011748975549395297	17.858361358600852	0.145196995210221
0.011748975549395297	20.981745095446723	0.16578669136604934
0.011748975549395297	24.651401011004822	0.186007832572896
0.011748975549395297	28.962870773663415	0.1997872885801006
0.011748975549395297	34.028406056006716	0.20899961230560918
0.011748975549395297	39.97989107369175	0.21381614589439812
0.011748975549395297	46.97227626922917	0.21371979310322609
0.011748975549395297	55.18761253866145	0.20220156058222888
0.011748975549395297	64.83979103462343	0.18210101808281676
0.011748975549395297	76.1801119493691	0.1480315329134717
0.011748975549395297	89.50382726433341	0.11061351303912627
0.011748975549395297	105.1578278105953	0.07507270668440275
0.011748975549395297	123.54967477742055	0.04260168396310161
0.011748975549395297	145.15821080956542	0.02003111927050394
0.011748975549395297	170.54602695955512	0.007508369585595085
0.011748975549395297	200.37411007943254	0.0019934787030523758
0.011748975549395297	235.41905200550934	0.0004524568810133035
0.011748975549395297	276.59326858745504	0.000038452506420311993
0.011748975549395297	324.9687549761334	0.
0.011748975549395297	381.80499565320207	0.
0.013803842646028852	1.87	1.1751321667856611e-16
0.013803842646028852	2.1970584277369203	0.
0.013803842646028852	2.5813185748073946	1.4220204664129158e-7
0.013803842646028852	3.032784882061199	0.0003793813632305506
0.013803842646028852	3.5632115425912727	0.0031160877469329175
0.013803842646028852	4.1864085291227955	0.0022020729986286214
0.013803842646028852	4.918601144844364	0.012428243923005901
0.013803842646028852	5.778852458800415	0.027046900913459807
0.013803842646028852	6.789559624200897	0.043324798139214186
0.013803842646028852	7.977037001589786	0.0700564774638688
0.013803842646028852	9.372201268829992	0.09128702572475132
0.013803842646028852	11.011376355149515	0.11147791154970235
0.013803842646028852	12.937239156184116	0.12489697333661899
0.013803842646028852	15.199930652268662	0.1463099182120694
0.013803842646028852	17.858361358600852	0.16383953178548602
0.013803842646028852	20.981745095446723	0.1917616367501394
0.013803842646028852	24.651401011004822	0.20901997413770632
0.013803842646028852	28.962870773663415	0.22290346672954786
0.013803842646028852	34.028406056006716	0.22691035772138407
0.013803842646028852	39.97989107369175	0.23123658754472262
0.013803842646028852	46.97227626922917	0.22347862276319405
0.013803842646028852	55.18761253866145	0.20571945285380241
0.013803842646028852	64.83979103462343	0.1782625718006447
0.013803842646028852	76.1801119493691	0.13755535239230957
0.013803842646028852	89.50382726433341	0.09511156342135083
0.013803842646028852	105.1578278105953	0.057694595103854454
0.013803842646028852	123.54967477742055	0.030473546022467143
0.013803842646028852	145.15821080956542	0.013147350140396037
0.013803842646028852	170.54602695955512	0.004207099408929169
0.013803842646028852	200.37411007943254	0.0011550178596777545
0.013803842646028852	235.41905200550934	0.00021270294623288062
0.013803842646028852	276.59326858745504	0.000018269966861681162
0.013803842646028852	324.9687549761334	0.
0.013803842646028852	381.80499565320207	0.
0.0162181009735893	1.87	1.0096311282403639e-16
0.0162181009735893	2.1970584277369203	2.502664977313028e-13
0.0162181009735893	2.5813185748073946	9.542359493377077e-8
0.0162181009735893	3.032784882061199	0.00017450761458079298
0.0162181009735893	3.5632115425912727	0.0018240230003024494
0.0162181009735893	4.1864085291227955	0.0030340734653024237
0.0162181009735893	4.918601144844364	0.013872817231672925
0.0162181009735893	5.778852458800415	0.032922259425760006
0.0162181009735893	6.789559624200897	0.0456831317611385
0.0162181009735893	7.977037001589786	0.0826904448952314
0.0162181009735893	9.372201268829992	0.10940434951397168
0.0162181009735893	11.011376355149515	0.12622325431921422
0.0162181009735893	12.937239156184116	0.14877426778201455
0.0162181009735893	15.199930652268662	0.1680542047435003
0.0162181009735893	17.858361358600852	0.18919570395082072
0.0162181009735893	20.981745095446723	0.21698370003950054
0.0162181009735893	24.651401011004822	0.23566620630113494
0.0162181009735893	28.962870773663415	0.24619130063669303
0.0162181009735893	34.028406056006716	0.24937842995963
0.0162181009735893	39.97989107369175	0.23996906493079398
0.0162181009735893	46.97227626922917	0.23061572465355062
0.0162181009735893	55.18761253866145	0.202222379567394
0.0162181009735893	64.83979103462343	0.165133971730188
0.0162181009735893	76.1801119493691	0.12122288795413917
0.0162181009735893	89.50382726433341	0.07795387550643852
0.0162181009735893	105.1578278105953	0.043826210549211986
0.0162181009735893	123.54967477742055	0.02075480140236703
0.0162181009735893	145.15821080956542	0.0075038440155656165
0.0162181009735893	170.54602695955512	0.0018879348820279465
0.0162181009735893	200.37411007943254	0.0004561954863126049
0.0162181009735893	235.41905200550934	0.00008251030501149894
0.0162181009735893	276.59326858745504	5.385746472969621e-6
0.0162181009735893	324.9687549761334	0.
0.0162181009735893	381.80499565320207	0.
0.019054607179632473	1.87	2.805839386414739e-17
0.019054607179632473	2.1970584277369203	8.44533321398411e-11
0.019054607179632473	2.5813185748073946	3.4628866259299088e-6
0.019054607179632473	3.032784882061199	0.0003683537762565552
0.019054607179632473	3.5632115425912727	0.0025108880318619044
0.019054607179632473	4.1864085291227955	0.006409356487046812
0.019054607179632473	4.918601144844364	0.016972700332287923
0.019054607179632473	5.778852458800415	0.03621527103121049
0.019054607179632473	6.789559624200897	0.061291693478760616
0.019054607179632473	7.977037001589786	0.09469688173302034
0.019054607179632473	9.372201268829992	0.13006479865209142
0.019054607179632473	11.011376355149515	0.1388833813297955
0.019054607179632473	12.937239156184116	0.1710842521678265
0.019054607179632473	15.199930652268662	0.1955637848313167
0.019054607179632473	17.858361358600852	0.2174898405757849
0.019054607179632473	20.981745095446723	0.23614297508098642
0.019054607179632473	24.651401011004822	0.2610382383023448
0.019054607179632473	28.962870773663415	0.27064958120394805
0.019054607179632473	34.028406056006716	0.2661224467179049
0.019054607179632473	39.97989107369175	0.24720321819043334
0.019054607179632473	46.97227626922917	0.2274468255157157
0.019054607179632473	55.18761253866145	0.18890435575094291
0.019054607179632473	64.83979103462343	0.1437180580067748
0.019054607179632473	76.1801119493691	0.09681334829560423
0.019054607179632473	89.50382726433341	0.05746476168284119
0.019054607179632473	105.1578278105953	0.02938984100088261
0.019054607179632473	123.54967477742055	0.01220787659694588
0.019054607179632473	145.15821080956542	0.0039960361733859025
0.019054607179632473	170.54602695955512	0.0008979142992828185
0.019054607179632473	200.37411007943254	0.00016187894354387312
0.019054607179632473	235.41905200550934	0.000032124369045356516
0.019054607179632473	276.59326858745504	1.0301060476146377e-6
0.019054607179632473	324.9687549761334	0.
0.019054607179632473	381.80499565320207	0.
0.0223872113856834	1.87	0.
0.0223872113856834	2.1970584277369203	2.2499351381491268e-9
0.0223872113856834	2.5813185748073946	0.00005080229225955155
0.0223872113856834	3.032784882061199	0.0011371266303295564
0.0223872113856834	3.5632115425912727	0.002692130456682751
0.0223872113856834	4.1864085291227955	0.006648361101036121
0.0223872113856834	4.918601144844364	0.016199761225024083
0.0223872113856834	5.778852458800415	0.03685126064055211
0.0223872113856834	6.789559624200897	0.0739602420926239
0.0223872113856834	7.977037001589786	0.10561463115960044
0.0223872113856834	9.372201268829992	0.14933046985559265
0.0223872113856834	11.011376355149515	0.16787766003687377
0.0223872113856834	12.937239156184116	0.19336141879934032
0.0223872113856834	15.199930652268662	0.22299511767365893
0.0223872113856834	17.858361358600852	0.24849270945354085
0.0223872113856834	20.981745095446723	0.2641906930299901
0.0223872113856834	24.651401011004822	0.2801333637573712
0.0223872113856834	28.962870773663415	0.28254739153039005
0.0223872113856834	34.028406056006716	0.2676821918621994
0.0223872113856834	39.97989107369175	0.24380923395127074
0.0223872113856834	46.97227626922917	0.2087440165992938
0.0223872113856834	55.18761253866145	0.16300744611012616
0.0223872113856834	64.83979103462343	0.11508937502818434
0.0223872113856834	76.1801119493691	0.07059956141841923
0.0223872113856834	89.50382726433341	0.037441920755418995
0.0223872113856834	105.1578278105953	0.01713735929520887
0.0223872113856834	123.54967477742055	0.006168344708848955
0.0223872113856834	145.15821080956542	0.0016888804120603915
0.0223872113856834	170.54602695955512	0.0003273528339092041
0.0223872113856834	200.37411007943254	0.000040852744717594464
0.0223872113856834	235.41905200550934	5.208544987027502e-6
0.0223872113856834	276.59326858745504	1.0104083362212655e-7
0.0223872113856834	324.9687549761334	0.
0.0223872113856834	381.80499565320207	0.
0.026302679918953815	1.87	0.
0.026302679918953815	2.1970584277369203	2.818430683944504e-9
0.026302679918953815	2.5813185748073946	0.000058674145020061566
0.026302679918953815	3.032784882061199	0.0013588958227689779
0.026302679918953815	3.5632115425912727	0.0032425645146036386
0.026302679918953815	4.1864085291227955	0.008076248981202678
0.026302679918953815	4.918601144844364	0.01873693274288278
0.026302679918953815	5.778852458800415	0.04562768897780415
0.026302679918953815	6.789559624200897	0.08650899334422213
0.026302679918953815	7.977037001589786	0.12320699311827471
0.026302679918953815	9.372201268829992	0.15700103764911863
0.026302679918953815	11.011376355149515	0.18810384871338456
0.026302679918953815	12.937239156184116	0.21839646754709804
0.026302679918953815	15.199930652268662	0.244198447344638
0.026302679918953815	17.858361358600852	0.2746040902639233
0.026302679918953815	20.981745095446723	0.2919760866059742
0.026302679918953815	24.651401011004822	0.2900057059433624
0.026302679918953815	28.962870773663415	0.28515131948250977
0.026302679918953815	34.028406056006716	0.26811503255394176
0.026302679918953815	39.97989107369175	0.22688593045290245
0.026302679918953815	46.97227626922917	0.18218620376405745
0.026302679918953815	55.18761253866145	0.13062798045698082
0.026302679918953815	64.83979103462343	0.08509370346560535
0.026302679918953815	76.1801119493691	0.04678594833250563
0.026302679918953815	89.50382726433341	0.021287498239824447
0.026302679918953815	105.1578278105953	0.00864969904181272
0.026302679918953815	123.54967477742055	0.0027165678120276648
0.026302679918953815	145.15821080956542	0.0005151266007906438
0.026302679918953815	170.54602695955512	0.00006915694654665976
0.026302679918953815	200.37411007943254	0.00001557152434627603
0.026302679918953815	235.41905200550934	1.1632947759172612e-6
0.026302679918953815	276.59326858745504	9.169544491720982e-10
0.026302679918953815	324.9687549761334	0.
0.026302679918953815	381.80499565320207	0.
0.030902954325135904	1.87	0.
0.030902954325135904	2.1970584277369203	1.8907332746426175e-10
0.030902954325135904	2.5813185748073946	0.00003282141418490017
0.030902954325135904	3.032784882061199	0.001994110033634408
0.030902954325135904	3.5632115425912727	0.002383795507896986
0.030902954325135904	4.1864085291227955	0.010571707428165034
0.030902954325135904	4.918601144844364	0.02452330393897716
0.030902954325135904	5.778852458800415	0.057011486502452566
0.030902954325135904	6.789559624200897	0.0935329631169965
0.030902954325135904	7.977037001589786	0.13464624257928215
0.030902954325135904	9.372201268829992	0.17539291599894183
0.030902954325135904	11.011376355149515	0.20942495972324246
0.030902954325135904	12.937239156184116	0.2425782673101524
0.030902954325135904	15.199930652268662	0.26940310697822895
0.030902954325135904	17.858361358600852	0.2914177287777481
0.030902954325135904	20.981745095446723	0.3047741351637382
0.030902954325135904	24.651401011004822	0.2967248942142804
0.030902954325135904	28.962870773663415	0.27600987816914146
0.030902954325135904	34.028406056006716	0.24546031460909848
0.030902954325135904	39.97989107369175	0.20139437897762186
0.030902954325135904	46.97227626922917	0.14636156846182827
0.030902954325135904	55.18761253866145	0.09490272201102908
0.030902954325135904	64.83979103462343	0.057197537585969814
0.030902954325135904	76.1801119493691	0.027650035617355247
0.030902954325135904	89.50382726433341	0.010753170523932454
0.030902954325135904	105.1578278105953	0.0035374955658859166
0.030902954325135904	123.54967477742055	0.0009848701929284231
0.030902954325135904	145.15821080956542	0.00010122314775674682
0.030902954325135904	170.54602695955512	0.000014118940874512992
0.030902954325135904	200.37411007943254	9.462846255080397e-6
0.030902954325135904	235.41905200550934	1.6146611913153488e-6
0.030902954325135904	276.59326858745504	6.193009357047551e-10
0.030902954325135904	324.9687549761334	0.
0.030902954325135904	381.80499565320207	0.
0.03630780547701014	1.87	0.
0.03630780547701014	2.1970584277369203	3.643293446045382e-13
0.03630780547701014	2.5813185748073946	8.144317147235686e-6
0.03630780547701014	3.032784882061199	0.0009558848519093893
0.03630780547701014	3.5632115425912727	0.0026383189421052616
0.03630780547701014	4.1864085291227955	0.011616149930921235
0.03630780547701014	4.918601144844364	0.0302096761901204
0.03630780547701014	5.778852458800415	0.06481730713303706
0.03630780547701014	6.789559624200897	0.10557787337835983
0.03630780547701014	7.977037001589786	0.15998409682861045
0.03630780547701014	9.372201268829992	0.20300603928340782
0.03630780547701014	11.011376355149515	0.2319886980286129
0.03630780547701014	12.937239156184116	0.2692240793572872
0.03630780547701014	15.199930652268662	0.296979696530247
0.03630780547701014	17.858361358600852	0.3043559308043936
0.03630780547701014	20.981745095446723	0.304650154133183
0.03630780547701014	24.651401011004822	0.29206952411535475
0.03630780547701014	28.962870773663415	0.25567476820165697
0.03630780547701014	34.028406056006716	0.2157972901198584
0.03630780547701014	39.97989107369175	0.16194688675511867
0.03630780547701014	46.97227626922917	0.1083592945606303
0.03630780547701014	55.18761253866145	0.06345797595831854
0.03630780547701014	64.83979103462343	0.03205934074467723
0.03630780547701014	76.1801119493691	0.013071999721197755
0.03630780547701014	89.50382726433341	0.00479042324327556
0.03630780547701014	105.1578278105953	0.0011136934496357239
0.03630780547701014	123.54967477742055	0.00020568856793706574
0.03630780547701014	145.15821080956542	9.85724630306504e-6
0.03630780547701014	170.54602695955512	8.122281587622428e-7
0.03630780547701014	200.37411007943254	6.642589211459023e-7
0.03630780547701014	235.41905200550934	1.565999338808407e-7
0.03630780547701014	276.59326858745504	6.037765412529418e-11
0.03630780547701014	324.9687549761334	0.
0.03630780547701014	381.80499565320207	0.
0.04265795188015928	1.87	0.
0.04265795188015928	2.1970584277369203	1.116260568217215e-17
0.04265795188015928	2.5813185748073946	5.565016188837891e-6
0.04265795188015928	3.032784882061199	0.0008309885856907376
0.04265795188015928	3.5632115425912727	0.003451050902742262
0.04265795188015928	4.1864085291227955	0.012967517347773648
0.04265795188015928	4.918601144844364	0.033434448809110784
0.04265795188015928	5.778852458800415	0.07302181737790478
0.04265795188015928	6.789559624200897	0.11846953091958402
0.04265795188015928	7.977037001589786	0.1776830863013313
0.04265795188015928	9.372201268829992	0.2231396252935164
0.04265795188015928	11.011376355149515	0.2565522737849753
0.04265795188015928	12.937239156184116	0.2867122763751988
0.04265795188015928	15.199930652268662	0.31117015016712307
0.04265795188015928	17.858361358600852	0.31136109373060333
0.04265795188015928	20.981745095446723	0.30219656476488965
0.04265795188015928	24.651401011004822	0.2686606415402729
0.04265795188015928	28.962870773663415	0.22456095909516452
0.04265795188015928	34.028406056006716	0.17421999541741587
0.04265795188015928	39.97989107369175	0.11447984577473361
0.04265795188015928	46.97227626922917	0.06957161431347257
0.04265795188015928	55.18761253866145	0.0358303555130419
0.04265795188015928	64.83979103462343	0.015287969151243929
0.04265795188015928	76.1801119493691	0.005047239853206182
0.04265795188015928	89.50382726433341	0.001534930617533541
0.04265795188015928	105.1578278105953	0.0003023209569444781
0.04265795188015928	123.54967477742055	0.000038463318766936953
0.04265795188015928	145.15821080956542	1.1215155518239477e-6
0.04265795188015928	170.54602695955512	5.969680613233538e-9
0.04265795188015928	200.37411007943254	4.158946788246409e-9
0.04265795188015928	235.41905200550934	1.0644847502732042e-9
0.04265795188015928	276.59326858745504	4.106532101174039e-13
0.04265795188015928	324.9687549761334	0.
0.04265795188015928	381.80499565320207	0.
0.05011872336272725	1.87	0.
0.05011872336272725	2.1970584277369203	1.1002543997281103e-11
0.05011872336272725	2.5813185748073946	0.000010272123944998907
0.05011872336272725	3.032784882061199	0.0010737468160520963
0.05011872336272725	3.5632115425912727	0.004939735487517509
0.05011872336272725	4.1864085291227955	0.015305411939523847
0.05011872336272725	4.918601144844364	0.03934297260615467
0.05011872336272725	5.778852458800415	0.08091081127261437
0.05011872336272725	6.789559624200897	0.13807392727649112
0.05011872336272725	7.977037001589786	0.1957885630350176
0.05011872336272725	9.372201268829992	0.2397977221156794
0.05011872336272725	11.011376355149515	0.2773538815801031
0.05011872336272725	12.937239156184116	0.29573050691179226
0.05011872336272725	15.199930652268662	0.30829943306164437
0.05011872336272725	17.858361358600852	0.29963561508607345
0.05011872336272725	20.981745095446723	0.27717616684790625
0.05011872336272725	24.651401011004822	0.2290714848489192
0.05011872336272725	28.962870773663415	0.17734507106420017
0.05011872336272725	34.028406056006716	0.122273866160771
0.05011872336272725	39.97989107369175	0.07158686464360729
0.05011872336272725	46.97227626922917	0.03777113652909442
0.05011872336272725	55.18761253866145	0.01633454735308597
0.05011872336272725	64.83979103462343	0.00598283068945126
0.05011872336272725	76.1801119493691	0.0016993425189669694
0.05011872336272725	89.50382726433341	0.0003826485415016615
0.05011872336272725	105.1578278105953	0.0000820511184124252
0.05011872336272725	123.54967477742055	4.053990349858511e-6
0.05011872336272725	145.15821080956542	7.743907393386725e-8
0.05011872336272725	170.54602695955512	5.756943234625948e-12
0.05011872336272725	200.37411007943254	0.
0.05011872336272725	235.41905200550934	0.
0.05011872336272725	276.59326858745504	0.
0.05011872336272725	324.9687549761334	0.
0.05011872336272725	381.80499565320207	0.
0.0588843655355589	1.87	0.
0.0588843655355589	2.1970584277369203	3.422971529707643e-9
0.0588843655355589	2.5813185748073946	9.614500012518862e-6
0.0588843655355589	3.032784882061199	0.0014155895423191601
0.0588843655355589	3.5632115425912727	0.005992130470726376
0.0588843655355589	4.1864085291227955	0.016983816111826783
0.0588843655355589	4.918601144844364	0.04134629228712
0.0588843655355589	5.778852458800415	0.0917070588133556
0.0588843655355589	6.789559624200897	0.14915168565747378
0.0588843655355589	7.977037001589786	0.21212374666456002
0.0588843655355589	9.372201268829992	0.25478897842233184
0.0588843655355589	11.011376355149515	0.2847590254936352
0.0588843655355589	12.937239156184116	0.29634914216646635
0.0588843655355589	15.199930652268662	0.29349456149974695
0.0588843655355589	17.858361358600852	0.2673442708098066
0.0588843655355589	20.981745095446723	0.23259722951041326
0.0588843655355589	24.651401011004822	0.18112041630338252
0.0588843655355589	28.962870773663415	0.12701246636096425
0.0588843655355589	34.028406056006716	0.07634549208035715
0.0588843655355589	39.97989107369175	0.04018385529586095
0.0588843655355589	46.97227626922917	0.017015453517676707
0.0588843655355589	55.18761253866145	0.005801373253581845
0.0588843655355589	64.83979103462343	0.001877918622462095
0.0588843655355589	76.1801119493691	0.00043605945895554277
0.0588843655355589	89.50382726433341	0.00006421172965194848
0.0588843655355589	105.1578278105953	0.000016348308059014553
0.0588843655355589	123.54967477742055	1.7842567689656442e-7
0.0588843655355589	145.15821080956542	3.875190915183448e-10
0.0588843655355589	170.54602695955512	2.4112323843739774e-14
0.0588843655355589	200.37411007943254	0.
0.0588843655355589	235.41905200550934	0.
0.0588843655355589	276.59326858745504	0.
0.0588843655355589	324.9687549761334	0.
0.0588843655355589	381.80499565320207	0.
0.06918309709189366	1.87	0.
0.06918309709189366	2.1970584277369203	9.041675905107574e-8
0.06918309709189366	2.5813185748073946	0.00010094207961242094
0.06918309709189366	3.032784882061199	0.001174191786076833
0.06918309709189366	3.5632115425912727	0.007556875388759714
0.06918309709189366	4.1864085291227955	0.019008454758074073
0.06918309709189366	4.918601144844364	0.04319150436196267
0.06918309709189366	5.778852458800415	0.10065116386440345
0.06918309709189366	6.789559624200897	0.16147601270540327
0.06918309709189366	7.977037001589786	0.2191255466004752
0.06918309709189366	9.372201268829992	0.25740269500993035
0.06918309709189366	11.011376355149515	0.2805375200571151
0.06918309709189366	12.937239156184116	0.27931835113510517
0.06918309709189366	15.199930652268662	0.2618403274530938
0.06918309709189366	17.858361358600852	0.2242682441045504
0.06918309709189366	20.981745095446723	0.18078156669405537
0.06918309709189366	24.651401011004822	0.12682033781516874
0.06918309709189366	28.962870773663415	0.07730639838717647
0.06918309709189366	34.028406056006716	0.03994132469149347
0.06918309709189366	39.97989107369175	0.01819944154528321
0.06918309709189366	46.97227626922917	0.006598112035656269
0.06918309709189366	55.18761253866145	0.001772795940895882
0.06918309709189366	64.83979103462343	0.00042556708055900344
0.06918309709189366	76.1801119493691	0.00007454058754796486
0.06918309709189366	89.50382726433341	9.53236564475253e-6
0.06918309709189366	105.1578278105953	2.1510461134006505e-6
0.06918309709189366	123.54967477742055	1.7086474075000566e-8
0.06918309709189366	145.15821080956542	7.544054691590537e-14
0.06918309709189366	170.54602695955512	2.4698197071321494e-19
0.06918309709189366	200.37411007943254	0.
0.06918309709189366	235.41905200550934	0.
0.06918309709189366	276.59326858745504	0.
0.06918309709189366	324.9687549761334	0.
0.06918309709189366	381.80499565320207	0.
0.08128305161640995	1.87	6.759001957828576e-18
0.08128305161640995	2.1970584277369203	1.1482478718826168e-7
0.08128305161640995	2.5813185748073946	0.00014560622106776815
0.08128305161640995	3.032784882061199	0.0015541777637745745
0.08128305161640995	3.5632115425912727	0.008627369457385741
0.08128305161640995	4.1864085291227955	0.020253363964006153
0.08128305161640995	4.918601144844364	0.04751571315043871
0.08128305161640995	5.778852458800415	0.10222477038625172
0.08128305161640995	6.789559624200897	0.16565995338669917
0.08128305161640995	7.977037001589786	0.21776654013777705
0.08128305161640995	9.372201268829992	0.25088872136199236
0.08128305161640995	11.011376355149515	0.2621499888059768
0.08128305161640995	12.937239156184116	0.24578756698950438
0.08128305161640995	15.199930652268662	0.2148409192744808
0.08128305161640995	17.858361358600852	0.170738306781278
0.08128305161640995	20.981745095446723	0.12280104766505132
0.08128305161640995	24.651401011004822	0.07505881102238807
0.08128305161640995	28.962870773663415	0.0404824807876019
0.08128305161640995	34.028406056006716	0.01750658279970478
0.08128305161640995	39.97989107369175	0.006615420008739458
0.08128305161640995	46.97227626922917	0.0019397008628677362
0.08128305161640995	55.18761253866145	0.000458374248603194
0.08128305161640995	64.83979103462343	0.00005373946334837105
0.08128305161640995	76.1801119493691	4.106367799201382e-6
0.08128305161640995	89.50382726433341	6.875578934964975e-7
0.08128305161640995	105.1578278105953	5.560316068621135e-8
0.08128305161640995	123.54967477742055	1.249918892270218e-10
0.08128305161640995	145.15821080956542	0.
0.08128305161640995	170.54602695955512	3.519986008205676e-19
0.08128305161640995	200.37411007943254	0.
0.08128305161640995	235.41905200550934	0.
0.08128305161640995	276.59326858745504	0.
0.08128305161640995	324.9687549761334	0.
0.08128305161640995	381.80499565320207	0.
0.09549925860214359	1.87	0.
0.09549925860214359	2.1970584277369203	1.8589414356602934e-8
0.09549925860214359	2.5813185748073946	0.00005962984639089643
0.09549925860214359	3.032784882061199	0.0022093996472377438
0.09549925860214359	3.5632115425912727	0.008922868232673622
0.09549925860214359	4.1864085291227955	0.02249805833896746
0.09549925860214359	4.918601144844364	0.052315018427217336
0.09549925860214359	5.778852458800415	0.10366391373425149
0.09549925860214359	6.789559624200897	0.16543307207926838
0.09549925860214359	7.977037001589786	0.2108511313022194
0.09549925860214359	9.372201268829992	0.23358589922142517
0.09549925860214359	11.011376355149515	0.224667522239563
0.09549925860214359	12.937239156184116	0.19561180269615067
0.09549925860214359	15.199930652268662	0.15832439520045194
0.09549925860214359	17.858361358600852	0.11407677116002567
0.09549925860214359	20.981745095446723	0.07198815249099107
0.09549925860214359	24.651401011004822	0.03786291594785128
0.09549925860214359	28.962870773663415	0.017656188801987823
0.09549925860214359	34.028406056006716	0.006299760075756853
0.09549925860214359	39.97989107369175	0.0020505254219390454
0.09549925860214359	46.97227626922917	0.0004458755574159427
0.09549925860214359	55.18761253866145	0.00009748197516372184
0.09549925860214359	64.83979103462343	7.836664724143031e-6
0.09549925860214359	76.1801119493691	7.366313574005193e-8
0.09549925860214359	89.50382726433341	5.43682807098534e-9
0.09549925860214359	105.1578278105953	3.6576815044686344e-10
0.09549925860214359	123.54967477742055	1.4056031145201393e-13
0.09549925860214359	145.15821080956542	0.
0.09549925860214359	170.54602695955512	4.051561444829144e-19
0.09549925860214359	200.37411007943254	6.977788796794858e-20
0.09549925860214359	235.41905200550934	9.902189178659607e-21
0.09549925860214359	276.59326858745504	3.87921836867366e-21
0.09549925860214359	324.9687549761334	0.
0.09549925860214359	381.80499565320207	0.
0.11220184543019636	1.87	5.85108296859491e-18
0.11220184543019636	2.1970584277369203	2.8527399807820924e-9
0.11220184543019636	2.5813185748073946	0.000021991789421870697
0.11220184543019636	3.032784882061199	0.002279987750677047
0.11220184543019636	3.5632115425912727	0.009343826158228962
0.11220184543019636	4.1864085291227955	0.021886172780125758
0.11220184543019636	4.918601144844364	0.051498688850853847
0.11220184543019636	5.778852458800415	0.09561224530658112
0.11220184543019636	6.789559624200897	0.1502501508011576
0.11220184543019636	7.977037001589786	0.18576458646294194
0.11220184543019636	9.372201268829992	0.1984516528727247
0.11220184543019636	11.011376355149515	0.1746562762215044
0.11220184543019636	12.937239156184116	0.14164196724284753
0.11220184543019636	15.199930652268662	0.10214861263787028
0.11220184543019636	17.858361358600852	0.06596734764618749
0.11220184543019636	20.981745095446723	0.035514021486590094
0.11220184543019636	24.651401011004822	0.014971164307954109
0.11220184543019636	28.962870773663415	0.0059532067993520715
0.11220184543019636	34.028406056006716	0.0016360228677321776
0.11220184543019636	39.97989107369175	0.0004282413590787097
0.11220184543019636	46.97227626922917	0.00007398388111658605
0.11220184543019636	55.18761253866145	9.520123727101334e-6
0.11220184543019636	64.83979103462343	2.4800302257548017e-7
0.11220184543019636	76.1801119493691	2.258975793569129e-10
0.11220184543019636	89.50382726433341	3.505084658712334e-14
0.11220184543019636	105.1578278105953	3.946177124563436e-20
0.11220184543019636	123.54967477742055	0.
0.11220184543019636	145.15821080956542	0.
0.11220184543019636	170.54602695955512	3.3066838892190824e-19
0.11220184543019636	200.37411007943254	2.034091098106763e-19
0.11220184543019636	235.41905200550934	2.2399232237636637e-19
0.11220184543019636	276.59326858745504	1.0870299714237453e-19
0.11220184543019636	324.9687549761334	0.
0.11220184543019636	381.80499565320207	0.
0.13182567385564073	1.87	8.747589725377907e-18
0.13182567385564073	2.1970584277369203	9.049286541409951e-9
0.13182567385564073	2.5813185748073946	0.000036092245072000094
0.13182567385564073	3.032784882061199	0.0017417369615658916
0.13182567385564073	3.5632115425912727	0.009884449618366271
0.13182567385564073	4.1864085291227955	0.0220902477606236
0.13182567385564073	4.918601144844364	0.047706091388641306
0.13182567385564073	5.778852458800415	0.08447021707539928
0.13182567385564073	6.789559624200897	0.12515039126258565
0.13182567385564073	7.977037001589786	0.14917050758071163
0.13182567385564073	9.372201268829992	0.1436615285441493
0.13182567385564073	11.011376355149515	0.11787722598612332
0.13182567385564073	12.937239156184116	0.08611259201971028
0.13182567385564073	15.199930652268662	0.05521014430648732
0.13182567385564073	17.858361358600852	0.030391261579478794
0.13182567385564073	20.981745095446723	0.013396509413841568
0.13182567385564073	24.651401011004822	0.004705982675575895
0.13182567385564073	28.962870773663415	0.0014520326826262967
0.13182567385564073	34.028406056006716	0.00031853235481526404
0.13182567385564073	39.97989107369175	0.00005245259479980128
0.13182567385564073	46.97227626922917	5.303188832311078e-6
0.13182567385564073	55.18761253866145	1.6060096855806992e-7
0.13182567385564073	64.83979103462343	1.86235720264892e-9
0.13182567385564073	76.1801119493691	4.466865032762461e-13
0.13182567385564073	89.50382726433341	5.665754917137925e-20
0.13182567385564073	105.1578278105953	1.1300913718253517e-19
0.13182567385564073	123.54967477742055	1.950037868738015e-20
0.13182567385564073	145.15821080956542	0.
0.13182567385564073	170.54602695955512	5.18145410470548e-19
0.13182567385564073	200.37411007943254	2.695435438632347e-19
0.13182567385564073	235.41905200550934	3.472779889078547e-19
0.13182567385564073	276.59326858745504	1.760261463830405e-19
0.13182567385564073	324.9687549761334	0.
0.13182567385564073	381.80499565320207	0.
0.1548816618912482	1.87	1.474737625194069e-17
0.1548816618912482	2.1970584277369203	2.720196543327944e-9
0.1548816618912482	2.5813185748073946	0.000019844566318441447
0.1548816618912482	3.032784882061199	0.0013435784065326133
0.1548816618912482	3.5632115425912727	0.009137935345234056
0.1548816618912482	4.1864085291227955	0.02134985557872939
0.1548816618912482	4.918601144844364	0.04042816685513341
0.1548816618912482	5.778852458800415	0.06761735187712009
0.1548816618912482	6.789559624200897	0.0936817634804826
0.1548816618912482	7.977037001589786	0.10258934482944801
0.1548816618912482	9.372201268829992	0.09235282559845949
0.1548816618912482	11.011376355149515	0.06659805784326271
0.1548816618912482	12.937239156184116	0.0421958743167336
0.1548816618912482	15.199930652268662	0.023621027588626744
0.1548816618912482	17.858361358600852	0.010589592700518824
0.1548816618912482	20.981745095446723	0.004021360059804405
0.1548816618912482	24.651401011004822	0.0010794135142780062
0.1548816618912482	28.962870773663415	0.0001979379956769604
0.1548816618912482	34.028406056006716	0.00003263949311462589
0.1548816618912482	39.97989107369175	5.062540154077595e-6
0.1548816618912482	46.97227626922917	7.241487225344666e-8
0.1548816618912482	55.18761253866145	1.541947769863715e-10
0.1548816618912482	64.83979103462343	8.053307500806806e-13
0.1548816618912482	76.1801119493691	1.209264250515461e-18
0.1548816618912482	89.50382726433341	4.598793872597741e-20
0.1548816618912482	105.1578278105953	1.8422198281918596e-19
0.1548816618912482	123.54967477742055	1.839971452626752e-20
0.1548816618912482	145.15821080956542	0.
0.1548816618912482	170.54602695955512	3.4996803218254378e-19
0.1548816618912482	200.37411007943254	2.551169027239887e-19
0.1548816618912482	235.41905200550934	3.15907243555529e-19
0.1548816618912482	276.59326858745504	2.0962893898851062e-19
0.1548816618912482	324.9687549761334	0.
0.1548816618912482	381.80499565320207	0.
0.18197008586099844	1.87	1.488139797263203e-17
0.18197008586099844	2.1970584277369203	4.660044660927826e-10
0.18197008586099844	2.5813185748073946	0.000014900533366826414
0.18197008586099844	3.032784882061199	0.0012090899546772793
0.18197008586099844	3.5632115425912727	0.007960190052536438
0.18197008586099844	4.1864085291227955	0.018399907932606707
0.18197008586099844	4.918601144844364	0.031087317873458618
0.18197008586099844	5.778852458800415	0.04719716796781896
0.18197008586099844	6.789559624200897	0.05835002133884736
0.18197008586099844	7.977037001589786	0.0595019107930927
0.18197008586099844	9.372201268829992	0.04883460917907242
0.18197008586099844	11.011376355149515	0.03023006488559202
0.18197008586099844	12.937239156184116	0.015744476498288258
0.18197008586099844	15.199930652268662	0.007336388873294194
0.18197008586099844	17.858361358600852	0.0025709928050968067
0.18197008586099844	20.981745095446723	0.00073591046861933
0.18197008586099844	24.651401011004822	0.00014702717229648696
0.18197008586099844	28.962870773663415	0.000014212828617358444
0.18197008586099844	34.028406056006716	1.353272847325537e-6
0.18197008586099844	39.97989107369175	1.9258430384698288e-7
0.18197008586099844	46.97227626922917	3.2365699194940727e-10
0.18197008586099844	55.18761253866145	2.355659670109152e-14
0.18197008586099844	64.83979103462343	8.486301510319708e-19
0.18197008586099844	76.1801119493691	7.668275038695221e-19
0.18197008586099844	89.50382726433341	4.6367698898483306e-20
0.18197008586099844	105.1578278105953	3.1083282392208124e-21
0.18197008586099844	123.54967477742055	3.304874897093535e-20
0.18197008586099844	145.15821080956542	2.6550606964454966e-20
0.18197008586099844	170.54602695955512	4.194153202540904e-19
0.18197008586099844	200.37411007943254	3.5012821703556655e-19
0.18197008586099844	235.41905200550934	3.7728653402908483e-19
0.18197008586099844	276.59326858745504	2.8569866678811996e-19
0.18197008586099844	324.9687549761334	0.
0.18197008586099844	381.80499565320207	0.
0.21379620895022325	1.87	2.62588310876599e-18
0.21379620895022325	2.1970584277369203	5.547272016751287e-10
0.21379620895022325	2.5813185748073946	0.000013257851272085719
0.21379620895022325	3.032784882061199	0.0009174483522685705
0.21379620895022325	3.5632115425912727	0.0060444269603812046
0.21379620895022325	4.1864085291227955	0.014435551877071772
0.21379620895022325	4.918601144844364	0.020627007499913187
0.21379620895022325	5.778852458800415	0.027941400867159606
0.21379620895022325	6.789559624200897	0.03007566594392432
0.21379620895022325	7.977037001589786	0.026940658050380727
0.21379620895022325	9.372201268829992	0.018737401020474942
0.21379620895022325	11.011376355149515	0.010180776397572769
0.21379620895022325	12.937239156184116	0.004372532988647073
0.21379620895022325	15.199930652268662	0.001615473818948652
0.21379620895022325	17.858361358600852	0.0003508903003170008
0.21379620895022325	20.981745095446723	0.00006254051892153627
0.21379620895022325	24.651401011004822	0.000011581654790234833
0.21379620895022325	28.962870773663415	2.5349557137869045e-7
0.21379620895022325	34.028406056006716	8.952236896318528e-9
0.21379620895022325	39.97989107369175	7.479195460780555e-10
0.21379620895022325	46.97227626922917	6.041576049147888e-13
0.21379620895022325	55.18761253866145	3.1926246981781384e-20
0.21379620895022325	64.83979103462343	4.181375211328478e-19
0.21379620895022325	76.1801119493691	1.5934254757503136e-19
0.21379620895022325	89.50382726433341	3.143154503605986e-21
0.21379620895022325	105.1578278105953	1.0831104530995798e-20
0.21379620895022325	123.54967477742055	5.0392276539710386e-20
0.21379620895022325	145.15821080956542	9.98985573498362e-20
0.21379620895022325	170.54602695955512	3.067428031791509e-19
0.21379620895022325	200.37411007943254	2.507981962232603e-19
0.21379620895022325	235.41905200550934	2.7977229334509365e-19
0.21379620895022325	276.59326858745504	2.1459079309141865e-19
0.21379620895022325	324.9687549761334	0.
0.21379620895022325	381.80499565320207	0.
0.25118864315095807	1.87	2.5474693995839344e-18
0.25118864315095807	2.1970584277369203	8.690594899465554e-10
0.25118864315095807	2.5813185748073946	0.0000149818778122014
0.25118864315095807	3.032784882061199	0.0006405257264552563
0.25118864315095807	3.5632115425912727	0.003720593458076107
0.25118864315095807	4.1864085291227955	0.009132644608764133
0.25118864315095807	4.918601144844364	0.010951101986913866
0.25118864315095807	5.778852458800415	0.013077485754785475
0.25118864315095807	6.789559624200897	0.012011278497524458
0.25118864315095807	7.977037001589786	0.0087841304446275
0.25118864315095807	9.372201268829992	0.004797753609594256
0.25118864315095807	11.011376355149515	0.0020958288975563345
0.25118864315095807	12.937239156184116	0.0006844216228452456
0.25118864315095807	15.199930652268662	0.00016780931526759395
0.25118864315095807	17.858361358600852	0.00003363769789270742
0.25118864315095807	20.981745095446723	3.9194494446314685e-6
0.25118864315095807	24.651401011004822	1.0427320377160972e-6
0.25118864315095807	28.962870773663415	7.711649579974853e-10
0.25118864315095807	34.028406056006716	2.3508291782400454e-13
0.25118864315095807	39.97989107369175	8.044429651676571e-19
0.25118864315095807	46.97227626922917	1.7394069591383327e-18
0.25118864315095807	55.18761253866145	0.
0.25118864315095807	64.83979103462343	4.796051712045699e-19
0.25118864315095807	76.1801119493691	8.010690393100388e-21
0.25118864315095807	89.50382726433341	0.
0.25118864315095807	105.1578278105953	0.
0.25118864315095807	123.54967477742055	1.0065944056047519e-20
0.25118864315095807	145.15821080956542	4.9996370668588724e-20
0.25118864315095807	170.54602695955512	1.4897420557965543e-19
0.25118864315095807	200.37411007943254	1.2156880142741181e-19
0.25118864315095807	235.41905200550934	1.6999247833496805e-19
0.25118864315095807	276.59326858745504	1.4048127700411505e-19
0.25118864315095807	324.9687549761334	0.
0.25118864315095807	381.80499565320207	0.
0.2951209226666387	1.87	1.0029291198165097e-17
0.2951209226666387	2.1970584277369203	2.0514415209200698e-10
0.2951209226666387	2.5813185748073946	3.800118964454418e-6
0.2951209226666387	3.032784882061199	0.0002779574222956472
0.2951209226666387	3.5632115425912727	0.001716262714933717
0.2951209226666387	4.1864085291227955	0.0041808807873829935
0.2951209226666387	4.918601144844364	0.004830629634434044
0.2951209226666387	5.778852458800415	0.004533440983751752
0.2951209226666387	6.789559624200897	0.003437054146765487
0.2951209226666387	7.977037001589786	0.0020689930244388146
0.2951209226666387	9.372201268829992	0.0009141066691870708
0.2951209226666387	11.011376355149515	0.0002721749105317084
0.2951209226666387	12.937239156184116	0.00004890640588984401
0.2951209226666387	15.199930652268662	9.795038112769177e-6
0.2951209226666387	17.858361358600852	2.9646337146866664e-6
0.2951209226666387	20.981745095446723	1.9782593209009276e-7
0.2951209226666387	24.651401011004822	2.1472291652403002e-8
0.2951209226666387	28.962870773663415	9.654832038571032e-12
0.2951209226666387	34.028406056006716	3.802816715790732e-19
0.2951209226666387	39.97989107369175	1.9641641219591517e-19
0.2951209226666387	46.97227626922917	4.523319043653571e-19
0.2951209226666387	55.18761253866145	2.787139558573196e-20
0.2951209226666387	64.83979103462343	1.0527758550315851e-19
0.2951209226666387	76.1801119493691	1.478887909073662e-19
0.2951209226666387	89.50382726433341	0.
0.2951209226666387	105.1578278105953	0.
0.2951209226666387	123.54967477742055	1.52074461260916e-20
0.2951209226666387	145.15821080956542	1.2174317694524223e-19
0.2951209226666387	170.54602695955512	1.8572398743560415e-19
0.2951209226666387	200.37411007943254	1.6076739675200634e-19
0.2951209226666387	235.41905200550934	1.8383856342525147e-19
0.2951209226666387	276.59326858745504	1.646349921382563e-19
0.2951209226666387	324.9687549761334	0.
0.2951209226666387	381.80499565320207	0.
0.34673685045253166	1.87	9.452085044467481e-18
0.34673685045253166	2.1970584277369203	4.673753222563836e-12
0.34673685045253166	2.5813185748073946	3.002687261352074e-7
0.34673685045253166	3.032784882061199	0.00007655675097539857
0.34673685045253166	3.5632115425912727	0.0005307777737189853
0.34673685045253166	4.1864085291227955	0.0011999357652456202
0.34673685045253166	4.918601144844364	0.0014379638061994423
0.34673685045253166	5.778852458800415	0.0009136412472132252
0.34673685045253166	6.789559624200897	0.0005024831792691627
0.34673685045253166	7.977037001589786	0.00023412070613843336
0.34673685045253166	9.372201268829992	0.00008598859401953382
0.34673685045253166	11.011376355149515	0.00001934314325248966
0.34673685045253166	12.937239156184116	7.881657278809916e-7
0.34673685045253166	15.199930652268662	1.4150962601457613e-7
0.34673685045253166	17.858361358600852	2.7533514266140238e-8
0.34673685045253166	20.981745095446723	1.0313363262575248e-9
0.34673685045253166	24.651401011004822	1.078591388360087e-11
0.34673685045253166	28.962870773663415	4.734420089182273e-15
0.34673685045253166	34.028406056006716	0.
0.34673685045253166	39.97989107369175	5.1801663409530145e-19
0.34673685045253166	46.97227626922917	1.075999518172611e-18
0.34673685045253166	55.18761253866145	0.
0.34673685045253166	64.83979103462343	1.8187247629423718e-19
0.34673685045253166	76.1801119493691	9.394481435423352e-21
0.34673685045253166	89.50382726433341	0.
0.34673685045253166	105.1578278105953	0.
0.34673685045253166	123.54967477742055	4.275884942733245e-21
0.34673685045253166	145.15821080956542	1.151136901380221e-19
0.34673685045253166	170.54602695955512	1.9032832255601118e-19
0.34673685045253166	200.37411007943254	1.0915090934550642e-19
0.34673685045253166	235.41905200550934	1.3821178433937057e-19
0.34673685045253166	276.59326858745504	1.236959452246637e-19
0.34673685045253166	324.9687549761334	0.
0.34673685045253166	381.80499565320207	0.
0.40738027780411284	1.87	1.0745776961838163e-17
0.40738027780411284	2.1970584277369203	1.0995484921435895e-14
0.40738027780411284	2.5813185748073946	1.9350025914543302e-8
0.40738027780411284	3.032784882061199	0.000014506988562427193
0.40738027780411284	3.5632115425912727	0.00009406496619786882
0.40738027780411284	4.1864085291227955	0.0002512669491663988
0.40738027780411284	4.918601144844364	0.00026080364386679066
0.40738027780411284	5.778852458800415	0.00012781401282180134
0.40738027780411284	6.789559624200897	0.00006752774002762103
0.40738027780411284	7.977037001589786	0.00001242277986644225
0.40738027780411284	9.372201268829992	2.722596700197049e-6
0.40738027780411284	11.011376355149515	3.607592573492607e-7
0.40738027780411284	12.937239156184116	5.271923139973697e-9
0.40738027780411284	15.199930652268662	3.130234022386938e-10
0.40738027780411284	17.858361358600852	4.101462093088961e-11
0.40738027780411284	20.981745095446723	6.785759990951509e-13
0.40738027780411284	24.651401011004822	3.002268024682511e-17
0.40738027780411284	28.962870773663415	6.078230228075878e-19
0.40738027780411284	34.028406056006716	1.62687304878331e-19
0.40738027780411284	39.97989107369175	4.93662169986423e-19
0.40738027780411284	46.97227626922917	1.2001723806654009e-19
0.40738027780411284	55.18761253866145	5.81278694056843e-20
0.40738027780411284	64.83979103462343	1.323058706157117e-20
0.40738027780411284	76.1801119493691	9.140577687222043e-20
0.40738027780411284	89.50382726433341	1.0550130643035144e-20
0.40738027780411284	105.1578278105953	0.
0.40738027780411284	123.54967477742055	8.917922452844773e-21
0.40738027780411284	145.15821080956542	4.396097157958196e-20
0.40738027780411284	170.54602695955512	5.573523030969161e-20
0.40738027780411284	200.37411007943254	3.6497683866614215e-20
0.40738027780411284	235.41905200550934	5.747958583905879e-20
0.40738027780411284	276.59326858745504	6.663759234275389e-20
0.40738027780411284	324.9687549761334	0.
0.40738027780411284	381.80499565320207	0.
0.47863009232263853	1.87	0.
0.47863009232263853	2.1970584277369203	0.
0.47863009232263853	2.5813185748073946	0.
0.47863009232263853	3.032784882061199	0.
0.47863009232263853	3.5632115425912727	0.
0.47863009232263853	4.1864085291227955	0.
0.47863009232263853	4.918601144844364	0.
0.47863009232263853	5.778852458800415	0.
0.47863009232263853	6.789559624200897	0.
0.47863009232263853	7.977037001589786	0.
0.47863009232263853	9.372201268829992	0.
0.47863009232263853	11.011376355149515	0.
0.47863009232263853	12.937239156184116	0.
0.47863009232263853	15.199930652268662	0.
0.47863009232263853	17.858361358600852	0.
0.47863009232263853	20.981745095446723	0.
0.47863009232263853	24.651401011004822	0.
0.47863009232263853	28.962870773663415	0.
0.47863009232263853	34.028406056006716	0.
0.47863009232263853	39.97989107369175	0.
0.47863009232263853	46.97227626922917	0.
0.47863009232263853	55.18761253866145	0.
0.47863009232263853	64.83979103462343	0.
0.47863009232263853	76.1801119493691	0.
0.47863009232263853	89.50382726433341	0.
0.47863009232263853	105.1578278105953	0.
0.47863009232263853	123.54967477742055	0.
0.47863009232263853	145.15821080956542	0.
0.47863009232263853	170.54602695955512	0.
0.47863009232263853	200.37411007943254	0.
0.47863009232263853	235.41905200550934	0.
0.47863009232263853	276.59326858745504	0.
0.47863009232263853	324.9687549761334	0.
0.47863009232263853	381.80499565320207	0.