0.00001	1.0337203556238923	1.707535518472973e-16
0.00001	1.214515518313732	9.714720501920966e-17
0.00001	1.4269313129029193	7.045177939035553e-17
0.00001	1.6764981105962926	1.0329715324441353e-16
0.00001	1.9697135310003253	0.
0.00001	2.3142116115035893	6.280071345934458e-17
0.00001	2.718961563968236	1.6635743969827424e-8
0.00001	3.1945012934808394	1.7873631316837506e-6
0.00001	3.753211758961802	0.000034139299709507876
0.00001	4.409639318774513	0.00013557356428628718
0.00001	5.180874453793387	0.00011115357881586972
0.00001	6.086996728210521	0.000023465725896705503
0.00001	7.151597572899458	0.000027199931251514496
0.00001	8.402394502311049	0.00011270637584100754
0.00001	9.871952756402594	0.0003014702019087912
0.00001	11.598533155975957	0.0003080990986674438
0.00001	13.627088245841218	0.00041772654387549547
0.00001	16.01043266098405	0.0006734503768440659
0.00001	18.81061818691415	0.0006270415401306422
0.00001	22.100549314706473	0.0005768260035601862
0.00001	25.965881352669136	0.0006495301220060347
0.00001	30.507250513100896	0.0006691495830638865
0.00001	35.84289403576994	0.0007102321506656347
0.00001	42.111728564582755	0.0008187844691800363
0.00001	49.476966924805424	0.0009827161480243025
0.00001	58.13036746577788	0.0010753783163579757
0.00001	68.29722660327882	0.0009422727931738895
0.00001	80.24224454534324	0.0010234349436306393
0.00001	94.27641691918359	0.001057447899225922
0.00001	110.76513172680856	0.0009376803844720029
0.00001	130.13768243838226	0.0006828016149367445
0.00001	152.89844490235234	0.0004663356717575425
0.00001	179.64000906983009	0.00038127128448854966
0.00001	211.0586074254582	0.00030376024951635086
0.00001	247.97224181311304	0.00021510663099913455
0.00001	291.34198059910017	0.00011501020451762465
0.00001	342.29698065712284	0.00004270033304786679
0.00001	356.0879083973854	0.00003295696290439739
0.00001	367.69947062773485	0.00002857380309132378
0.00001	379.3110328580844	0.000025545271736050887
0.00001	387.0520743449841	0.000023662800161361772
0.00003	1.0337203556238923	5.122606555418919e-16
0.00003	1.214515518313732	2.91441615057629e-16
0.00003	1.4269313129029193	2.113553381710666e-16
0.00003	1.6764981105962926	3.098914597332406e-16
0.00003	1.9697135310003253	0.
0.00003	2.3142116115035893	1.8840214037803376e-16
0.00003	2.718961563968236	4.9907231909482273e-8
0.00003	3.1945012934808394	5.362089395051252e-6
0.00003	3.753211758961802	0.00010241789912852362
0.00003	4.409639318774513	0.0004067206928588616
0.00003	5.180874453793387	0.00033346073644760916
0.00003	6.086996728210521	0.00007039717769011651
0.00003	7.151597572899458	0.00008159979375454349
0.00003	8.402394502311049	0.00033811912752302264
0.00003	9.871952756402594	0.0009044106057263737
0.00003	11.598533155975957	0.0009242972960023314
0.00003	13.627088245841218	0.0012531796316264865
0.00003	16.01043266098405	0.0020203511305321976
0.00003	18.81061818691415	0.0018811246203919265
0.00003	22.100549314706473	0.0017304780106805586
0.00003	25.965881352669136	0.0019485903660181043
0.00003	30.507250513100896	0.0020074487491916594
0.00003	35.84289403576994	0.002130696451996904
0.00003	42.111728564582755	0.002456353407540109
0.00003	49.476966924805424	0.0029481484440729076
0.00003	58.13036746577788	0.0032261349490739274
0.00003	68.29722660327882	0.0028268183795216685
0.00003	80.24224454534324	0.003070304830891918
0.00003	94.27641691918359	0.0031723436976777665
0.00003	110.76513172680856	0.0028130411534160087
0.00003	130.13768243838226	0.0020484048448102333
0.00003	152.89844490235234	0.0013990070152726276
0.00003	179.64000906983009	0.0011438138534656489
0.00003	211.0586074254582	0.0009112807485490527
0.00003	247.97224181311304	0.0006453198929974037
0.00003	291.34198059910017	0.000345030613552874
0.00003	342.29698065712284	0.00012810099914360037
0.00003	356.0879083973854	0.00009887088871319218
0.00003	367.69947062773485	0.00008572140927397135
0.00003	379.3110328580844	0.00007663581520815266
0.00003	387.0520743449841	0.00007098840048408533
0.00006	1.0337203556238923	1.0245213110837837e-15
0.00006	1.214515518313732	5.82883230115258e-16
0.00006	1.4269313129029193	4.227106763421332e-16
0.00006	1.6764981105962926	6.197829194664812e-16
0.00006	1.9697135310003253	0.
0.00006	2.3142116115035893	3.768042807560675e-16
0.00006	2.718961563968236	9.981446381896455e-8
0.00006	3.1945012934808394	0.000010724178790102504
0.00006	3.753211758961802	0.00020483579825704724
0.00006	4.409639318774513	0.0008134413857177232
0.00006	5.180874453793387	0.0006669214728952183
0.00006	6.086996728210521	0.00014079435538023302
0.00006	7.151597572899458	0.00016319958750908697
0.00006	8.402394502311049	0.0006762382550460453
0.00006	9.871952756402594	0.0018088212114527474
0.00006	11.598533155975957	0.0018485945920046628
0.00006	13.627088245841218	0.002506359263252973
0.00006	16.01043266098405	0.004040702261064395
0.00006	18.81061818691415	0.003762249240783853
0.00006	22.100549314706473	0.003460956021361117
0.00006	25.965881352669136	0.0038971807320362086
0.00006	30.507250513100896	0.004014897498383319
0.00006	35.84289403576994	0.004261392903993808
0.00006	42.111728564582755	0.004912706815080218
0.00006	49.476966924805424	0.005896296888145815
0.00006	58.13036746577788	0.006452269898147855
0.00006	68.29722660327882	0.005653636759043337
0.00006	80.24224454534324	0.006140609661783836
0.00006	94.27641691918359	0.006344687395355533
0.00006	110.76513172680856	0.005626082306832017
0.00006	130.13768243838226	0.0040968096896204665
0.00006	152.89844490235234	0.0027980140305452553
0.00006	179.64000906983009	0.0022876277069312978
0.00006	211.0586074254582	0.0018225614970981054
0.00006	247.97224181311304	0.0012906397859948073
0.00006	291.34198059910017	0.000690061227105748
0.00006	342.29698065712284	0.00025620199828720074
0.00006	356.0879083973854	0.00019774177742638437
0.00006	367.69947062773485	0.0001714428185479427
0.00006	379.3110328580844	0.00015327163041630533
0.00006	387.0520743449841	0.00014197680096817065
0.0001	1.0337203556238923	1.707535518472973e-15
0.0001	1.214515518313732	9.714720501920965e-16
0.0001	1.4269313129029193	7.045177939035553e-16
0.0001	1.6764981105962926	1.0329715324441353e-15
0.0001	1.9697135310003253	0.
0.0001	2.3142116115035893	6.280071345934458e-16
0.0001	2.718961563968236	1.6635743969827426e-7
0.0001	3.1945012934808394	0.000017873631316837505
0.0001	3.753211758961802	0.00034139299709507874
0.0001	4.409639318774513	0.001355735642862872
0.0001	5.180874453793387	0.0011115357881586972
0.0001	6.086996728210521	0.00023465725896705503
0.0001	7.151597572899458	0.000271999312515145
0.0001	8.402394502311049	0.0011270637584100754
0.0001	9.871952756402594	0.0030147020190879124
0.0001	11.598533155975957	0.003080990986674438
0.0001	13.627088245841218	0.0041772654387549546
0.0001	16.01043266098405	0.0067345037684406585
0.0001	18.81061818691415	0.006270415401306422
0.0001	22.100549314706473	0.0057682600356018625
0.0001	25.965881352669136	0.006495301220060347
0.0001	30.507250513100896	0.006691495830638865
0.0001	35.84289403576994	0.007102321506656347
0.0001	42.111728564582755	0.008187844691800363
0.0001	49.476966924805424	0.009827161480243025
0.0001	58.13036746577788	0.010753783163579757
0.0001	68.29722660327882	0.009422727931738895
0.0001	80.24224454534324	0.010234349436306394
0.0001	94.27641691918359	0.010574478992259221
0.0001	110.76513172680856	0.00937680384472003
0.0001	130.13768243838226	0.006828016149367445
0.0001	152.89844490235234	0.004663356717575426
0.0001	179.64000906983009	0.0038127128448854964
0.0001	211.0586074254582	0.003037602495163509
0.0001	247.97224181311304	0.0021510663099913456
0.0001	291.34198059910017	0.0011501020451762465
0.0001	342.29698065712284	0.0004270033304786679
0.0001	356.0879083973854	0.0003295696290439739
0.0001	367.69947062773485	0.00028573803091323785
0.0001	379.3110328580844	0.00025545271736050887
0.0001	387.0520743449841	0.00023662800161361773
0.0003	1.0337203556238923	5.122606555418918e-15
0.0003	1.214515518313732	2.9144161505762897e-15
0.0003	1.4269313129029193	2.1135533817106658e-15
0.0003	1.6764981105962926	3.0989145973324058e-15
0.0003	1.9697135310003253	0.
0.0003	2.3142116115035893	1.8840214037803374e-15
0.0003	2.718961563968236	4.990723190948227e-7
0.0003	3.1945012934808394	0.00005362089395051252
0.0003	3.753211758961802	0.0010241789912852361
0.0003	4.409639318774513	0.004067206928588615
0.0003	5.180874453793387	0.003334607364476091
0.0003	6.086996728210521	0.000703971776901165
0.0003	7.151597572899458	0.0008159979375454348
0.0003	8.402394502311049	0.003381191275230226
0.0003	9.871952756402594	0.009044106057263737
0.0003	11.598533155975957	0.009242972960023313
0.0003	13.627088245841218	0.012531796316264865
0.0003	16.01043266098405	0.020203511305321973
0.0003	18.81061818691415	0.018811246203919264
0.0003	22.100549314706473	0.017304780106805584
0.0003	25.965881352669136	0.01948590366018104
0.0003	30.507250513100896	0.020074487491916593
0.0003	35.84289403576994	0.021306964519969038
0.0003	42.111728564582755	0.024563534075401086
0.0003	49.476966924805424	0.02948148444072907
0.0003	58.13036746577788	0.03226134949073927
0.0003	68.29722660327882	0.028268183795216683
0.0003	80.24224454534324	0.03070304830891918
0.0003	94.27641691918359	0.03172343697677766
0.0003	110.76513172680856	0.028130411534160085
0.0003	130.13768243838226	0.02048404844810233
0.0003	152.89844490235234	0.013990070152726275
0.0003	179.64000906983009	0.011438138534656488
0.0003	211.0586074254582	0.009112807485490527
0.0003	247.97224181311304	0.006453198929974036
0.0003	291.34198059910017	0.0034503061355287395
0.0003	342.29698065712284	0.0012810099914360037
0.0003	356.0879083973854	0.0009887088871319216
0.0003	367.69947062773485	0.0008572140927397134
0.0003	379.3110328580844	0.0007663581520815266
0.0003	387.0520743449841	0.0007098840048408531
0.0006	1.0337203556238923	8.322351310582658e-15
0.0006	1.214515518313732	3.883007117303313e-15
0.0006	1.4269313129029193	2.7283307953856352e-15
0.0006	1.6764981105962926	3.224256159859811e-15
0.0006	1.9697135310003253	1.1952522772517208e-16
0.0006	2.3142116115035893	1.948356829737436e-11
0.0006	2.718961563968236	2.0331577880252285e-6
0.0006	3.1945012934808394	0.00021824568662700774
0.0006	3.753211758961802	0.004167408759649915
0.0006	4.409639318774513	0.016550015658965397
0.0006	5.180874453793387	0.013715245820886627
0.0006	6.086996728210521	0.005017005832168146
0.0006	7.151597572899458	0.011063085481970603
0.0006	8.402394502311049	0.02038475177229442
0.0006	9.871952756402594	0.029029348474862306
0.0006	11.598533155975957	0.02960485142475986
0.0006	13.627088245841218	0.03276839030750582
0.0006	16.01043266098405	0.042969947205763186
0.0006	18.81061818691415	0.043079704632523995
0.0006	22.100549314706473	0.04159275173189918
0.0006	25.965881352669136	0.04482654560851137
0.0006	30.507250513100896	0.04298625181547886
0.0006	35.84289403576994	0.04902224931094146
0.0006	42.111728564582755	0.05132825199320398
0.0006	49.476966924805424	0.05049344983309046
0.0006	58.13036746577788	0.055625553062278996
0.0006	68.29722660327882	0.05898250723754848
0.0006	80.24224454534324	0.058346154833513464
0.0006	94.27641691918359	0.052203634132563397
0.0006	110.76513172680856	0.04867927289665058
0.0006	130.13768243838226	0.043790343672132435
0.0006	152.89844490235234	0.03368461704525389
0.0006	179.64000906983009	0.023638694644800198
0.0006	211.0586074254582	0.015655874455675314
0.0006	247.97224181311304	0.010614799402022972
0.0006	291.34198059910017	0.006559497481403386
0.0006	342.29698065712284	0.003063594867410743
0.0006	356.0879083973854	0.002531720434430331
0.0006	367.69947062773485	0.002280662241546041
0.0006	379.3110328580844	0.0021012435417675254
0.0006	387.0520743449841	0.0019894232035205473
0.001	1.0337203556238923	6.546990499406672e-11
0.001	1.214515518313732	7.781948075539008e-9
0.001	1.4269313129029193	2.973062335894578e-7
0.001	1.6764981105962926	2.3851031132611453e-6
0.001	1.9697135310003253	4.063457477526202e-6
0.001	2.3142116115035893	2.8508481373142987e-6
0.001	2.718961563968236	0.000044358640062938866
0.001	3.1945012934808394	0.0014503778283724887
0.001	3.753211758961802	0.010976385766096207
0.001	4.409639318774513	0.022187730399766927
0.001	5.180874453793387	0.018012166643903812
0.001	6.086996728210521	0.017624018883211957
0.001	7.151597572899458	0.017888713705044752
0.001	8.402394502311049	0.018119321135513483
0.001	9.871952756402594	0.02298019938093552
0.001	11.598533155975957	0.022717594628589938
0.001	13.627088245841218	0.03547645654992691
0.001	16.01043266098405	0.041761488583070015
0.001	18.81061818691415	0.03521158735831037
0.001	22.100549314706473	0.04295820918296926
0.001	25.965881352669136	0.050015640501278436
0.001	30.507250513100896	0.05363975307780307
0.001	35.84289403576994	0.058264270539912566
0.001	42.111728564582755	0.06961963310425466
0.001	49.476966924805424	0.0840726676054993
0.001	58.13036746577788	0.09718076319059502
0.001	68.29722660327882	0.10260654448560887
0.001	80.24224454534324	0.09875345847104798
0.001	94.27641691918359	0.09203183232992193
0.001	110.76513172680856	0.08531390323037068
0.001	130.13768243838226	0.0761691006414147
0.001	152.89844490235234	0.05415996825170778
0.001	179.64000906983009	0.03516314450034435
0.001	211.0586074254582	0.0268305274086204
0.001	247.97224181311304	0.0188952546890347
0.001	291.34198059910017	0.0106762493331289
0.001	342.29698065712284	0.00451781936921454
0.001	356.0879083973854	0.0036461100926218205
0.001	367.69947062773485	0.003238736227219089
0.001	379.3110328580844	0.0029492304337140705
0.001	387.0520743449841	0.002769023038675354
0.002	1.0337203556238923	0.00009367037551135262
0.002	1.214515518313732	0.0016030803220539647
0.002	1.4269313129029193	0.010207427142240537
0.002	1.6764981105962926	0.014708327462495913
0.002	1.9697135310003253	0.006209072674562307
0.002	2.3142116115035893	0.0019529085979051021
0.002	2.718961563968236	0.004071614771809734
0.002	3.1945012934808394	0.00954701988892618
0.002	3.753211758961802	0.012828131550214396
0.002	4.409639318774513	0.015523794159045494
0.002	5.180874453793387	0.02245936343472563
0.002	6.086996728210521	0.032038060874246696
0.002	7.151597572899458	0.036529647281359025
0.002	8.402394502311049	0.04439171066340889
0.002	9.871952756402594	0.053952971202918504
0.002	11.598533155975957	0.061123933258043696
0.002	13.627088245841218	0.07125919617931636
0.002	16.01043266098405	0.08265182750485664
0.002	18.81061818691415	0.08987928620688608
0.002	22.100549314706473	0.09165498489233177
0.002	25.965881352669136	0.10303411813731274
0.002	30.507250513100896	0.1228241896097387
0.002	35.84289403576994	0.13986609107026324
0.002	42.111728564582755	0.15193750168110304
0.002	49.476966924805424	0.16556367271485448
0.002	58.13036746577788	0.17233499986018191
0.002	68.29722660327882	0.176118901986598
0.002	80.24224454534324	0.1715991155706253
0.002	94.27641691918359	0.15708891523746343
0.002	110.76513172680856	0.13562555734249074
0.002	130.13768243838226	0.1123274694310075
0.002	152.89844490235234	0.08315761724646527
0.002	179.64000906983009	0.052354690744900054
0.002	211.0586074254582	0.03186262779576785
0.002	247.97224181311304	0.019602999880054393
0.002	291.34198059910017	0.009872709250658555
0.002	342.29698065712284	0.0040948313655415815
0.002	356.0879083973854	0.0033265361256549666
0.002	367.69947062773485	0.002963675238719125
0.002	379.3110328580844	0.0027037022008408497
0.002	387.0520743449841	0.002541849937638315
0.004	1.0337203556238923	5.035270592113239e-10
0.004	1.214515518313732	1.7404285013011252e-7
0.004	1.4269313129029193	0.000025117304715242944
0.004	1.6764981105962926	0.0008324118157911412
0.004	1.9697135310003253	0.006266307343655388
0.004	2.3142116115035893	0.011341833337528365
0.004	2.718961563968236	0.015104964824683143
0.004	3.1945012934808394	0.020575562144112804
0.004	3.753211758961802	0.02505707247087632
0.004	4.409639318774513	0.043075157306730165
0.004	5.180874453793387	0.056205830172134014
0.004	6.086996728210521	0.06281662927052763
0.004	7.151597572899458	0.06527065871710921
0.004	8.402394502311049	0.06720633841087285
0.004	9.871952756402594	0.07704768833079742
0.004	11.598533155975957	0.09146047863933203
0.004	13.627088245841218	0.11548012565632725
0.004	16.01043266098405	0.14280112988404767
0.004	18.81061818691415	0.15498274759051048
0.004	22.100549314706473	0.17261482091088812
0.004	25.965881352669136	0.20408275235596238
0.004	30.507250513100896	0.22852221414182794
0.004	35.84289403576994	0.24564777205756674
0.004	42.111728564582755	0.2669105320337443
0.004	49.476966924805424	0.28742969379026845
0.004	58.13036746577788	0.28818607090404363
0.004	68.29722660327882	0.27223971157512755
0.004	80.24224454534324	0.2521657402012154
0.004	94.27641691918359	0.2172860019846889
0.004	110.76513172680856	0.16451566837908618
0.004	130.13768243838226	0.11281830916630321
0.004	152.89844490235234	0.06764239350172588
0.004	179.64000906983009	0.036853079531909805
0.004	211.0586074254582	0.018049573772945318
0.004	247.97224181311304	0.008087938822318492
0.004	291.34198059910017	0.003412290199546434
0.004	342.29698065712284	0.0012270255346194577
0.004	356.0879083973854	0.00097136021493031
0.004	367.69947062773485	0.0008567792946191968
0.004	379.3110328580844	0.0007771531436232326
0.004	387.0520743449841	0.000727605811072753
0.006	1.0337203556238923	2.7360466679778607e-6
0.006	1.214515518313732	0.00010378898661778936
0.006	1.4269313129029193	0.001482424157338581
0.006	1.6764981105962926	0.005940921512545616
0.006	1.9697135310003253	0.012098512966444864
0.006	2.3142116115035893	0.018080853392788605
0.006	2.718961563968236	0.019397407797801854
0.006	3.1945012934808394	0.023079045745905347
0.006	3.753211758961802	0.03700942217909568
0.006	4.409639318774513	0.053902789658011055
0.006	5.180874453793387	0.0698506099340089
0.006	6.086996728210521	0.07777509735655035
0.006	7.151597572899458	0.08583082274101599
0.006	8.402394502311049	0.1054181019726948
0.006	9.871952756402594	0.12365425084188202
0.006	11.598533155975957	0.14335453902333548
0.006	13.627088245841218	0.16611241154804635
0.006	16.01043266098405	0.1890429513650401
0.006	18.81061818691415	0.21732643787570413
0.006	22.100549314706473	0.2519288081316956
0.006	25.965881352669136	0.28671833433918614
0.006	30.507250513100896	0.30563469980160923
0.006	35.84289403576994	0.31543563946850484
0.006	42.111728564582755	0.32994977089164096
0.006	49.476966924805424	0.33150184403490446
0.006	58.13036746577788	0.3124986666603508
0.006	68.29722660327882	0.2762748791307876
0.006	80.24224454534324	0.22684656659476787
0.006	94.27641691918359	0.17129930533067833
0.006	110.76513172680856	0.1153976674069459
0.006	130.13768243838226	0.0683614793135195
0.006	152.89844490235234	0.03663571741530293
0.006	179.64000906983009	0.016282996095763894
0.006	211.0586074254582	0.006040687262096572
0.006	247.97224181311304	0.002230432397494443
0.006	291.34198059910017	0.0007213291267454033
0.006	342.29698065712284	0.00013004786027269796
0.006	356.0879083973854	0.00007613994892646136
0.006	367.69947062773485	0.00005526033821740003
0.006	379.3110328580844	0.000042273098618571554
0.006	387.0520743449841	0.000034234539945062366
0.008	1.0337203556238923	8.45840475429197e-6
0.008	1.214515518313732	0.00025393096736321045
0.008	1.4269313129029193	0.003226781114251298
0.008	1.6764981105962926	0.010872762106947905
0.008	1.9697135310003253	0.01439629145237836
0.008	2.3142116115035893	0.01940869065831018
0.008	2.718961563968236	0.03204902158381201
0.008	3.1945012934808394	0.04711734408499151
0.008	3.753211758961802	0.06065257458058378
0.008	4.409639318774513	0.07070953011166299
0.008	5.180874453793387	0.08357409195844921
0.008	6.086996728210521	0.0954785211529908
0.008	7.151597572899458	0.1066580109436146
0.008	8.402394502311049	0.13121850184302705
0.008	9.871952756402594	0.15909721505992092
0.008	11.598533155975957	0.1823576410737602
0.008	13.627088245841218	0.21110978153263774
0.008	16.01043266098405	0.2463682971821966
0.008	18.81061818691415	0.2732161110502135
0.008	22.100549314706473	0.29679942783782326
0.008	25.965881352669136	0.33117825865621897
0.008	30.507250513100896	0.3558018231574816
0.008	35.84289403576994	0.3594420168966773
0.008	42.111728564582755	0.3544857662772843
0.008	49.476966924805424	0.3341921902446279
0.008	58.13036746577788	0.2879041199985887
0.008	68.29722660327882	0.2288437133545417
0.008	80.24224454534324	0.16636758960193695
0.008	94.27641691918359	0.10946913376649102
0.008	110.76513172680856	0.06493342576328043
0.008	130.13768243838226	0.03301957356491265
0.008	152.89844490235234	0.014277866544633585
0.008	179.64000906983009	0.005295740760807581
0.008	211.0586074254582	0.001543594190756925
0.008	247.97224181311304	0.00039448129696079874
0.008	291.34198059910017	0.00008027744382519218
0.008	342.29698065712284	8.740932928411747e-6
0.008	356.0879083973854	4.6039483561820635e-6
0.008	367.69947062773485	3.1354142914383124e-6
0.008	379.3110328580844	2.263408952386143e-6
0.008	387.0520743449841	1.7239649792557659e-6
0.01	1.0337203556238923	0.000249198213483342
0.01	1.214515518313732	0.0004989944378859003
0.01	1.4269313129029193	0.0024026704510746355
0.01	1.6764981105962926	0.007129121807359957
0.01	1.9697135310003253	0.01025026330528435
0.01	2.3142116115035893	0.018054853276033102
0.01	2.718961563968236	0.03305903339455935
0.01	3.1945012934808394	0.05118511911037163
0.01	3.753211758961802	0.06652378415309032
0.01	4.409639318774513	0.08125690176565098
0.01	5.180874453793387	0.10121039050402839
0.01	6.086996728210521	0.1215273525870572
0.01	7.151597572899458	0.13607501410370224
0.01	8.402394502311049	0.15021406239122062
0.01	9.871952756402594	0.17816108389539526
0.01	11.598533155975957	0.2216875479932276
0.01	13.627088245841218	0.2608872950774122
0.01	16.01043266098405	0.2884566483653084
0.01	18.81061818691415	0.3165430245053285
0.01	22.100549314706473	0.34257610424829305
0.01	25.965881352669136	0.36872441770501935
0.01	30.507250513100896	0.3855950933669155
0.01	35.84289403576994	0.3763037221275422
0.01	42.111728564582755	0.34510869658501564
0.01	49.476966924805424	0.29889722286427683
0.01	58.13036746577788	0.23895644705144292
0.01	68.29722660327882	0.17470057902919098
0.01	80.24224454534324	0.11292218603390947
0.01	94.27641691918359	0.06427891018814026
0.01	110.76513172680856	0.03196242897197827
0.01	130.13768243838226	0.013632799460585458
0.01	152.89844490235234	0.004907051114187376
0.01	179.64000906983009	0.0014596486237837712
0.01	211.0586074254582	0.00035543993461100955
0.01	247.97224181311304	0.00010294920714862336
0.01	291.34198059910017	0.000021007632939558062
0.01	342.29698065712284	1.3864424301574687e-6
0.01	356.0879083973854	5.871628562569913e-7
0.01	367.69947062773485	3.4650727238170635e-7
0.01	379.3110328580844	2.2093132058108933e-7
0.01	387.0520743449841	1.4330007965713686e-7
0.011748975549395297	1.0337203556238923	0.001981581746197582
0.011748975549395297	1.214515518313732	0.0025753814639465113
0.011748975549395297	1.4269313129029193	0.0031501068926450358
0.011748975549395297	1.6764981105962926	0.009349154299578511
0.011748975549395297	1.9697135310003253	0.01631478801620488
0.011748975549395297	2.3142116115035893	0.024454827284721203
0.011748975549395297	2.718961563968236	0.03775444889647158
0.011748975549395297	3.1945012934808394	0.04808979564131895
0.011748975549395297	3.753211758961802	0.06460119261040258
0.011748975549395297	4.409639318774513	0.08334341920882365
0.011748975549395297	5.180874453793387	0.10587400137517039
0.011748975549395297	6.086996728210521	0.1305220590215175
0.011748975549395297	7.151597572899458	0.15226239518003218
0.011748975549395297	8.402394502311049	0.1732983307349821
0.011748975549395297	9.871952756402594	0.21061622643105835
0.011748975549395297	11.598533155975957	0.2652885455831423
0.011748975549395297	13.627088245841218	0.3079639782221263
0.011748975549395297	16.01043266098405	0.3309674372222743
0.011748975549395297	18.81061818691415	0.34662743470526725
0.011748975549395297	22.100549314706473	0.3655655385794725
0.011748975549395297	25.965881352669136	0.38429302300496815
0.011748975549395297	30.507250513100896	0.38648095198172994
0.011748975549395297	35.84289403576994	0.362676992959487
0.011748975549395297	42.111728564582755	0.31853224541433023
0.011748975549395297	49.476966924805424	0.26152177946974275
0.011748975549395297	58.13036746577788	0.19654777719161792
0.011748975549395297	68.29722660327882	0.1322867724800921
0.011748975549395297	80.24224454534324	0.07819521991922938
0.011748975549395297	94.27641691918359	0.03993066786917847
0.011748975549395297	110.76513172680856	0.017506448512950454
0.011748975549395297	130.13768243838226	0.006772486099226623
0.011748975549395297	152.89844490235234	0.0021657865428985628
0.011748975549395297	179.64000906983009	0.0005350529536033147
0.011748975549395297	211.0586074254582	0.00009636458928035386
0.011748975549395297	247.97224181311304	0.000015366987154187896
0.011748975549395297	291.34198059910017	2.2172383913567743e-6
0.011748975549395297	342.29698065712284	1.2163942813372732e-7
0.011748975549395297	356.0879083973854	4.9588943261446175e-8
0.011748975549395297	367.69947062773485	2.8902662678851848e-8
0.011748975549395297	379.3110328580844	1.8576624435993144e-8
0.011748975549395297	387.0520743449841	1.21928449498909e-8
0.013803842646028852	1.0337203556238923	0.0022949672119568303
0.013803842646028852	1.214515518313732	0.0032026259686149415
0.013803842646028852	1.4269313129029193	0.004509959821985007
0.013803842646028852	1.6764981105962926	0.01181407816549012
0.013803842646028852	1.9697135310003253	0.021759536474085624
0.013803842646028852	2.3142116115035893	0.03733211050826533
0.013803842646028852	2.718961563968236	0.05169428395698049
0.013803842646028852	3.1945012934808394	0.053938191791836135
0.013803842646028852	3.753211758961802	0.07463099176879981
0.013803842646028852	4.409639318774513	0.10966911832448309
0.013803842646028852	5.180874453793387	0.1359962079837536
0.013803842646028852	6.086996728210521	0.15791199784860982
0.013803842646028852	7.151597572899458	0.17709295154548152
0.013803842646028852	8.402394502311049	0.2066129442977877
0.013803842646028852	9.871952756402594	0.2520374518340424
0.013803842646028852	11.598533155975957	0.30179864270823287
0.013803842646028852	13.627088245841218	0.3358847314096384
0.013803842646028852	16.01043266098405	0.3639927155791475
0.013803842646028852	18.81061818691415	0.37710267311404105
0.013803842646028852	22.100549314706473	0.3886956295763292
0.013803842646028852	25.965881352669136	0.3926057925682739
0.013803842646028852	30.507250513100896	0.3723458917620882
0.013803842646028852	35.84289403576994	0.33157457916849586
0.013803842646028852	42.111728564582755	0.27879131135461255
0.013803842646028852	49.476966924805424	0.21358047615667497
0.013803842646028852	58.13036746577788	0.1445431583276216
0.013803842646028852	68.29722660327882	0.08642046299785845
0.013803842646028852	80.24224454534324	0.046423372225091915
0.013803842646028852	94.27641691918359	0.02138714742435337
0.013803842646028852	110.76513172680856	0.008309873833448713
0.013803842646028852	130.13768243838226	0.002906100759929315
0.013803842646028852	152.89844490235234	0.0007925939709676809
0.013803842646028852	179.64000906983009	0.00017495569180819932
0.013803842646028852	211.0586074254582	0.000029926957580910854
0.013803842646028852	247.97224181311304	2.193450495983379e-6
0.013803842646028852	291.34198059910017	7.893801163088646e-8
0.013803842646028852	342.29698065712284	2.0857388201542146e-9
0.013803842646028852	356.0879083973854	7.708435128012964e-10
0.013803842646028852	367.69947062773485	4.305412111161235e-10
0.013803842646028852	379.3110328580844	2.7742340320478706e-10
0.013803842646028852	387.0520743449841	1.8276167958729112e-10
0.0162181009735893	1.0337203556238923	0.0007831823154636767
0.0162181009735893	1.214515518313732	0.002232540827678873
0.0162181009735893	1.4269313129029193	0.0057392419938540355
0.0162181009735893	1.6764981105962926	0.011571752001152083
0.0162181009735893	1.9697135310003253	0.02207065161631197
0.0162181009735893	2.3142116115035893	0.04702719638437099
0.0162181009735893	2.718961563968236	0.06776250575993986
0.0162181009735893	3.1945012934808394	0.0724995211311319
0.0162181009735893	3.753211758961802	0.0959281516797455
0.0162181009735893	4.409639318774513	0.13488068382051693
0.0162181009735893	5.180874453793387	0.16304705618477228
0.0162181009735893	6.086996728210521	0.17960144716195167
0.0162181009735893	7.151597572899458	0.2003662298740191
0.0162181009735893	8.402394502311049	0.23944935674705886
0.0162181009735893	9.871952756402594	0.2933867830930957
0.0162181009735893	11.598533155975957	0.33423826863152173
0.0162181009735893	13.627088245841218	0.3597998706173375
0.0162181009735893	16.01043266098405	0.39342964904697425
0.0162181009735893	18.81061818691415	0.41059114743534636
0.0162181009735893	22.100549314706473	0.4074806627384568
0.0162181009735893	25.965881352669136	0.3834170251532161
0.0162181009735893	30.507250513100896	0.34281012810048134
0.0162181009735893	35.84289403576994	0.2874629723776157
0.0162181009735893	42.111728564582755	0.22356534643983553
0.0162181009735893	49.476966924805424	0.1574119463983706
0.0162181009735893	58.13036746577788	0.09659036260720832
0.0162181009735893	68.29722660327882	0.05143693558791305
0.0162181009735893	80.24224454534324	0.024974494213108763
0.0162181009735893	94.27641691918359	0.010493693969716602
0.0162181009735893	110.76513172680856	0.003597715535692971
0.0162181009735893	130.13768243838226	0.0010364980171367435
0.0162181009735893	152.89844490235234	0.00022770313936934598
0.0162181009735893	179.64000906983009	0.000035789647600367604
0.0162181009735893	211.0586074254582	4.104755270396268e-6
0.0162181009735893	247.97224181311304	2.3663175611593304e-7
0.0162181009735893	291.34198059910017	4.49962884382875e-9
0.0162181009735893	342.29698065712284	2.2309020516584026e-11
0.0162181009735893	356.0879083973854	3.770796130443499e-12
0.0162181009735893	367.69947062773485	8.319110513052122e-13
0.0162181009735893	379.3110328580844	5.246550347679409e-13
0.0162181009735893	387.0520743449841	3.347169583602308e-13
0.019054607179632473	1.0337203556238923	0.0008071017640321463
0.019054607179632473	1.214515518313732	0.002939745440302253
0.019054607179632473	1.4269313129029193	0.0077138841141343945
0.019054607179632473	1.6764981105962926	0.01344803598242424
0.019054607179632473	1.9697135310003253	0.022889362864878263
0.019054607179632473	2.3142116115035893	0.04322359097375056
0.019054607179632473	2.718961563968236	0.06914911663642326
0.019054607179632473	3.1945012934808394	0.08974229059491842
0.019054607179632473	3.753211758961802	0.11295441045917867
0.019054607179632473	4.409639318774513	0.14214779981560957
0.019054607179632473	5.180874453793387	0.17144263857750652
0.019054607179632473	6.086996728210521	0.20069222486646576
0.019054607179632473	7.151597572899458	0.2336887237412387
0.019054607179632473	8.402394502311049	0.27576319437468677
0.019054607179632473	9.871952756402594	0.32644374535924253
0.019054607179632473	11.598533155975957	0.3619082578878655
0.019054607179632473	13.627088245841218	0.3826501725938296
0.019054607179632473	16.01043266098405	0.4034035458767939
0.019054607179632473	18.81061818691415	0.40987510790014603
0.019054607179632473	22.100549314706473	0.3920780495132312
0.019054607179632473	25.965881352669136	0.35035967991163736
0.019054607179632473	30.507250513100896	0.29538956156255547
0.019054607179632473	35.84289403576994	0.23116480321749913
0.019054607179632473	42.111728564582755	0.16361728822533161
0.019054607179632473	49.476966924805424	0.1032612975033478
0.019054607179632473	58.13036746577788	0.05756317428508144
0.019054607179632473	68.29722660327882	0.027480719831940722
0.019054607179632473	80.24224454534324	0.011509379333562133
0.019054607179632473	94.27641691918359	0.0042521205385276095
0.019054607179632473	110.76513172680856	0.0013499496845634075
0.019054607179632473	130.13768243838226	0.00033348162712875404
0.019054607179632473	152.89844490235234	0.00005588449470465686
0.019054607179632473	179.64000906983009	5.882074880791494e-6
0.019054607179632473	211.0586074254582	2.789008173345186e-7
0.019054607179632473	247.97224181311304	7.195348062743427e-9
0.019054607179632473	291.34198059910017	1.0786948099341306e-10
0.019054607179632473	342.29698065712284	4.418627652869654e-13
0.019054607179632473	356.0879083973854	5.5380817524992433e-14
0.019054607179632473	367.69947062773485	0.
0.019054607179632473	379.3110328580844	0.
0.019054607179632473	387.0520743449841	0.
0.0223872113856834	1.0337203556238923	0.00046560689007755905
0.0223872113856834	1.214515518313732	0.0025349787266010873
0.0223872113856834	1.4269313129029193	0.009890779031300567
0.0223872113856834	1.6764981105962926	0.019043753620460502
0.0223872113856834	1.9697135310003253	0.028584965886864058
0.0223872113856834	2.3142116115035893	0.0435891835899799
0.0223872113856834	2.718961563968236	0.07144817227033746
0.0223872113856834	3.1945012934808394	0.0999909174310339
0.0223872113856834	3.753211758961802	0.1277161708019862
0.0223872113856834	4.409639318774513	0.15622513964877252
0.0223872113856834	5.180874453793387	0.18628797274943842
0.0223872113856834	6.086996728210521	0.22063937885110196
0.0223872113856834	7.151597572899458	0.2600402873944621
0.0223872113856834	8.402394502311049	0.3041703286337526
0.0223872113856834	9.871952756402594	0.34496600512417375
0.0223872113856834	11.598533155975957	0.3768908189729513
0.0223872113856834	13.627088245841218	0.40040456184420276
0.0223872113856834	16.01043266098405	0.4021528532710194
0.0223872113856834	18.81061818691415	0.38906537452515577
0.0223872113856834	22.100549314706473	0.359475008256418
0.0223872113856834	25.965881352669136	0.3029583190890545
0.0223872113856834	30.507250513100896	0.23846386494676713
0.0223872113856834	35.84289403576994	0.17398734500904267
0.0223872113856834	42.111728564582755	0.11267026873445132
0.0223872113856834	49.476966924805424	0.06356833922025595
0.0223872113856834	58.13036746577788	0.031500777096765784
0.0223872113856834	68.29722660327882	0.01313951362869013
0.0223872113856834	80.24224454534324	0.004538846628858027
0.0223872113856834	94.27641691918359	0.0013492383663252635
0.0223872113856834	110.76513172680856	0.000359815357554459
0.0223872113856834	130.13768243838226	0.00008807329706240835
0.0223872113856834	152.89844490235234	0.000014092242320232553
0.0223872113856834	179.64000906983009	1.0127870907605304e-6
0.0223872113856834	211.0586074254582	2.5080606564729924e-8
0.0223872113856834	247.97224181311304	1.4476022665349482e-10
0.0223872113856834	291.34198059910017	1.9758447578109597e-13
0.0223872113856834	342.29698065712284	7.671845657537648e-16
0.0223872113856834	356.0879083973854	9.598874770109652e-17
0.0223872113856834	367.69947062773485	0.
0.0223872113856834	379.3110328580844	0.
0.0223872113856834	387.0520743449841	0.
0.026302679918953815	1.0337203556238923	0.0003255570603645201
0.026302679918953815	1.214515518313732	0.0020817747898495527
0.026302679918953815	1.4269313129029193	0.00889588312717941
0.026302679918953815	1.6764981105962926	0.019378884511816966
0.026302679918953815	1.9697135310003253	0.030860816882981125
0.026302679918953815	2.3142116115035893	0.04847054793524571
0.026302679918953815	2.718961563968236	0.08087557998720171
0.026302679918953815	3.1945012934808394	0.11194799048312387
0.026302679918953815	3.753211758961802	0.1403706742657428
0.026302679918953815	4.409639318774513	0.1741298187400397
0.026302679918953815	5.180874453793387	0.2119122214365092
0.026302679918953815	6.086996728210521	0.251036576824608
0.026302679918953815	7.151597572899458	0.2907697722626747
0.026302679918953815	8.402394502311049	0.3325217236694794
0.026302679918953815	9.871952756402594	0.3725088480387288
0.026302679918953815	11.598533155975957	0.3995830023816953
0.026302679918953815	13.627088245841218	0.40749487989957695
0.026302679918953815	16.01043266098405	0.39110557541284896
0.026302679918953815	18.81061818691415	0.3607583566947136
0.026302679918953815	22.100549314706473	0.31402972436720084
0.026302679918953815	25.965881352669136	0.24539123100567928
0.026302679918953815	30.507250513100896	0.17702780288068723
0.026302679918953815	35.84289403576994	0.1178352233067076
0.026302679918953815	42.111728564582755	0.06971980950306292
0.026302679918953815	49.476966924805424	0.03580470302671381
0.026302679918953815	58.13036746577788	0.015959979792468354
0.026302679918953815	68.29722660327882	0.0058560452395888495
0.026302679918953815	80.24224454534324	0.0016724095190779602
0.026302679918953815	94.27641691918359	0.0003896905843859091
0.026302679918953815	110.76513172680856	0.0000860244041277008
0.026302679918953815	130.13768243838226	0.000025249430619946617
0.026302679918953815	152.89844490235234	4.622077070636887e-6
0.026302679918953815	179.64000906983009	2.3573553698223248e-7
0.026302679918953815	211.0586074254582	2.9415897401605186e-9
0.026302679918953815	247.97224181311304	4.111655291445012e-12
0.026302679918953815	291.34198059910017	0.
0.026302679918953815	342.29698065712284	0.
0.026302679918953815	356.0879083973854	0.
0.026302679918953815	367.69947062773485	0.
0.026302679918953815	379.3110328580844	0.
0.026302679918953815	387.0520743449841	0.
0.030902954325135904	1.0337203556238923	0.0005411701395186467
0.030902954325135904	1.214515518313732	0.0024724403888268937
0.030902954325135904	1.4269313129029193	0.009323526875896049
0.030902954325135904	1.6764981105962926	0.02189622657836339
0.030902954325135904	1.9697135310003253	0.03744475777911763
0.030902954325135904	2.3142116115035893	0.0608544787921403
0.030902954325135904	2.718961563968236	0.09581622125682576
0.030902954325135904	3.1945012934808394	0.12823004355837014
0.030902954325135904	3.753211758961802	0.16085625305645854
0.030902954325135904	4.409639318774513	0.2035353609170078
0.030902954325135904	5.180874453793387	0.2455849263936592
0.030902954325135904	6.086996728210521	0.2820467095236353
0.030902954325135904	7.151597572899458	0.32065223886518485
0.030902954325135904	8.402394502311049	0.35753417639226315
0.030902954325135904	9.871952756402594	0.39217924979404184
0.030902954325135904	11.598533155975957	0.4105884400823024
0.030902954325135904	13.627088245841218	0.3967194330924396
0.030902954325135904	16.01043266098405	0.3600167847518644
0.030902954325135904	18.81061818691415	0.31423795175615066
0.030902954325135904	22.100549314706473	0.25617907423227765
0.030902954325135904	25.965881352669136	0.18361189493332067
0.030902954325135904	30.507250513100896	0.11917779540325199
0.030902954325135904	35.84289403576994	0.07134427009852896
0.030902954325135904	42.111728564582755	0.038092715887261604
0.030902954325135904	49.476966924805424	0.01772541276111265
0.030902954325135904	58.13036746577788	0.007026601360065089
0.030902954325135904	68.29722660327882	0.0023507776318470617
0.030902954325135904	80.24224454534324	0.0006241270451175203
0.030902954325135904	94.27641691918359	0.0001341842465034228
0.030902954325135904	110.76513172680856	0.000022993200761622572
0.030902954325135904	130.13768243838226	4.387048502837986e-6
0.030902954325135904	152.89844490235234	6.934688917321136e-7
0.030902954325135904	179.64000906983009	3.078185960820945e-8
0.030902954325135904	211.0586074254582	2.940578237279378e-10
0.030902954325135904	247.97224181311304	1.802844892120256e-14
0.030902954325135904	291.34198059910017	7.017605727703111e-21
0.030902954325135904	342.29698065712284	1.5236704606439705e-20
0.030902954325135904	356.0879083973854	0.
0.030902954325135904	367.69947062773485	0.
0.030902954325135904	379.3110328580844	0.
0.030902954325135904	387.0520743449841	0.
0.03630780547701014	1.0337203556238923	0.0017972936474499768
0.03630780547701014	1.214515518313732	0.004310143562350245
0.03630780547701014	1.4269313129029193	0.012857921621872822
0.03630780547701014	1.6764981105962926	0.029267895093506194
0.03630780547701014	1.9697135310003253	0.05021986896918204
0.03630780547701014	2.3142116115035893	0.07551318201795416
0.03630780547701014	2.718961563968236	0.10983983320797758
0.03630780547701014	3.1945012934808394	0.14403090966027216
0.03630780547701014	3.753211758961802	0.18267601093587946
0.03630780547701014	4.409639318774513	0.2295762170267056
0.03630780547701014	5.180874453793387	0.270459302538135
0.03630780547701014	6.086996728210521	0.3053489481116145
0.03630780547701014	7.151597572899458	0.3472161046115046
0.03630780547701014	8.402394502311049	0.3822202737721873
0.03630780547701014	9.871952756402594	0.4002117007465175
0.03630780547701014	11.598533155975957	0.3911311815717234
0.03630780547701014	13.627088245841218	0.35805780527241593
0.03630780547701014	16.01043266098405	0.3127697879749827
0.03630780547701014	18.81061818691415	0.25519477806481283
0.03630780547701014	22.100549314706473	0.18960749803192076
0.03630780547701014	25.965881352669136	0.12210487579473675
0.03630780547701014	30.507250513100896	0.07056094619002917
0.03630780547701014	35.84289403576994	0.03779110833384145
0.03630780547701014	42.111728564582755	0.01810879330036234
0.03630780547701014	49.476966924805424	0.0077444868171607185
0.03630780547701014	58.13036746577788	0.0027900250762991513
0.03630780547701014	68.29722660327882	0.0008647466451744177
0.03630780547701014	80.24224454534324	0.00019848375232140906
0.03630780547701014	94.27641691918359	0.000030252138492868802
0.03630780547701014	110.76513172680856	3.0601863146630414e-6
0.03630780547701014	130.13768243838226	2.233742682147247e-7
0.03630780547701014	152.89844490235234	2.208838313359687e-8
0.03630780547701014	179.64000906983009	9.071412634793417e-10
0.03630780547701014	211.0586074254582	8.160438638729616e-12
0.03630780547701014	247.97224181311304	0.
0.03630780547701014	291.34198059910017	1.1200173675026197e-19
0.03630780547701014	342.29698065712284	4.5206832168995935e-20
0.03630780547701014	356.0879083973854	0.
0.03630780547701014	367.69947062773485	0.
0.03630780547701014	379.3110328580844	0.
0.03630780547701014	387.0520743449841	0.
0.04265795188015928	1.0337203556238923	0.004046570371312902
0.04265795188015928	1.214515518313732	0.00678273103027777
0.04265795188015928	1.4269313129029193	0.015752986206432184
0.04265795188015928	1.6764981105962926	0.03295029326518556
0.04265795188015928	1.9697135310003253	0.05456827965779071
0.04265795188015928	2.3142116115035893	0.08337778101307254
0.04265795188015928	2.718961563968236	0.12530880081659448
0.04265795188015928	3.1945012934808394	0.16950284497747486
0.04265795188015928	3.753211758961802	0.2121132812967487
0.04265795188015928	4.409639318774513	0.25583349820387297
0.04265795188015928	5.180874453793387	0.2956978734630949
0.04265795188015928	6.086996728210521	0.3297810242420583
0.04265795188015928	7.151597572899458	0.3612842337860604
0.04265795188015928	8.402394502311049	0.38295919639855114
0.04265795188015928	9.871952756402594	0.3823733931348112
0.04265795188015928	11.598533155975957	0.3536493959939373
0.04265795188015928	13.627088245841218	0.30735782193555233
0.04265795188015928	16.01043266098405	0.2529334854782489
0.04265795188015928	18.81061818691415	0.1905150694322063
0.04265795188015928	22.100549314706473	0.12832069641545632
0.04265795188015928	25.965881352669136	0.07502792529660286
0.04265795188015928	30.507250513100896	0.038643427494454485
0.04265795188015928	35.84289403576994	0.017917395061664797
0.04265795188015928	42.111728564582755	0.007473389079706098
0.04265795188015928	49.476966924805424	0.0030237521130316047
0.04265795188015928	58.13036746577788	0.0010648454631285382
0.04265795188015928	68.29722660327882	0.0003005620408625506
0.04265795188015928	80.24224454534324	0.00006411375568702652
0.04265795188015928	94.27641691918359	7.741467075593135e-6
0.04265795188015928	110.76513172680856	3.970875396943911e-7
0.04265795188015928	130.13768243838226	7.517537275508834e-9
0.04265795188015928	152.89844490235234	1.6282533265160195e-10
0.04265795188015928	179.64000906983009	5.72349637566578e-12
0.04265795188015928	211.0586074254582	5.045625925669731e-14
0.04265795188015928	247.97224181311304	0.
0.04265795188015928	291.34198059910017	0.
0.04265795188015928	342.29698065712284	0.
0.04265795188015928	356.0879083973854	0.
0.04265795188015928	367.69947062773485	0.
0.04265795188015928	379.3110328580844	0.
0.04265795188015928	387.0520743449841	0.
0.05011872336272725	1.0337203556238923	0.004366960888173055
0.05011872336272725	1.214515518313732	0.007677201985688704
0.05011872336272725	1.4269313129029193	0.0173342297690761
0.05011872336272725	1.6764981105962926	0.03331619848193256
0.05011872336272725	1.9697135310003253	0.055468137541169214
0.05011872336272725	2.3142116115035893	0.0908450049193408
0.05011872336272725	2.718961563968236	0.13921922490273678
0.05011872336272725	3.1945012934808394	0.1907048965773287
0.05011872336272725	3.753211758961802	0.2377901738967483
0.05011872336272725	4.409639318774513	0.2802380246347681
0.05011872336272725	5.180874453793387	0.3158869799061097
0.05011872336272725	6.086996728210521	0.3434418450206222
0.05011872336272725	7.151597572899458	0.36068119216614425
0.05011872336272725	8.402394502311049	0.3657882117578363
0.05011872336272725	9.871952756402594	0.34569173140610154
0.05011872336272725	11.598533155975957	0.3010163438120429
0.05011872336272725	13.627088245841218	0.24459264532549754
0.05011872336272725	16.01043266098405	0.18405114708459522
0.05011872336272725	18.81061818691415	0.1257753125138315
0.05011872336272725	22.100549314706473	0.07789413586919167
0.05011872336272725	25.965881352669136	0.04312834172308517
0.05011872336272725	30.507250513100896	0.020155556416699437
0.05011872336272725	35.84289403576994	0.008203670296295934
0.05011872336272725	42.111728564582755	0.0030914178332544446
0.05011872336272725	49.476966924805424	0.0011434835902537747
0.05011872336272725	58.13036746577788	0.0004068565576541713
0.05011872336272725	68.29722660327882	0.00009103193099226427
0.05011872336272725	80.24224454534324	0.000011962447899664384
0.05011872336272725	94.27641691918359	1.167706826077799e-6
0.05011872336272725	110.76513172680856	5.3016222298275493e-8
0.05011872336272725	130.13768243838226	6.163438986050395e-10
0.05011872336272725	152.89844490235234	8.223816448578442e-14
0.05011872336272725	179.64000906983009	0.
0.05011872336272725	211.0586074254582	0.
0.05011872336272725	247.97224181311304	0.
0.05011872336272725	291.34198059910017	0.
0.05011872336272725	342.29698065712284	8.251924759193643e-21
0.05011872336272725	356.0879083973854	0.
0.05011872336272725	367.69947062773485	0.
0.05011872336272725	379.3110328580844	0.
0.05011872336272725	387.0520743449841	0.
0.0588843655355589	1.0337203556238923	0.002766790138582227
0.0588843655355589	1.214515518313732	0.006460729572847472
0.0588843655355589	1.4269313129029193	0.018532362959336243
0.0588843655355589	1.6764981105962926	0.03818434841765701
0.0588843655355589	1.9697135310003253	0.06492005730943584
0.0588843655355589	2.3142116115035893	0.10296401297940182
0.0588843655355589	2.718961563968236	0.1553457551164019
0.0588843655355589	3.1945012934808394	0.21069358308961758
0.0588843655355589	3.753211758961802	0.26119335206227845
0.0588843655355589	4.409639318774513	0.299446227397458
0.0588843655355589	5.180874453793387	0.3256667988804166
0.0588843655355589	6.086996728210521	0.34203543910023876
0.0588843655355589	7.151597572899458	0.34316019049735025
0.0588843655355589	8.402394502311049	0.33403927679113604
0.0588843655355589	9.871952756402594	0.3022809988360988
0.0588843655355589	11.598533155975957	0.24356619371714625
0.0588843655355589	13.627088245841218	0.17711167346423726
0.0588843655355589	16.01043266098405	0.11944377832889135
0.0588843655355589	18.81061818691415	0.07431021864684222
0.0588843655355589	22.100549314706473	0.0422001120284948
0.0588843655355589	25.965881352669136	0.021980540625418186
0.0588843655355589	30.507250513100896	0.009569832294136845
0.0588843655355589	35.84289403576994	0.003550350780062607
0.0588843655355589	42.111728564582755	0.0012737748297670765
0.0588843655355589	49.476966924805424	0.00043229360018711793
0.0588843655355589	58.13036746577788	0.00012824579390120503
0.0588843655355589	68.29722660327882	0.000022214303391484093
0.0588843655355589	80.24224454534324	1.5051659078359075e-6
0.0588843655355589	94.27641691918359	5.396936883386963e-8
0.0588843655355589	110.76513172680856	1.7781160931841683e-9
0.0588843655355589	130.13768243838226	1.9880189330561383e-11
0.0588843655355589	152.89844490235234	3.0416741810327123e-20
0.0588843655355589	179.64000906983009	0.
0.0588843655355589	211.0586074254582	0.
0.0588843655355589	247.97224181311304	0.
0.0588843655355589	291.34198059910017	0.
0.0588843655355589	342.29698065712284	1.2613813189306215e-20
0.0588843655355589	356.0879083973854	0.
0.0588843655355589	367.69947062773485	0.
0.0588843655355589	379.3110328580844	0.
0.0588843655355589	387.0520743449841	0.
0.06918309709189366	1.0337203556238923	0.003196159179902501
0.06918309709189366	1.214515518313732	0.008723342191927686
0.06918309709189366	1.4269313129029193	0.02391461118302126
0.06918309709189366	1.6764981105962926	0.047155137738951663
0.06918309709189366	1.9697135310003253	0.07933320208029593
0.06918309709189366	2.3142116115035893	0.12081577450286507
0.06918309709189366	2.718961563968236	0.17742666941272092
0.06918309709189366	3.1945012934808394	0.23388622502776538
0.06918309709189366	3.753211758961802	0.27631121015165994
0.06918309709189366	4.409639318774513	0.30595838926141344
0.06918309709189366	5.180874453793387	0.3249195390915775
0.06918309709189366	6.086996728210521	0.3271133876050959
0.06918309709189366	7.151597572899458	0.3064351966330676
0.06918309709189366	8.402394502311049	0.2810481834741577
0.06918309709189366	9.871952756402594	0.2417464985120314
0.06918309709189366	11.598533155975957	0.1819839946862213
0.06918309709189366	13.627088245841218	0.11793736632715164
0.06918309709189366	16.01043266098405	0.06889808425402036
0.06918309709189366	18.81061818691415	0.03899863209062981
0.06918309709189366	22.100549314706473	0.0204359247939024
0.06918309709189366	25.965881352669136	0.009716445555299035
0.06918309709189366	30.507250513100896	0.003914249937540525
0.06918309709189366	35.84289403576994	0.001294391939812608
0.06918309709189366	42.111728564582755	0.00042255964783697084
0.06918309709189366	49.476966924805424	0.00015316502536420114
0.06918309709189366	58.13036746577788	0.00004950286847702505
0.06918309709189366	68.29722660327882	8.490429683731424e-6
0.06918309709189366	80.24224454534324	4.92049212845699e-7
0.06918309709189366	94.27641691918359	6.711113970872516e-9
0.06918309709189366	110.76513172680856	2.6801397540387755e-11
0.06918309709189366	130.13768243838226	8.75219665250822e-14
0.06918309709189366	152.89844490235234	4.557786882302273e-20
0.06918309709189366	179.64000906983009	0.
0.06918309709189366	211.0586074254582	0.
0.06918309709189366	247.97224181311304	0.
0.06918309709189366	291.34198059910017	0.
0.06918309709189366	342.29698065712284	1.1970564404304148e-20
0.06918309709189366	356.0879083973854	0.
0.06918309709189366	367.69947062773485	0.
0.06918309709189366	379.3110328580844	0.
0.06918309709189366	387.0520743449841	0.
0.08128305161640995	1.0337203556238923	0.0038457391809385913
0.08128305161640995	1.214515518313732	0.010398870027812852
0.08128305161640995	1.4269313129029193	0.02725627060901187
0.08128305161640995	1.6764981105962926	0.05782311158250474
0.08128305161640995	1.9697135310003253	0.09929222880530326
0.08128305161640995	2.3142116115035893	0.14373803338380325
0.08128305161640995	2.718961563968236	0.19694294231022366
0.08128305161640995	3.1945012934808394	0.2506276908330083
0.08128305161640995	3.753211758961802	0.28517885292430034
0.08128305161640995	4.409639318774513	0.303118016015716
0.08128305161640995	5.180874453793387	0.31021528919713304
0.08128305161640995	6.086996728210521	0.29579003818723715
0.08128305161640995	7.151597572899458	0.2591933299569898
0.08128305161640995	8.402394502311049	0.2189550347053665
0.08128305161640995	9.871952756402594	0.17101706060117094
0.08128305161640995	11.598533155975957	0.1181388393408009
0.08128305161640995	13.627088245841218	0.07053957100075652
0.08128305161640995	16.01043266098405	0.03669679678359541
0.08128305161640995	18.81061818691415	0.018239490248732136
0.08128305161640995	22.100549314706473	0.008525645231533662
0.08128305161640995	25.965881352669136	0.003609128882735034
0.08128305161640995	30.507250513100896	0.0013270650740207512
0.08128305161640995	35.84289403576994	0.0003766596473259626
0.08128305161640995	42.111728564582755	0.00010065563292801549
0.08128305161640995	49.476966924805424	0.00004642571782123195
0.08128305161640995	58.13036746577788	0.000022359526670058755
0.08128305161640995	68.29722660327882	4.018960154856347e-6
0.08128305161640995	80.24224454534324	2.0590707582004748e-7
0.08128305161640995	94.27641691918359	2.4360393159871802e-9
0.08128305161640995	110.76513172680856	6.215220755837369e-12
0.08128305161640995	130.13768243838226	3.3798019977252996e-19
0.08128305161640995	152.89844490235234	1.5316474018050612e-19
0.08128305161640995	179.64000906983009	6.936337956471618e-20
0.08128305161640995	211.0586074254582	3.541240478406117e-20
0.08128305161640995	247.97224181311304	2.442863376934464e-19
0.08128305161640995	291.34198059910017	1.3797989507113114e-19
0.08128305161640995	342.29698065712284	1.3311545269200504e-19
0.08128305161640995	356.0879083973854	1.3198719836077648e-19
0.08128305161640995	367.69947062773485	1.362799295388087e-19
0.08128305161640995	379.3110328580844	1.203551995536368e-19
0.08128305161640995	387.0520743449841	1.10463788514741e-19
0.09549925860214359	1.0337203556238923	0.004185083548930929
0.09549925860214359	1.214515518313732	0.01012999296034433
0.09549925860214359	1.4269313129029193	0.027987592479834268
0.09549925860214359	1.6764981105962926	0.06102352392557703
0.09549925860214359	1.9697135310003253	0.10970927563584289
0.09549925860214359	2.3142116115035893	0.16040782158723188
0.09549925860214359	2.718961563968236	0.20707726553665348
0.09549925860214359	3.1945012934808394	0.2512677273452356
0.09549925860214359	3.753211758961802	0.2794501398023312
0.09549925860214359	4.409639318774513	0.28969225092259776
0.09549925860214359	5.180874453793387	0.28568951318503194
0.09549925860214359	6.086996728210521	0.2571708290546247
0.09549925860214359	7.151597572899458	0.20801303099593116
0.09549925860214359	8.402394502311049	0.15883419141119884
0.09549925860214359	9.871952756402594	0.11037169387600608
0.09549925860214359	11.598533155975957	0.06788181996186111
0.09549925860214359	13.627088245841218	0.036939935368711374
0.09549925860214359	16.01043266098405	0.01802244951375377
0.09549925860214359	18.81061818691415	0.008192538176742517
0.09549925860214359	22.100549314706473	0.003305996394294132
0.09549925860214359	25.965881352669136	0.0011926675527427163
0.09549925860214359	30.507250513100896	0.0004025775083010969
0.09549925860214359	35.84289403576994	0.00011049544547974582
0.09549925860214359	42.111728564582755	0.00002597797346376108
0.09549925860214359	49.476966924805424	7.46758543192957e-6
0.09549925860214359	58.13036746577788	3.5508903232756706e-6
0.09549925860214359	68.29722660327882	6.063532907372073e-7
0.09549925860214359	80.24224454534324	2.5305413155834812e-8
0.09549925860214359	94.27641691918359	2.324017708416522e-10
0.09549925860214359	110.76513172680856	3.669940145164093e-13
0.09549925860214359	130.13768243838226	3.2887499162531296e-19
0.09549925860214359	152.89844490235234	3.714082491610375e-20
0.09549925860214359	179.64000906983009	2.79575013555208e-20
0.09549925860214359	211.0586074254582	4.2539264587481355e-20
0.09549925860214359	247.97224181311304	2.958514249617426e-19
0.09549925860214359	291.34198059910017	1.9953535229560956e-19
0.09549925860214359	342.29698065712284	1.844521660707329e-19
0.09549925860214359	356.0879083973854	1.971425922151814e-19
0.09549925860214359	367.69947062773485	2.1614118245077403e-19
0.09549925860214359	379.3110328580844	2.1425924716477887e-19
0.09549925860214359	387.0520743449841	2.1298910105688119e-19
0.11220184543019636	1.0337203556238923	0.003344314313966672
0.11220184543019636	1.214515518313732	0.009357783351634232
0.11220184543019636	1.4269313129029193	0.02991375223070546
0.11220184543019636	1.6764981105962926	0.06361025733241371
0.11220184543019636	1.9697135310003253	0.11377757695194264
0.11220184543019636	2.3142116115035893	0.17033874465895102
0.11220184543019636	2.718961563968236	0.2137306973593892
0.11220184543019636	3.1945012934808394	0.24669490304498573
0.11220184543019636	3.753211758961802	0.26721089339141924
0.11220184543019636	4.409639318774513	0.26457854730851643
0.11220184543019636	5.180874453793387	0.24250770618443068
0.11220184543019636	6.086996728210521	0.2034126825652917
0.11220184543019636	7.151597572899458	0.1505708051313113
0.11220184543019636	8.402394502311049	0.10149602694709119
0.11220184543019636	9.871952756402594	0.062162631247358165
0.11220184543019636	11.598533155975957	0.0338092895836241
0.11220184543019636	13.627088245841218	0.01640286859937977
0.11220184543019636	16.01043266098405	0.007342770338124734
0.11220184543019636	18.81061818691415	0.002909294398280917
0.11220184543019636	22.100549314706473	0.0009826916612418963
0.11220184543019636	25.965881352669136	0.0003283283388296619
0.11220184543019636	30.507250513100896	0.00010332327789635218
0.11220184543019636	35.84289403576994	0.000024278749676928138
0.11220184543019636	42.111728564582755	6.1382585215418545e-6
0.11220184543019636	49.476966924805424	8.681490011150253e-7
0.11220184543019636	58.13036746577788	1.1370442558216548e-7
0.11220184543019636	68.29722660327882	1.612818303963668e-8
0.11220184543019636	80.24224454534324	5.965904275980541e-10
0.11220184543019636	94.27641691918359	4.371517031155401e-12
0.11220184543019636	110.76513172680856	1.918261608305072e-15
0.11220184543019636	130.13768243838226	5.045558305068053e-19
0.11220184543019636	152.89844490235234	1.2800409809680697e-19
0.11220184543019636	179.64000906983009	5.46447655803004e-20
0.11220184543019636	211.0586074254582	4.618644071544329e-20
0.11220184543019636	247.97224181311304	2.1078747592566262e-19
0.11220184543019636	291.34198059910017	1.6679278327477766e-19
0.11220184543019636	342.29698065712284	1.1317815577230717e-19
0.11220184543019636	356.0879083973854	1.5117346182130023e-19
0.11220184543019636	367.69947062773485	1.9181018085432826e-19
0.11220184543019636	379.3110328580844	2.0734843798883445e-19
0.11220184543019636	387.0520743449841	2.1683547077638584e-19
0.13182567385564073	1.0337203556238923	0.003583379645550459
0.13182567385564073	1.214515518313732	0.01042859378226897
0.13182567385564073	1.4269313129029193	0.03247445712060945
0.13182567385564073	1.6764981105962926	0.06773594313649978
0.13182567385564073	1.9697135310003253	0.11960768469213515
0.13182567385564073	2.3142116115035893	0.17497005878733857
0.13182567385564073	2.718961563968236	0.21447608024649287
0.13182567385564073	3.1945012934808394	0.2356388354175661
0.13182567385564073	3.753211758961802	0.24211281575769592
0.13182567385564073	4.409639318774513	0.22481947333932373
0.13182567385564073	5.180874453793387	0.1875666599898767
0.13182567385564073	6.086996728210521	0.1435242135691313
0.13182567385564073	7.151597572899458	0.09719592634917595
0.13182567385564073	8.402394502311049	0.05754313608984983
0.13182567385564073	9.871952756402594	0.030540841198722704
0.13182567385564073	11.598533155975957	0.014445392576398033
0.13182567385564073	13.627088245841218	0.0062888247797030635
0.13182567385564073	16.01043266098405	0.002562449862751891
0.13182567385564073	18.81061818691415	0.0008458819727448686
0.13182567385564073	22.100549314706473	0.00023049466901639004
0.13182567385564073	25.965881352669136	0.00006252978144482749
0.13182567385564073	30.507250513100896	0.00001451215065473334
0.13182567385564073	35.84289403576994	2.192880347919736e-6
0.13182567385564073	42.111728564582755	3.907669113225957e-7
0.13182567385564073	49.476966924805424	4.9647015533383525e-8
0.13182567385564073	58.13036746577788	2.1301153635480296e-9
0.13182567385564073	68.29722660327882	1.2760610165332103e-10
0.13182567385564073	80.24224454534324	4.272520342418253e-12
0.13182567385564073	94.27641691918359	2.912570806960795e-14
0.13182567385564073	110.76513172680856	3.082289334025786e-19
0.13182567385564073	130.13768243838226	4.971528468663519e-19
0.13182567385564073	152.89844490235234	1.144898409977524e-19
0.13182567385564073	179.64000906983009	9.527991573359639e-20
0.13182567385564073	211.0586074254582	4.8530010596080075e-20
0.13182567385564073	247.97224181311304	1.5200228171226301e-19
0.13182567385564073	291.34198059910017	9.947870264422662e-20
0.13182567385564073	342.29698065712284	4.2156216196094435e-20
0.13182567385564073	356.0879083973854	8.966950719869005e-20
0.13182567385564073	367.69947062773485	1.3650770558004602e-19
0.13182567385564073	379.3110328580844	1.578959459574153e-19
0.13182567385564073	387.0520743449841	1.7101926060601935e-19
0.1548816618912482	1.0337203556238923	0.005157824341225193
0.1548816618912482	1.214515518313732	0.012947474097550102
0.1548816618912482	1.4269313129029193	0.03611238064420107
0.1548816618912482	1.6764981105962926	0.07253128118859202
0.1548816618912482	1.9697135310003253	0.12304287409204187
0.1548816618912482	2.3142116115035893	0.16989711620737602
0.1548816618912482	2.718961563968236	0.19973065223884237
0.1548816618912482	3.1945012934808394	0.20938206872190854
0.1548816618912482	3.753211758961802	0.20027234433046118
0.1548816618912482	4.409639318774513	0.1729893385994802
0.1548816618912482	5.180874453793387	0.13384452949600106
0.1548816618912482	6.086996728210521	0.09251838326398941
0.1548816618912482	7.151597572899458	0.05643960955714025
0.1548816618912482	8.402394502311049	0.029812603976264923
0.1548816618912482	9.871952756402594	0.014002829765293962
0.1548816618912482	11.598533155975957	0.005569814288953552
0.1548816618912482	13.627088245841218	0.0020704871584022165
0.1548816618912482	16.01043266098405	0.0008007880148790683
0.1548816618912482	18.81061818691415	0.0002470690881818331
0.1548816618912482	22.100549314706473	0.00005194831377415553
0.1548816618912482	25.965881352669136	7.392586207742131e-6
0.1548816618912482	30.507250513100896	7.484815976740533e-7
0.1548816618912482	35.84289403576994	5.568127217809891e-8
0.1548816618912482	42.111728564582755	4.39531872024337e-9
0.1548816618912482	49.476966924805424	4.5592567827222607e-10
0.1548816618912482	58.13036746577788	1.3708597520565268e-11
0.1548816618912482	68.29722660327882	9.770723105210731e-14
0.1548816618912482	80.24224454534324	7.499587437731435e-20
0.1548816618912482	94.27641691918359	1.3457772900585223e-19
0.1548816618912482	110.76513172680856	1.2786958770644609e-19
0.1548816618912482	130.13768243838226	4.156567891116743e-19
0.1548816618912482	152.89844490235234	3.3857494532887586e-20
0.1548816618912482	179.64000906983009	5.48861653715237e-20
0.1548816618912482	211.0586074254582	6.238915245927632e-20
0.1548816618912482	247.97224181311304	1.3639547026343367e-19
0.1548816618912482	291.34198059910017	9.932361437796613e-20
0.1548816618912482	342.29698065712284	3.476445472929467e-20
0.1548816618912482	356.0879083973854	6.858215195256691e-20
0.1548816618912482	367.69947062773485	1.0699171670755342e-19
0.1548816618912482	379.3110328580844	1.2675859075800248e-19
0.1548816618912482	387.0520743449841	1.3889677177200185e-19
0.18197008586099844	1.0337203556238923	0.006156715654326093
0.18197008586099844	1.214515518313732	0.015221501988509545
0.18197008586099844	1.4269313129029193	0.04111467470612561
0.18197008586099844	1.6764981105962926	0.07691602881805812
0.18197008586099844	1.9697135310003253	0.12017942009776202
0.18197008586099844	2.3142116115035893	0.15615626032019636
0.18197008586099844	2.718961563968236	0.17221160372734554
0.18197008586099844	3.1945012934808394	0.1684902527245056
0.18197008586099844	3.753211758961802	0.14866932150594792
0.18197008586099844	4.409639318774513	0.11825224414689635
0.18197008586099844	5.180874453793387	0.08349442393422261
0.18197008586099844	6.086996728210521	0.05174657804739081
0.18197008586099844	7.151597572899458	0.02810575711329147
0.18197008586099844	8.402394502311049	0.013293714971608854
0.18197008586099844	9.871952756402594	0.005475258111682358
0.18197008586099844	11.598533155975957	0.0018080126125736423
0.18197008586099844	13.627088245841218	0.0005779764460896865
0.18197008586099844	16.01043266098405	0.00022660188808757626
0.18197008586099844	18.81061818691415	0.00007752922893776996
0.18197008586099844	22.100549314706473	0.000017386868159672318
0.18197008586099844	25.965881352669136	1.555451826856321e-6
0.18197008586099844	30.507250513100896	4.109970404246993e-8
0.18197008586099844	35.84289403576994	5.007812020968493e-10
0.18197008586099844	42.111728564582755	6.778686146191524e-12
0.18197008586099844	49.476966924805424	3.721756584344573e-14
0.18197008586099844	58.13036746577788	2.367654591309116e-19
0.18197008586099844	68.29722660327882	1.250821704331777e-19
0.18197008586099844	80.24224454534324	1.490707049841144e-20
0.18197008586099844	94.27641691918359	2.0118152792759267e-19
0.18197008586099844	110.76513172680856	6.507180201387766e-20
0.18197008586099844	130.13768243838226	3.4519209818909125e-19
0.18197008586099844	152.89844490235234	9.318729059774045e-20
0.18197008586099844	179.64000906983009	4.347073521014044e-20
0.18197008586099844	211.0586074254582	6.405788465900672e-20
0.18197008586099844	247.97224181311304	1.289363856008518e-19
0.18197008586099844	291.34198059910017	6.99208454160883e-20
0.18197008586099844	342.29698065712284	1.874750926868781e-20
0.18197008586099844	356.0879083973854	3.884957419847725e-20
0.18197008586099844	367.69947062773485	6.10337299873457e-20
0.18197008586099844	379.3110328580844	7.279296792460963e-20
0.18197008586099844	387.0520743449841	8.001524868525785e-20
0.21379620895022325	1.0337203556238923	0.008163164249053207
0.21379620895022325	1.214515518313732	0.017981660027716236
0.21379620895022325	1.4269313129029193	0.04368057029693667
0.21379620895022325	1.6764981105962926	0.07701194768146984
0.21379620895022325	1.9697135310003253	0.11128588115086938
0.21379620895022325	2.3142116115035893	0.13448962264950978
0.21379620895022325	2.718961563968236	0.13899984964455997
0.21379620895022325	3.1945012934808394	0.1272408734505753
0.21379620895022325	3.753211758961802	0.10072995449330113
0.21379620895022325	4.409639318774513	0.07060572955066724
0.21379620895022325	5.180874453793387	0.04416607895660353
0.21379620895022325	6.086996728210521	0.024248329552993962
0.21379620895022325	7.151597572899458	0.011551535873215068
0.21379620895022325	8.402394502311049	0.004735893150854797
0.21379620895022325	9.871952756402594	0.0017583628705380903
0.21379620895022325	11.598533155975957	0.0005265407460689556
0.21379620895022325	13.627088245841218	0.00014215843655736196
0.21379620895022325	16.01043266098405	0.00004851592970199933
0.21379620895022325	18.81061818691415	0.000015084052310093484
0.21379620895022325	22.100549314706473	3.468959145413712e-6
0.21379620895022325	25.965881352669136	3.234791850323482e-7
0.21379620895022325	30.507250513100896	7.3414887475592535e-9
0.21379620895022325	35.84289403576994	3.3930019341046797e-11
0.21379620895022325	42.111728564582755	3.4300140503301067e-15
0.21379620895022325	49.476966924805424	4.8430071700812937e-20
0.21379620895022325	58.13036746577788	2.0758689142415703e-19
0.21379620895022325	68.29722660327882	3.9844372857184335e-19
0.21379620895022325	80.24224454534324	3.292365391242738e-20
0.21379620895022325	94.27641691918359	3.322202760933189e-19
0.21379620895022325	110.76513172680856	2.0821833184059414e-19
0.21379620895022325	130.13768243838226	2.3002735366129196e-19
0.21379620895022325	152.89844490235234	1.1640708744921767e-19
0.21379620895022325	179.64000906983009	6.109496324150504e-20
0.21379620895022325	211.0586074254582	4.7877379158124377e-20
0.21379620895022325	247.97224181311304	1.0054920152875572e-19
0.21379620895022325	291.34198059910017	5.1370920741564144e-20
0.21379620895022325	342.29698065712284	1.2067397521610479e-20
0.21379620895022325	356.0879083973854	1.8180283031379202e-20
0.21379620895022325	367.69947062773485	3.135836935867886e-20
0.21379620895022325	379.3110328580844	4.054712766673578e-20
0.21379620895022325	387.0520743449841	4.6198937235307375e-20
0.25118864315095807	1.0337203556238923	0.00932194239152875
0.25118864315095807	1.214515518313732	0.019090947079970354
0.25118864315095807	1.4269313129029193	0.04384511864175708
0.25118864315095807	1.6764981105962926	0.07313647052990423
0.25118864315095807	1.9697135310003253	0.09636236895338054
0.25118864315095807	2.3142116115035893	0.10824919817166909
0.25118864315095807	2.718961563968236	0.1046130197416076
0.25118864315095807	3.1945012934808394	0.08868469962251795
0.25118864315095807	3.753211758961802	0.0625418794782882
0.25118864315095807	4.409639318774513	0.037459711294888544
0.25118864315095807	5.180874453793387	0.020097363877964514
0.25118864315095807	6.086996728210521	0.009444806272859431
0.25118864315095807	7.151597572899458	0.003830275725236519
0.25118864315095807	8.402394502311049	0.0012797179936249196
0.25118864315095807	9.871952756402594	0.0003809165227959703
0.25118864315095807	11.598533155975957	0.00010315312005467886
0.25118864315095807	13.627088245841218	0.000023686432717058376
0.25118864315095807	16.01043266098405	5.046426328430215e-6
0.25118864315095807	18.81061818691415	7.799833530419814e-7
0.25118864315095807	22.100549314706473	1.164235342020584e-7
0.25118864315095807	25.965881352669136	1.0295679550316969e-8
0.25118864315095807	30.507250513100896	2.3594115828844664e-10
0.25118864315095807	35.84289403576994	1.0987319514374753e-12
0.25118864315095807	42.111728564582755	7.096316293928581e-20
0.25118864315095807	49.476966924805424	3.4349742341097932e-19
0.25118864315095807	58.13036746577788	2.835569003921463e-20
0.25118864315095807	68.29722660327882	4.389969169590403e-19
0.25118864315095807	80.24224454534324	1.2687411804133707e-19
0.25118864315095807	94.27641691918359	3.1236677819908137e-19
0.25118864315095807	110.76513172680856	2.9361335479788417e-19
0.25118864315095807	130.13768243838226	4.422783411385131e-19
0.25118864315095807	152.89844490235234	2.2127815702019392e-20
0.25118864315095807	179.64000906983009	7.840731908986705e-20
0.25118864315095807	211.0586074254582	8.69805836604277e-20
0.25118864315095807	247.97224181311304	1.301104303190207e-19
0.25118864315095807	291.34198059910017	8.78749897545398e-20
0.25118864315095807	342.29698065712284	2.4329770727834706e-20
0.25118864315095807	356.0879083973854	4.139189328165141e-20
0.25118864315095807	367.69947062773485	5.709617097907027e-20
0.25118864315095807	379.3110328580844	5.917151351522523e-20
0.25118864315095807	387.0520743449841	6.042270771345979e-20
0.2951209226666387	1.0337203556238923	0.01114511331395833
0.2951209226666387	1.214515518313732	0.020157513419888133
0.2951209226666387	1.4269313129029193	0.04084197260042011
0.2951209226666387	1.6764981105962926	0.06249068319475435
0.2951209226666387	1.9697135310003253	0.07563009993125687
0.2951209226666387	2.3142116115035893	0.07956546561407346
0.2951209226666387	2.718961563968236	0.07073107745565448
0.2951209226666387	3.1945012934808394	0.05265613634374359
0.2951209226666387	3.753211758961802	0.03279043376977414
0.2951209226666387	4.409639318774513	0.01718394306794883
0.2951209226666387	5.180874453793387	0.008003902969309444
0.2951209226666387	6.086996728210521	0.003299209950787486
0.2951209226666387	7.151597572899458	0.0011368562189014095
0.2951209226666387	8.402394502311049	0.00028394734662138334
0.2951209226666387	9.871952756402594	0.000049702588053810934
0.2951209226666387	11.598533155975957	8.22695314650386e-6
0.2951209226666387	13.627088245841218	1.6257096657309932e-6
0.2951209226666387	16.01043266098405	2.590198646287317e-7
0.2951209226666387	18.81061818691415	2.066161232300465e-8
0.2951209226666387	22.100549314706473	1.1929124468149854e-9
0.2951209226666387	25.965881352669136	8.116728567886437e-11
0.2951209226666387	30.507250513100896	1.8244221127408336e-12
0.2951209226666387	35.84289403576994	8.559731563680263e-15
0.2951209226666387	42.111728564582755	0.
0.2951209226666387	49.476966924805424	3.309034727409675e-19
0.2951209226666387	58.13036746577788	1.386147170505122e-19
0.2951209226666387	68.29722660327882	1.9303201831900532e-19
0.2951209226666387	80.24224454534324	1.7935070048726028e-20
0.2951209226666387	94.27641691918359	2.4478625519354046e-19
0.2951209226666387	110.76513172680856	1.0363761750791113e-19
0.2951209226666387	130.13768243838226	1.8742789516290285e-19
0.2951209226666387	152.89844490235234	4.407233402089668e-20
0.2951209226666387	179.64000906983009	3.030001779347261e-20
0.2951209226666387	211.0586074254582	7.126511950148294e-20
0.2951209226666387	247.97224181311304	1.1206189182508107e-19
0.2951209226666387	291.34198059910017	8.117136430272898e-20
0.2951209226666387	342.29698065712284	2.5052347140961538e-20
0.2951209226666387	356.0879083973854	4.262085198623082e-20
0.2951209226666387	367.69947062773485	5.40444774299642e-20
0.2951209226666387	379.3110328580844	4.992525626223696e-20
0.2951209226666387	387.0520743449841	4.735715425752922e-20
0.34673685045253166	1.0337203556238923	0.0119291479294492
0.34673685045253166	1.214515518313732	0.019717679539262515
0.34673685045253166	1.4269313129029193	0.03577043924554869
0.34673685045253166	1.6764981105962926	0.04934927263693645
0.34673685045253166	1.9697135310003253	0.05448088797647451
0.34673685045253166	2.3142116115035893	0.05176767780349728
0.34673685045253166	2.718961563968236	0.04077550050291579
0.34673685045253166	3.1945012934808394	0.02644865270242149
0.34673685045253166	3.753211758961802	0.01423883133348989
0.34673685045253166	4.409639318774513	0.0064293656957332985
0.34673685045253166	5.180874453793387	0.0025287019213622247
0.34673685045253166	6.086996728210521	0.0008759610096222532
0.34673685045253166	7.151597572899458	0.0002871421631544085
0.34673685045253166	8.402394502311049	0.000056168779882415695
0.34673685045253166	9.871952756402594	4.7369306241227135e-6
0.34673685045253166	11.598533155975957	2.1488991615519348e-7
0.34673685045253166	13.627088245841218	2.236434108490083e-8
0.34673685045253166	16.01043266098405	2.6420544789946886e-9
0.34673685045253166	18.81061818691415	1.4512401316327304e-10
0.34673685045253166	22.100549314706473	2.326224790550716e-12
0.34673685045253166	25.965881352669136	1.1159093493059465e-14
0.34673685045253166	30.507250513100896	7.650324399489039e-18
0.34673685045253166	35.84289403576994	0.
0.34673685045253166	42.111728564582755	1.0274596010964033e-19
0.34673685045253166	49.476966924805424	0.
0.34673685045253166	58.13036746577788	1.2806333738783194e-19
0.34673685045253166	68.29722660327882	1.7651470064200796e-20
0.34673685045253166	80.24224454534324	3.9231317003961787e-20
0.34673685045253166	94.27641691918359	8.385105971598072e-20
0.34673685045253166	110.76513172680856	7.974572335656467e-20
0.34673685045253166	130.13768243838226	8.220001246797352e-20
0.34673685045253166	152.89844490235234	4.4004176393169835e-20
0.34673685045253166	179.64000906983009	3.496727452924431e-20
0.34673685045253166	211.0586074254582	4.033144075533504e-20
0.34673685045253166	247.97224181311304	7.773197544033871e-20
0.34673685045253166	291.34198059910017	6.509507939469108e-20
0.34673685045253166	342.29698065712284	2.2292726212913598e-20
0.34673685045253166	356.0879083973854	3.4318581193133665e-20
0.34673685045253166	367.69947062773485	4.062985474648852e-20
0.34673685045253166	379.3110328580844	3.350799180094093e-20
0.34673685045253166	387.0520743449841	2.9094631419514063e-20
0.40738027780411284	1.0337203556238923	0.009950552382031312
0.40738027780411284	1.214515518313732	0.016013029701387467
0.40738027780411284	1.4269313129029193	0.0280247059726285
0.40738027780411284	1.6764981105962926	0.0359845565108676
0.40738027780411284	1.9697135310003253	0.03670403669633764
0.40738027780411284	2.3142116115035893	0.030851485523106577
0.40738027780411284	2.718961563968236	0.020636754134000374
0.40738027780411284	3.1945012934808394	0.011429472863808516
0.40738027780411284	3.753211758961802	0.005620554983635403
0.40738027780411284	4.409639318774513	0.002235498595802475
0.40738027780411284	5.180874453793387	0.000690621676496629
0.40738027780411284	6.086996728210521	0.00016983298552307005
0.40738027780411284	7.151597572899458	0.00005369055210289556
0.40738027780411284	8.402394502311049	0.000010722520107534247
0.40738027780411284	9.871952756402594	6.891816913601271e-7
0.40738027780411284	11.598533155975957	1.1446488547069959e-8
0.40738027780411284	13.627088245841218	7.826552800569047e-11
0.40738027780411284	16.01043266098405	1.8947283485450646e-12
0.40738027780411284	18.81061818691415	2.1546465354913276e-14
0.40738027780411284	22.100549314706473	0.
0.40738027780411284	25.965881352669136	0.
0.40738027780411284	30.507250513100896	0.
0.40738027780411284	35.84289403576994	0.
0.40738027780411284	42.111728564582755	1.81213406287633e-20
0.40738027780411284	49.476966924805424	0.
0.40738027780411284	58.13036746577788	0.
0.40738027780411284	68.29722660327882	6.724987936503168e-20
0.40738027780411284	80.24224454534324	2.279592402799524e-20
0.40738027780411284	94.27641691918359	7.464340462672864e-20
0.40738027780411284	110.76513172680856	1.463897520468908e-19
0.40738027780411284	130.13768243838226	9.453648848110798e-20
0.40738027780411284	152.89844490235234	7.458046816141553e-20
0.40738027780411284	179.64000906983009	3.6071214149708386e-20
0.40738027780411284	211.0586074254582	3.425092781084704e-20
0.40738027780411284	247.97224181311304	5.656500895196941e-20
0.40738027780411284	291.34198059910017	5.742084727014176e-20
0.40738027780411284	342.29698065712284	3.2096533176294616e-20
0.40738027780411284	356.0879083973854	3.857130848569455e-20
0.40738027780411284	367.69947062773485	4.125502875893716e-20
0.40738027780411284	379.3110328580844	3.445164084276798e-20
0.40738027780411284	387.0520743449841	3.023440126184313e-20
0.47863009232263853	1.0337203556238923	0.007756644106364609
0.47863009232263853	1.214515518313732	0.012561842788990911
0.47863009232263853	1.4269313129029193	0.020840488010545975
0.47863009232263853	1.6764981105962926	0.023694654026042407
0.47863009232263853	1.9697135310003253	0.020978526593209156
0.47863009232263853	2.3142116115035893	0.015426256748228976
0.47863009232263853	2.718961563968236	0.009161022854458672
0.47863009232263853	3.1945012934808394	0.004422111713254798
0.47863009232263853	3.753211758961802	0.0018484943000059895
0.47863009232263853	4.409639318774513	0.0006298720318082723
0.47863009232263853	5.180874453793387	0.00016097944930909696
0.47863009232263853	6.086996728210521	0.000027755254796254328
0.47863009232263853	7.151597572899458	4.3172131823972e-6
0.47863009232263853	8.402394502311049	6.868349494462688e-7
0.47863009232263853	9.871952756402594	3.7969646782784395e-8
0.47863009232263853	11.598533155975957	5.122393787821868e-10
0.47863009232263853	13.627088245841218	1.4823716958289662e-12
0.47863009232263853	16.01043266098405	1.8141460386364668e-19
0.47863009232263853	18.81061818691415	1.5093833178166722e-19
0.47863009232263853	22.100549314706473	3.049339297713821e-20
0.47863009232263853	25.965881352669136	1.5099597029056106e-19
0.47863009232263853	30.507250513100896	0.
0.47863009232263853	35.84289403576994	0.
0.47863009232263853	42.111728564582755	6.11174307392863e-20
0.47863009232263853	49.476966924805424	0.
0.47863009232263853	58.13036746577788	4.331517487359308e-20
0.47863009232263853	68.29722660327882	9.150109610457708e-20
0.47863009232263853	80.24224454534324	8.911432334463722e-20
0.47863009232263853	94.27641691918359	1.2133468213692145e-19
0.47863009232263853	110.76513172680856	4.802171145385204e-20
0.47863009232263853	130.13768243838226	6.134061292114026e-20
0.47863009232263853	152.89844490235234	4.1746022956213555e-20
0.47863009232263853	179.64000906983009	1.7292369838705716e-20
0.47863009232263853	211.0586074254582	2.1805634368815857e-20
0.47863009232263853	247.97224181311304	2.669965358829142e-20
0.47863009232263853	291.34198059910017	3.6804371647077006e-20
0.47863009232263853	342.29698065712284	2.678102188126437e-20
0.47863009232263853	356.0879083973854	2.722814315087234e-20
0.47863009232263853	367.69947062773485	2.678789933361169e-20
0.47863009232263853	379.3110328580844	2.1518959304207582e-20
0.47863009232263853	387.0520743449841	1.8255495193518692e-20
0.5623413251903494	1.0337203556238923	0.00696652632050508
0.5623413251903494	1.214515518313732	0.010173457951889531
0.5623413251903494	1.4269313129029193	0.014591991699245067
0.5623413251903494	1.6764981105962926	0.014133469851699412
0.5623413251903494	1.9697135310003253	0.01064743415547198
0.5623413251903494	2.3142116115035893	0.006849453682085551
0.5623413251903494	2.718961563968236	0.0037075072048414737
0.5623413251903494	3.1945012934808394	0.0016233584092057612
0.5623413251903494	3.753211758961802	0.0004918966995735851
0.5623413251903494	4.409639318774513	0.00012234155596887566
0.5623413251903494	5.180874453793387	0.000029330303406908517
0.5623413251903494	6.086996728210521	4.78287827385015e-6
0.5623413251903494	7.151597572899458	2.9012374715928226e-7
0.5623413251903494	8.402394502311049	9.24431538795364e-9
0.5623413251903494	9.871952756402594	2.818468824887076e-10
0.5623413251903494	11.598533155975957	2.9598201251547796e-12
0.5623413251903494	13.627088245841218	5.536981309809103e-15
0.5623413251903494	16.01043266098405	1.937048885069594e-19
0.5623413251903494	18.81061818691415	5.761480687838775e-20
0.5623413251903494	22.100549314706473	6.053703226240665e-20
0.5623413251903494	25.965881352669136	0.
0.5623413251903494	30.507250513100896	2.8789327477049733e-19
0.5623413251903494	35.84289403576994	0.
0.5623413251903494	42.111728564582755	1.6187113495135118e-19
0.5623413251903494	49.476966924805424	1.2604556738390993e-20
0.5623413251903494	58.13036746577788	1.1422430429719041e-20
0.5623413251903494	68.29722660327882	1.87889547354799e-19
0.5623413251903494	80.24224454534324	2.5464554266194364e-20
0.5623413251903494	94.27641691918359	1.2263705278676625e-19
0.5623413251903494	110.76513172680856	4.8868996707986064e-20
0.5623413251903494	130.13768243838226	3.636260846010899e-20
0.5623413251903494	152.89844490235234	1.1398219587904653e-20
0.5623413251903494	179.64000906983009	1.0253184541710493e-20
0.5623413251903494	211.0586074254582	1.706586740945156e-20
0.5623413251903494	247.97224181311304	7.809964415648376e-21
0.5623413251903494	291.34198059910017	2.6375461545426607e-20
0.5623413251903494	342.29698065712284	2.817149655361749e-20
0.5623413251903494	356.0879083973854	2.5553058144813186e-20
0.5623413251903494	367.69947062773485	2.3172598141246488e-20
0.5623413251903494	379.3110328580844	1.8880023414018482e-20
0.5623413251903494	387.0520743449841	1.6220615865836678e-20
0.6606934480075964	1.0337203556238923	0.0065333902006394105
0.6606934480075964	1.214515518313732	0.008094501321504098
0.6606934480075964	1.4269313129029193	0.00953617249946164
0.6606934480075964	1.6764981105962926	0.008154175804376945
0.6606934480075964	1.9697135310003253	0.005342867640509133
0.6606934480075964	2.3142116115035893	0.002810583711984622
0.6606934480075964	2.718961563968236	0.0012915361772222016
0.6606934480075964	3.1945012934808394	0.0005015492633234184
0.6606934480075964	3.753211758961802	0.00011250779399246829
0.6606934480075964	4.409639318774513	0.000015069084966714118
0.6606934480075964	5.180874453793387	2.3344092830999532e-6
0.6606934480075964	6.086996728210521	3.1907009978336746e-7
0.6606934480075964	7.151597572899458	1.707919677178561e-8
0.6606934480075964	8.402394502311049	2.4945294365048227e-10
0.6606934480075964	9.871952756402594	1.1702120226169745e-12
0.6606934480075964	11.598533155975957	4.446063409570182e-15
0.6606934480075964	13.627088245841218	2.214356066884681e-20
0.6606934480075964	16.01043266098405	2.2398957033741713e-19
0.6606934480075964	18.81061818691415	4.3062584963682627e-20
0.6606934480075964	22.100549314706473	1.0229243404292155e-19
0.6606934480075964	25.965881352669136	1.1211771509113987e-19
0.6606934480075964	30.507250513100896	8.355223499446813e-20
0.6606934480075964	35.84289403576994	0.
0.6606934480075964	42.111728564582755	0.
0.6606934480075964	49.476966924805424	1.1531420682708223e-20
0.6606934480075964	58.13036746577788	9.312169078304574e-21
0.6606934480075964	68.29722660327882	0.
0.6606934480075964	80.24224454534324	4.041812025459584e-20
0.6606934480075964	94.27641691918359	7.226838903298661e-20
0.6606934480075964	110.76513172680856	5.538387868994096e-20
0.6606934480075964	130.13768243838226	3.2637754154844664e-20
0.6606934480075964	152.89844490235234	2.6494939121268578e-20
0.6606934480075964	179.64000906983009	1.1338371199406084e-20
0.6606934480075964	211.0586074254582	1.7249954332192747e-20
0.6606934480075964	247.97224181311304	1.9565431276769312e-20
0.6606934480075964	291.34198059910017	3.593402989939403e-20
0.6606934480075964	342.29698065712284	4.2922154211477034e-20
0.6606934480075964	356.0879083973854	3.835075599079499e-20
0.6606934480075964	367.69947062773485	3.4840474537556653e-20
0.6606934480075964	379.3110328580844	3.149758129525335e-20
0.6606934480075964	387.0520743449841	2.941803894613297e-20
0.776247116628692	1.0337203556238923	0.004251093487827259
0.776247116628692	1.214515518313732	0.004971291731857985
0.776247116628692	1.4269313129029193	0.005091619252698301
0.776247116628692	1.6764981105962926	0.003751651312868354
0.776247116628692	1.9697135310003253	0.002035598625520027
0.776247116628692	2.3142116115035893	0.0008261679241709278
0.776247116628692	2.718961563968236	0.0003056986676898537
0.776247116628692	3.1945012934808394	0.00008398835115239625
0.776247116628692	3.753211758961802	0.00001226208943985408
0.776247116628692	4.409639318774513	8.231555254003979e-7
0.776247116628692	5.180874453793387	4.447324803268159e-8
0.776247116628692	6.086996728210521	3.535709248577541e-9
0.776247116628692	7.151597572899458	1.6343179975300796e-10
0.776247116628692	8.402394502311049	2.19777743123283e-12
0.776247116628692	9.871952756402594	5.607995149650609e-15
0.776247116628692	11.598533155975957	1.5950454598758408e-19
0.776247116628692	13.627088245841218	1.605234359135418e-19
0.776247116628692	16.01043266098405	6.349624525922623e-20
0.776247116628692	18.81061818691415	5.2233875646563e-19
0.776247116628692	22.100549314706473	2.1284482912761786e-19
0.776247116628692	25.965881352669136	1.755790386394962e-20
0.776247116628692	30.507250513100896	1.6860314657717698e-21
0.776247116628692	35.84289403576994	3.7815364222984196e-20
0.776247116628692	42.111728564582755	0.
0.776247116628692	49.476966924805424	1.2507674515575697e-20
0.776247116628692	58.13036746577788	0.
0.776247116628692	68.29722660327882	8.500396280330807e-21
0.776247116628692	80.24224454534324	4.9503358623843667e-20
0.776247116628692	94.27641691918359	4.2763233384748424e-20
0.776247116628692	110.76513172680856	2.9981892595464645e-20
0.776247116628692	130.13768243838226	3.968113358418614e-20
0.776247116628692	152.89844490235234	3.198602799356559e-20
0.776247116628692	179.64000906983009	1.5816600650540824e-20
0.776247116628692	211.0586074254582	1.252423112711682e-20
0.776247116628692	247.97224181311304	1.1081025879219698e-20
0.776247116628692	291.34198059910017	2.6175781254930703e-20
0.776247116628692	342.29698065712284	3.3642171676504624e-20
0.776247116628692	356.0879083973854	2.9395680169738526e-20
0.776247116628692	367.69947062773485	2.606709443586647e-20
0.776247116628692	379.3110328580844	2.379543823447601e-20
0.776247116628692	387.0520743449841	2.2381079616634303e-20
0.9120108393559101	1.0337203556238923	0.0024283581719474197
0.9120108393559101	1.214515518313732	0.0025359110931044036
0.9120108393559101	1.4269313129029193	0.002120681955801625
0.9120108393559101	1.6764981105962926	0.0011320531752243995
0.9120108393559101	1.9697135310003253	0.00044317212263706324
0.9120108393559101	2.3142116115035893	0.00014517871466219237
0.9120108393559101	2.718961563968236	0.00004471356188886285
0.9120108393559101	3.1945012934808394	7.989250320315577e-6
0.9120108393559101	3.753211758961802	5.897053102622751e-7
0.9120108393559101	4.409639318774513	1.8740778214931114e-8
0.9120108393559101	5.180874453793387	3.204678524620309e-10
0.9120108393559101	6.086996728210521	3.977290032701999e-12
0.9120108393559101	7.151597572899458	2.854738529214479e-14
0.9120108393559101	8.402394502311049	8.635685748814352e-19
0.9120108393559101	9.871952756402594	5.349444740661738e-19
0.9120108393559101	11.598533155975957	3.9896871448468235e-19
0.9120108393559101	13.627088245841218	4.599707504994785e-19
0.9120108393559101	16.01043266098405	3.774183189622011e-19
0.9120108393559101	18.81061818691415	1.8308754655769317e-19
0.9120108393559101	22.100549314706473	5.301688385007259e-20
0.9120108393559101	25.965881352669136	5.237718712756755e-22
0.9120108393559101	30.507250513100896	1.1983370664829255e-19
0.9120108393559101	35.84289403576994	0.
0.9120108393559101	42.111728564582755	2.920504378996105e-21
0.9120108393559101	49.476966924805424	1.119165127640975e-21
0.9120108393559101	58.13036746577788	0.
0.9120108393559101	68.29722660327882	7.114839314397065e-21
0.9120108393559101	80.24224454534324	2.985311289796644e-20
0.9120108393559101	94.27641691918359	3.665334711872974e-20
0.9120108393559101	110.76513172680856	2.0534563278616355e-20
0.9120108393559101	130.13768243838226	2.578753893800435e-20
0.9120108393559101	152.89844490235234	3.26202473069377e-20
0.9120108393559101	179.64000906983009	1.645139048283147e-20
0.9120108393559101	211.0586074254582	1.554242423414573e-20
0.9120108393559101	247.97224181311304	2.0670838580399573e-20
0.9120108393559101	291.34198059910017	2.6837770576571045e-20
0.9120108393559101	342.29698065712284	3.230573915439041e-20
0.9120108393559101	356.0879083973854	2.924332806006165e-20
0.9120108393559101	367.69947062773485	2.6321012600264832e-20
0.9120108393559101	379.3110328580844	2.4295509745157584e-20
0.9120108393559101	387.0520743449841	2.303285136421448e-20
0.9338699839093769	1.0337203556238923	0.0023065602827968754
0.9338699839093769	1.214515518313732	0.0023797411017416202
0.9338699839093769	1.4269313129029193	0.001956316639400907
0.9338699839093769	1.6764981105962926	0.0010061620733156106
0.9338699839093769	1.9697135310003253	0.000377342219477197
0.9338699839093769	2.3142116115035893	0.00012165353218130553
0.9338699839093769	2.718961563968236	0.0000371512572424036
0.9338699839093769	3.1945012934808394	6.558283012945438e-6
0.9338699839093769	3.753211758961802	4.752758289600985e-7
0.9338699839093769	4.409639318774513	1.469504676518152e-8
0.9338699839093769	5.180874453793387	2.4671378360813583e-10
0.9338699839093769	6.086996728210521	3.03297365969249e-12
0.9338699839093769	7.151597572899458	2.1712165064125927e-14
0.9338699839093769	8.402394502311049	8.822688338854343e-19
0.9338699839093769	9.871952756402594	6.895595153590963e-19
0.9338699839093769	11.598533155975957	3.659264257452593e-19
0.9338699839093769	13.627088245841218	3.769500849803989e-19
0.9338699839093769	16.01043266098405	2.9425768538216847e-19
0.9338699839093769	18.81061818691415	2.57761851346577e-19
0.9338699839093769	22.100549314706473	1.237855819551708e-19
0.9338699839093769	25.965881352669136	1.222919967928661e-21
0.9338699839093769	30.507250513100896	9.59175086091461e-20
0.9338699839093769	35.84289403576994	0.
0.9338699839093769	42.111728564582755	6.818890660925982e-21
0.9338699839093769	49.476966924805424	2.6130639254608222e-21
0.9338699839093769	58.13036746577788	0.
0.9338699839093769	68.29722660327882	7.46676126635794e-21
0.9338699839093769	80.24224454534324	3.316456029332046e-20
0.9338699839093769	94.27641691918359	2.8625442435531493e-20
0.9338699839093769	110.76513172680856	1.8949322723195113e-20
0.9338699839093769	130.13768243838226	2.827706831736741e-20
0.9338699839093769	152.89844490235234	3.1255212853498734e-20
0.9338699839093769	179.64000906983009	1.6690462739746738e-20
0.9338699839093769	211.0586074254582	1.6516650827554816e-20
0.9338699839093769	247.97224181311304	2.1586438106656053e-20
0.9338699839093769	291.34198059910017	2.8025151593512646e-20
0.9338699839093769	342.29698065712284	3.296792382166506e-20
0.9338699839093769	356.0879083973854	3.0187073994171733e-20
0.9338699839093769	367.69947062773485	2.7294648624417897e-20
0.9338699839093769	379.3110328580844	2.5207454815154404e-20
0.9338699839093769	387.0520743449841	2.3906252503034238e-20
0.9643222659933782	1.0337203556238923	0.0021484982094396856
0.9643222659933782	1.214515518313732	0.002177575054510895
0.9643222659933782	1.4269313129029193	0.0017440180510763263
0.9643222659933782	1.6764981105962926	0.00084398557596281
0.9643222659933782	1.9697135310003253	0.0002926675765987151
0.9643222659933782	2.3142116115035893	0.00009140540099750702
0.9643222659933782	2.718961563968236	0.000027429521235454864
0.9643222659933782	3.1945012934808394	4.719109969038658e-6
0.9643222659933782	3.753211758961802	3.28246283727849e-7
0.9643222659933782	4.409639318774513	9.498550645624987e-9
0.9643222659933782	5.180874453793387	1.519995709045228e-10
0.9643222659933782	6.086996728210521	1.8204017062605144e-12
0.9643222659933782	7.151597572899458	1.2935447294080077e-14
0.9643222659933782	8.402394502311049	9.054623952687115e-19
0.9643222659933782	9.871952756402594	8.870657927885967e-19
0.9643222659933782	11.598533155975957	3.232719020141701e-19
0.9643222659933782	13.627088245841218	2.702495591663947e-19
0.9643222659933782	16.01043266098405	1.8744968648151908e-19
0.9643222659933782	18.81061818691415	3.5321672126653735e-19
0.9643222659933782	22.100549314706473	2.143527010659034e-19
0.9643222659933782	25.965881352669136	2.1176634158239015e-21
0.9643222659933782	30.507250513100896	6.519074244169984e-20
0.9643222659933782	35.84289403576994	0.
0.9643222659933782	42.111728564582755	1.1807898855069297e-20
0.9643222659933782	49.476966924805424	4.524899440091879e-21
0.9643222659933782	58.13036746577788	0.
0.9643222659933782	68.29722660327882	7.911183576351624e-21
0.9643222659933782	80.24224454534324	3.737863768659516e-20
0.9643222659933782	94.27641691918359	1.8314550765397903e-20
0.9643222659933782	110.76513172680856	1.6901713369262898e-20
0.9643222659933782	130.13768243838226	3.144228408055639e-20
0.9643222659933782	152.89844490235234	2.9479055044820814e-20
0.9643222659933782	179.64000906983009	1.6982276656138243e-20
0.9643222659933782	211.0586074254582	1.7750556217259675e-20
0.9643222659933782	247.97224181311304	2.2740819654731264e-20
0.9643222659933782	291.34198059910017	2.952216632374943e-20
0.9643222659933782	342.29698065712284	3.3787718018107577e-20
0.9643222659933782	356.0879083973854	3.137004448213751e-20
0.9643222659933782	367.69947062773485	2.8518430485307363e-20
0.9643222659933782	379.3110328580844	2.6354007052473602e-20
0.9643222659933782	387.0520743449841	2.500454991104316e-20
1.0049253087720469	1.0337203556238923	0.0019565788051347146
1.0049253087720469	1.214515518313732	0.001932934840028918
1.0049253087720469	1.4269313129029193	0.00148790649806835
1.0049253087720469	1.6764981105962926	0.0006490508167092025
1.0049253087720469	1.9697135310003253	0.00019110480970141097
1.0049253087720469	2.3142116115035893	0.000055143496555969984
1.0049253087720469	2.718961563968236	0.00001577779705636157
1.0049253087720469	3.1945012934808394	2.515503030042616e-6
1.0049253087720469	3.753211758961802	1.521540446399005e-7
1.0049253087720469	4.409639318774513	3.2779465665315168e-9
1.0049253087720469	5.180874453793387	3.8650153539069335e-11
1.0049253087720469	6.086996728210521	3.694366545978774e-13
1.0049253087720469	7.151597572899458	2.4335668366569578e-15
1.0049253087720469	8.402394502311049	9.31847070408271e-19
1.0049253087720469	9.871952756402594	1.1216791092372614e-18
1.0049253087720469	11.598533155975957	2.7185407845854606e-19
1.0049253087720469	13.627088245841218	1.4241136367390415e-19
1.0049253087720469	16.01043266098405	5.960365514923666e-20
1.0049253087720469	18.81061818691415	4.667153483331227e-19
1.0049253087720469	22.100549314706473	3.222154656117671e-19
1.0049253087720469	25.965881352669136	3.183276441797273e-21
1.0049253087720469	30.507250513100896	2.8395309474222916e-20
1.0049253087720469	35.84289403576994	0.
1.0049253087720469	42.111728564582755	1.7749660296153866e-20
1.0049253087720469	49.476966924805424	6.801839084301364e-21
1.0049253087720469	58.13036746577788	0.
1.0049253087720469	68.29722660327882	8.430492299256107e-21
1.0049253087720469	80.24224454534324	4.2357586233450494e-20
1.0049253087720469	94.27641691918359	5.9723984119011146e-21
1.0049253087720469	110.76513172680856	1.443141260261291e-20
1.0049253087720469	130.13768243838226	3.517709727471002e-20
1.0049253087720469	152.89844490235234	2.731467146468373e-20
1.0049253087720469	179.64000906983009	1.7306102719826816e-20
1.0049253087720469	211.0586074254582	1.9198512833426927e-20
1.0049253087720469	247.97224181311304	2.408652741560539e-20
1.0049253087720469	291.34198059910017	3.1267248968180463e-20
1.0049253087720469	342.29698065712284	3.471770839959215e-20
1.0049253087720469	356.0879083973854	3.273733776829112e-20
1.0049253087720469	367.69947062773485	2.993862061226738e-20
1.0049253087720469	379.3110328580844	2.7685103646732293e-20
1.0049253087720469	387.0520743449841	2.6279974578715474e-20