0.00001	6.689567066193221	0.
0.00001	7.859555989674418	2.4317836008293697e-19
0.00001	9.234173115178807	0.
0.00001	10.849207414911918	8.024051587789255e-11
0.00001	12.746707264811828	1.785304891271311e-8
0.00001	14.976075198957359	8.629707409930736e-9
0.00001	17.595354133845532	0.00010704029039847642
0.00001	20.67273855015025	0.00013758464096621874
0.00001	24.288349976475686	0.000027358134667460673
0.00001	28.53632300087687	0.00018599308569646982
0.00001	33.52725612069488	0.00001740614183670443
0.00001	39.3910912400358	0.000015669379324265976
0.00001	46.28049678431798	0.00017457098895533378
0.00001	54.37484251328197	0.0000806922660388989
0.00001	63.88486951907698	0.00006993843741819565
0.00001	75.0581769955944	0.000040260493503327685
0.00001	88.1856686303423	0.00011672123718969079
0.00001	103.60912645449676	0.00036045982594583607
0.00001	121.73010934080885	0.0002721108455472538
0.00001	143.0204078270377	0.0001914628336508423
0.00001	168.03432746244107	0.00016906182750687894
0.00001	197.4231204815304	0.00015690681762865036
0.00001	231.95194154228187	0.00007636037952776316
0.00001	272.51976898150383	5.582597996937221e-6
0.00001	322.19198703269194	9.117727665741782e-9
0.00001	332.69824747941016	5.666660972484874e-10
0.00001	343.2045079261284	5.202893367496442e-11
0.00001	350.20868155727385	9.148851375813938e-12
0.00003	6.689567066193221	0.
0.00003	7.859555989674418	7.295350802488109e-19
0.00003	9.234173115178807	0.
0.00003	10.849207414911918	2.407215476336777e-10
0.00003	12.746707264811828	5.3559146738139335e-8
0.00003	14.976075198957359	2.588912222979221e-8
0.00003	17.595354133845532	0.00032112087119542926
0.00003	20.67273855015025	0.0004127539228986563
0.00003	24.288349976475686	0.00008207440400238202
0.00003	28.53632300087687	0.0005579792570894094
0.00003	33.52725612069488	0.00005221842551011328
0.00003	39.3910912400358	0.000047008137972797935
0.00003	46.28049678431798	0.0005237129668660014
0.00003	54.37484251328197	0.00024207679811669673
0.00003	63.88486951907698	0.00020981531225458696
0.00003	75.0581769955944	0.00012078148050998306
0.00003	88.1856686303423	0.0003501637115690724
0.00003	103.60912645449676	0.0010813794778375084
0.00003	121.73010934080885	0.0008163325366417613
0.00003	143.0204078270377	0.000574388500952527
0.00003	168.03432746244107	0.0005071854825206368
0.00003	197.4231204815304	0.0004707204528859511
0.00003	231.95194154228187	0.00022908113858328947
0.00003	272.51976898150383	0.000016747793990811664
0.00003	322.19198703269194	2.7353182997225347e-8
0.00003	332.69824747941016	1.699998291745462e-9
0.00003	343.2045079261284	1.5608680102489326e-10
0.00003	350.20868155727385	2.7446554127441815e-11
0.00006	6.689567066193221	0.
0.00006	7.859555989674418	1.4590701604976217e-18
0.00006	9.234173115178807	0.
0.00006	10.849207414911918	4.814430952673554e-10
0.00006	12.746707264811828	1.0711829347627867e-7
0.00006	14.976075198957359	5.177824445958442e-8
0.00006	17.595354133845532	0.0006422417423908585
0.00006	20.67273855015025	0.0008255078457973126
0.00006	24.288349976475686	0.00016414880800476404
0.00006	28.53632300087687	0.0011159585141788189
0.00006	33.52725612069488	0.00010443685102022657
0.00006	39.3910912400358	0.00009401627594559587
0.00006	46.28049678431798	0.0010474259337320028
0.00006	54.37484251328197	0.00048415359623339347
0.00006	63.88486951907698	0.0004196306245091739
0.00006	75.0581769955944	0.00024156296101996612
0.00006	88.1856686303423	0.0007003274231381448
0.00006	103.60912645449676	0.002162758955675017
0.00006	121.73010934080885	0.0016326650732835226
0.00006	143.0204078270377	0.001148777001905054
0.00006	168.03432746244107	0.0010143709650412736
0.00006	197.4231204815304	0.0009414409057719022
0.00006	231.95194154228187	0.00045816227716657894
0.00006	272.51976898150383	0.00003349558798162333
0.00006	322.19198703269194	5.4706365994450695e-8
0.00006	332.69824747941016	3.399996583490924e-9
0.00006	343.2045079261284	3.121736020497865e-10
0.00006	350.20868155727385	5.489310825488363e-11
0.0001	6.689567066193221	0.
0.0001	7.859555989674418	2.4317836008293698e-18
0.0001	9.234173115178807	0.
0.0001	10.849207414911918	8.024051587789256e-10
0.0001	12.746707264811828	1.785304891271311e-7
0.0001	14.976075198957359	8.629707409930736e-8
0.0001	17.595354133845532	0.0010704029039847642
0.0001	20.67273855015025	0.0013758464096621876
0.0001	24.288349976475686	0.00027358134667460673
0.0001	28.53632300087687	0.001859930856964698
0.0001	33.52725612069488	0.00017406141836704428
0.0001	39.3910912400358	0.00015669379324265978
0.0001	46.28049678431798	0.001745709889553338
0.0001	54.37484251328197	0.000806922660388989
0.0001	63.88486951907698	0.0006993843741819565
0.0001	75.0581769955944	0.00040260493503327686
0.0001	88.1856686303423	0.001167212371896908
0.0001	103.60912645449676	0.003604598259458361
0.0001	121.73010934080885	0.002721108455472538
0.0001	143.0204078270377	0.0019146283365084232
0.0001	168.03432746244107	0.0016906182750687894
0.0001	197.4231204815304	0.0015690681762865037
0.0001	231.95194154228187	0.0007636037952776316
0.0001	272.51976898150383	0.00005582597996937221
0.0001	322.19198703269194	9.117727665741782e-8
0.0001	332.69824747941016	5.666660972484874e-9
0.0001	343.2045079261284	5.202893367496442e-10
0.0001	350.20868155727385	9.148851375813939e-11
0.0003	6.689567066193221	0.
0.0003	7.859555989674418	7.295350802488108e-18
0.0003	9.234173115178807	0.
0.0003	10.849207414911918	2.4072154763367765e-9
0.0003	12.746707264811828	5.355914673813933e-7
0.0003	14.976075198957359	2.588912222979221e-7
0.0003	17.595354133845532	0.003211208711954292
0.0003	20.67273855015025	0.004127539228986563
0.0003	24.288349976475686	0.0008207440400238202
0.0003	28.53632300087687	0.005579792570894094
0.0003	33.52725612069488	0.0005221842551011328
0.0003	39.3910912400358	0.0004700813797279793
0.0003	46.28049678431798	0.005237129668660013
0.0003	54.37484251328197	0.002420767981166967
0.0003	63.88486951907698	0.0020981531225458695
0.0003	75.0581769955944	0.0012078148050998305
0.0003	88.1856686303423	0.003501637115690723
0.0003	103.60912645449676	0.010813794778375083
0.0003	121.73010934080885	0.008163325366417612
0.0003	143.0204078270377	0.005743885009525269
0.0003	168.03432746244107	0.005071854825206367
0.0003	197.4231204815304	0.00470720452885951
0.0003	231.95194154228187	0.0022908113858328945
0.0003	272.51976898150383	0.00016747793990811664
0.0003	322.19198703269194	2.7353182997225343e-7
0.0003	332.69824747941016	1.699998291745462e-8
0.0003	343.2045079261284	1.5608680102489326e-9
0.0003	350.20868155727385	2.744655412744181e-10
0.0006	6.689567066193221	0.
0.0006	7.859555989674418	0.
0.0006	9.234173115178807	0.
0.0006	10.849207414911918	0.000014308502642694681
0.0006	12.746707264811828	0.0031835579069269867
0.0006	14.976075198957359	0.00004777348632042866
0.0006	17.595354133845532	0.0005132263679594221
0.0006	20.67273855015025	0.001319370857869985
0.0006	24.288349976475686	0.006888027171277077
0.0006	28.53632300087687	0.0011574301541819618
0.0006	33.52725612069488	0.005354758953910272
0.0006	39.3910912400358	0.004231729043708158
0.0006	46.28049678431798	0.001978304847132353
0.0006	54.37484251328197	0.01245314007195728
0.0006	63.88486951907698	0.0079488444499658
0.0006	75.0581769955944	0.010587907077593313
0.0006	88.1856686303423	0.012024329806893486
0.0006	103.60912645449676	0.012816369683560182
0.0006	121.73010934080885	0.019196821039105364
0.0006	143.0204078270377	0.015105737806575554
0.0006	168.03432746244107	0.014178885759454661
0.0006	197.4231204815304	0.006879747554102711
0.0006	231.95194154228187	0.003492518132693282
0.0006	272.51976898150383	0.0002440767977796012
0.0006	322.19198703269194	2.4764114009700837e-7
0.0006	332.69824747941016	1.5340831748549827e-8
0.0006	343.2045079261284	1.403588784235897e-9
0.0006	350.20868155727385	2.4222835578377975e-10
0.001	6.689567066193221	0.
0.001	7.859555989674418	0.
0.001	9.234173115178807	1.4280734337656866e-9
0.001	10.849207414911918	0.0000763887664518077
0.001	12.746707264811828	0.0002259636796684569
0.001	14.976075198957359	0.000049297970296076876
0.001	17.595354133845532	0.0016527074208304313
0.001	20.67273855015025	0.00017139039500166747
0.001	24.288349976475686	0.000025369348505003533
0.001	28.53632300087687	0.005224092623833531
0.001	33.52725612069488	0.004273475264494478
0.001	39.3910912400358	0.0036560019754464305
0.001	46.28049678431798	0.014328932086785613
0.001	54.37484251328197	0.01003039031097024
0.001	63.88486951907698	0.014404003049518678
0.001	75.0581769955944	0.014523516321448814
0.001	88.1856686303423	0.022982448528752985
0.001	103.60912645449676	0.018855990508955034
0.001	121.73010934080885	0.02222789849433733
0.001	143.0204078270377	0.028788973221464714
0.001	168.03432746244107	0.02129604599527222
0.001	197.4231204815304	0.010996211604715167
0.001	231.95194154228187	0.003888777456787252
0.001	272.51976898150383	0.001522728273940576
0.001	322.19198703269194	0.00009737430701272479
0.001	332.69824747941016	0.000024200284603466108
0.001	343.2045079261284	6.204766653228191e-6
0.001	350.20868155727385	3.5428450384378765e-6
0.002	6.689567066193221	0.
0.002	7.859555989674418	0.
0.002	9.234173115178807	3.1325352010150635e-7
0.002	10.849207414911918	0.0006851181178251397
0.002	12.746707264811828	0.0036136990689616885
0.002	14.976075198957359	0.006361927545525949
0.002	17.595354133845532	0.00961951124509063
0.002	20.67273855015025	0.012188836823360328
0.002	24.288349976475686	0.0063276329032841815
0.002	28.53632300087687	0.008517358066298346
0.002	33.52725612069488	0.011218048830266345
0.002	39.3910912400358	0.01583694389467573
0.002	46.28049678431798	0.021181281490777058
0.002	54.37484251328197	0.020331433479942
0.002	63.88486951907698	0.022601165728463338
0.002	75.0581769955944	0.034112819814343456
0.002	88.1856686303423	0.033138727600977386
0.002	103.60912645449676	0.04780477800563389
0.002	121.73010934080885	0.04391963486007118
0.002	143.0204078270377	0.04693768155004131
0.002	168.03432746244107	0.04195776813889115
0.002	197.4231204815304	0.0231853691443827
0.002	231.95194154228187	0.010947604268607105
0.002	272.51976898150383	0.002559069932583541
0.002	322.19198703269194	0.00006333954852698093
0.002	332.69824747941016	0.00002376219275827421
0.002	343.2045079261284	0.000017495430872441158
0.002	350.20868155727385	0.000016635967724423818
0.004	6.689567066193221	0.
0.004	7.859555989674418	3.2380654721492727e-6
0.004	9.234173115178807	0.0009758325340421961
0.004	10.849207414911918	0.0003467665289222785
0.004	12.746707264811828	0.003868744141865874
0.004	14.976075198957359	0.01368963012764002
0.004	17.595354133845532	0.013116011486744262
0.004	20.67273855015025	0.015407222666160484
0.004	24.288349976475686	0.016620303626446106
0.004	28.53632300087687	0.02000573128653088
0.004	33.52725612069488	0.028084241061190587
0.004	39.3910912400358	0.04150382558919421
0.004	46.28049678431798	0.041400919345941416
0.004	54.37484251328197	0.03810389651730564
0.004	63.88486951907698	0.05318325704664
0.004	75.0581769955944	0.06069194043299804
0.004	88.1856686303423	0.0745128425585556
0.004	103.60912645449676	0.07922785580592903
0.004	121.73010934080885	0.08747392813369713
0.004	143.0204078270377	0.09130917845455314
0.004	168.03432746244107	0.07509396322520266
0.004	197.4231204815304	0.04359584714560477
0.004	231.95194154228187	0.017390742950802934
0.004	272.51976898150383	0.003828293778886488
0.004	322.19198703269194	0.0003338228379364827
0.004	332.69824747941016	0.00015166724794879428
0.004	343.2045079261284	0.00008242493120831224
0.004	350.20868155727385	0.00006721694410916005
0.006	6.689567066193221	0.
0.006	7.859555989674418	0.000010993128630315512
0.006	9.234173115178807	0.0015671017526480986
0.006	10.849207414911918	0.006249236927237924
0.006	12.746707264811828	0.008605438210494004
0.006	14.976075198957359	0.009184811276795888
0.006	17.595354133845532	0.016311272589239676
0.006	20.67273855015025	0.03277181067085845
0.006	24.288349976475686	0.03159844049391446
0.006	28.53632300087687	0.036484277876630465
0.006	33.52725612069488	0.04514007827543521
0.006	39.3910912400358	0.05118705083964368
0.006	46.28049678431798	0.06109225953012771
0.006	54.37484251328197	0.07247744606459694
0.006	63.88486951907698	0.07490337803762559
0.006	75.0581769955944	0.090284373992882
0.006	88.1856686303423	0.10522090905440522
0.006	103.60912645449676	0.1266377503870813
0.006	121.73010934080885	0.12817560796079921
0.006	143.0204078270377	0.12842893167667907
0.006	168.03432746244107	0.10323345461158018
0.006	197.4231204815304	0.06030654206422845
0.006	231.95194154228187	0.023537030101552243
0.006	272.51976898150383	0.004477466922872132
0.006	322.19198703269194	0.0003588393523502179
0.006	332.69824747941016	0.00024666696657348394
0.006	343.2045079261284	0.00018421533295017803
0.006	350.20868155727385	0.0001675146471203375
0.008	6.689567066193221	0.
0.008	7.859555989674418	8.551449325671539e-7
0.008	9.234173115178807	0.0006198256997394151
0.008	10.849207414911918	0.006460994064499529
0.008	12.746707264811828	0.012334539034967881
0.008	14.976075198957359	0.01868506859942073
0.008	17.595354133845532	0.02228095960340691
0.008	20.67273855015025	0.02752277422203471
0.008	24.288349976475686	0.04500509605093589
0.008	28.53632300087687	0.05264897371684473
0.008	33.52725612069488	0.05993491314124856
0.008	39.3910912400358	0.06723403771636628
0.008	46.28049678431798	0.07672877253388874
0.008	54.37484251328197	0.0931115026971965
0.008	63.88486951907698	0.10879058077361657
0.008	75.0581769955944	0.11810735606934596
0.008	88.1856686303423	0.14147252159752943
0.008	103.60912645449676	0.15279511904769938
0.008	121.73010934080885	0.1591364852323968
0.008	143.0204078270377	0.14711803715347943
0.008	168.03432746244107	0.11185470459323756
0.008	197.4231204815304	0.05939186726447548
0.008	231.95194154228187	0.018590507577225652
0.008	272.51976898150383	0.0033740600548323894
0.008	322.19198703269194	0.00019978784933487705
0.008	332.69824747941016	0.00009117636550492626
0.008	343.2045079261284	0.000046264257286798166
0.008	350.20868155727385	0.00003663527942645847
0.01	6.689567066193221	2.7772265668091783e-11
0.01	7.859555989674418	0.00004284002191088242
0.01	9.234173115178807	0.0037887337452013497
0.01	10.849207414911918	0.006215809161440293
0.01	12.746707264811828	0.011914291151819113
0.01	14.976075198957359	0.022323840424732677
0.01	17.595354133845532	0.03224936461526976
0.01	20.67273855015025	0.0377915738723329
0.01	24.288349976475686	0.0460048416067023
0.01	28.53632300087687	0.06258221129148592
0.01	33.52725612069488	0.06791444642031585
0.01	39.3910912400358	0.08343432935282578
0.01	46.28049678431798	0.09918065602171494
0.01	54.37484251328197	0.11147052687929748
0.01	63.88486951907698	0.13134432163436718
0.01	75.0581769955944	0.14871211650939123
0.01	88.1856686303423	0.15906229599154725
0.01	103.60912645449676	0.16833846408840447
0.01	121.73010934080885	0.17456122797196708
0.01	143.0204078270377	0.15482188873343314
0.01	168.03432746244107	0.10648089432925087
0.01	197.4231204815304	0.051540873851643014
0.01	231.95194154228187	0.014489132825170049
0.01	272.51976898150383	0.0026521359527883932
0.01	322.19198703269194	0.00016763494471837108
0.01	332.69824747941016	0.00009774261272066926
0.01	343.2045079261284	0.00007590620395071331
0.01	350.20868155727385	0.00007334035174206686
0.011748975549395297	6.689567066193221	6.692556339632608e-8
0.011748975549395297	7.859555989674418	0.00007389483616777992
0.011748975549395297	9.234173115178807	0.0035272503134683108
0.011748975549395297	10.849207414911918	0.008245201426506879
0.011748975549395297	12.746707264811828	0.01348702100515202
0.011748975549395297	14.976075198957359	0.029196417322670254
0.011748975549395297	17.595354133845532	0.03500175421227026
0.011748975549395297	20.67273855015025	0.050963894691698514
0.011748975549395297	24.288349976475686	0.0634541718394221
0.011748975549395297	28.53632300087687	0.07073221758516429
0.011748975549395297	33.52725612069488	0.08576157458242148
0.011748975549395297	39.3910912400358	0.09885670129325962
0.011748975549395297	46.28049678431798	0.11492332898039315
0.011748975549395297	54.37484251328197	0.12927390241968945
0.011748975549395297	63.88486951907698	0.1454159763499578
0.011748975549395297	75.0581769955944	0.16896247709090756
0.011748975549395297	88.1856686303423	0.1767530524294148
0.011748975549395297	103.60912645449676	0.19228795081907737
0.011748975549395297	121.73010934080885	0.17826668402574444
0.011748975549395297	143.0204078270377	0.1519575014122558
0.011748975549395297	168.03432746244107	0.09474013927684391
0.011748975549395297	197.4231204815304	0.04177471257017899
0.011748975549395297	231.95194154228187	0.009902105951358296
0.011748975549395297	272.51976898150383	0.0013935744396052258
0.011748975549395297	322.19198703269194	0.00006201631198765187
0.011748975549395297	332.69824747941016	0.000020447584025957372
0.011748975549395297	343.2045079261284	7.324564170084836e-6
0.011748975549395297	350.20868155727385	5.075690560214439e-6
0.013803842646028852	6.689567066193221	1.2066029969473599e-6
0.013803842646028852	7.859555989674418	0.0008779903451289342
0.013803842646028852	9.234173115178807	0.0030549503672350595
0.013803842646028852	10.849207414911918	0.009767480300930043
0.013803842646028852	12.746707264811828	0.018274430357245783
0.013803842646028852	14.976075198957359	0.036010219747674016
0.013803842646028852	17.595354133845532	0.04944900094218509
0.013803842646028852	20.67273855015025	0.06263278489368501
0.013803842646028852	24.288349976475686	0.06944106527982186
0.013803842646028852	28.53632300087687	0.07477239495043664
0.013803842646028852	33.52725612069488	0.09469209029436013
0.013803842646028852	39.3910912400358	0.10891523578442494
0.013803842646028852	46.28049678431798	0.12881882174727122
0.013803842646028852	54.37484251328197	0.15363238045195932
0.013803842646028852	63.88486951907698	0.17154655295366017
0.013803842646028852	75.0581769955944	0.18483890261445424
0.013803842646028852	88.1856686303423	0.18995787394441735
0.013803842646028852	103.60912645449676	0.19005445941093288
0.013803842646028852	121.73010934080885	0.16655634281151951
0.013803842646028852	143.0204078270377	0.1280817372712672
0.013803842646028852	168.03432746244107	0.07126735199939986
0.013803842646028852	197.4231204815304	0.025800072588897095
0.013803842646028852	231.95194154228187	0.004663536385606846
0.013803842646028852	272.51976898150383	0.0004970440609880468
0.013803842646028852	322.19198703269194	0.000016022528955569128
0.013803842646028852	332.69824747941016	5.201698074758297e-6
0.013803842646028852	343.2045079261284	1.71792534124414e-6
0.013803842646028852	350.20868155727385	1.1314262653924888e-6
0.0162181009735893	6.689567066193221	8.524375881699316e-8
0.0162181009735893	7.859555989674418	0.00010094491873592485
0.0162181009735893	9.234173115178807	0.002886190480375141
0.0162181009735893	10.849207414911918	0.010231270959215477
0.0162181009735893	12.746707264811828	0.020570680349572136
0.0162181009735893	14.976075198957359	0.04049636450405571
0.0162181009735893	17.595354133845532	0.05309495443806113
0.0162181009735893	20.67273855015025	0.07102886891887476
0.0162181009735893	24.288349976475686	0.07458936413950291
0.0162181009735893	28.53632300087687	0.09746137971337673
0.0162181009735893	33.52725612069488	0.11131349952263955
0.0162181009735893	39.3910912400358	0.13336497529483946
0.0162181009735893	46.28049678431798	0.16012067890881165
0.0162181009735893	54.37484251328197	0.1748126489690431
0.0162181009735893	63.88486951907698	0.18409063705667086
0.0162181009735893	75.0581769955944	0.1946260339720535
0.0162181009735893	88.1856686303423	0.1888473044577672
0.0162181009735893	103.60912645449676	0.177300514687661
0.0162181009735893	121.73010934080885	0.14529128618408796
0.0162181009735893	143.0204078270377	0.09636202158141124
0.0162181009735893	168.03432746244107	0.04447645887964322
0.0162181009735893	197.4231204815304	0.013304561624026164
0.0162181009735893	231.95194154228187	0.002112199766341245
0.0162181009735893	272.51976898150383	0.00012823396974428274
0.0162181009735893	322.19198703269194	2.740452750817732e-7
0.0162181009735893	332.69824747941016	5.4506691164294445e-8
0.0162181009735893	343.2045079261284	1.54751546108883e-8
0.0162181009735893	350.20868155727385	9.549373668801456e-9
0.019054607179632473	6.689567066193221	1.8421096416829127e-7
0.019054607179632473	7.859555989674418	0.00021202099157550692
0.019054607179632473	9.234173115178807	0.002685175698870686
0.019054607179632473	10.849207414911918	0.014385327693762504
0.019054607179632473	12.746707264811828	0.033267732800776134
0.019054607179632473	14.976075198957359	0.05495976324971866
0.019054607179632473	17.595354133845532	0.06034591906120692
0.019054607179632473	20.67273855015025	0.08125180403070596
0.019054607179632473	24.288349976475686	0.09662586415698556
0.019054607179632473	28.53632300087687	0.1144982771971041
0.019054607179632473	33.52725612069488	0.13009084855304748
0.019054607179632473	39.3910912400358	0.14817016829605725
0.019054607179632473	46.28049678431798	0.17206877662592526
0.019054607179632473	54.37484251328197	0.19681160952078383
0.019054607179632473	63.88486951907698	0.19556913762253092
0.019054607179632473	75.0581769955944	0.19633367490564801
0.019054607179632473	88.1856686303423	0.17814848715935522
0.019054607179632473	103.60912645449676	0.1548804731845049
0.019054607179632473	121.73010934080885	0.1091482259537411
0.019054607179632473	143.0204078270377	0.0600915866992974
0.019054607179632473	168.03432746244107	0.023253855107272757
0.019054607179632473	197.4231204815304	0.005571103232755206
0.019054607179632473	231.95194154228187	0.0005891473522336093
0.019054607179632473	272.51976898150383	0.00001774655512292598
0.019054607179632473	322.19198703269194	1.0530630256853758e-9
0.019054607179632473	332.69824747941016	2.971374560317766e-11
0.019054607179632473	343.2045079261284	3.3142483167021258e-12
0.019054607179632473	350.20868155727385	5.109161330659777e-13
0.0223872113856834	6.689567066193221	0.00004303422772072307
0.0223872113856834	7.859555989674418	0.000554150947793768
0.0223872113856834	9.234173115178807	0.004286351350230411
0.0223872113856834	10.849207414911918	0.015770507850370017
0.0223872113856834	12.746707264811828	0.033869260731903376
0.0223872113856834	14.976075198957359	0.058588358257842706
0.0223872113856834	17.595354133845532	0.07569650757132845
0.0223872113856834	20.67273855015025	0.08967194722475018
0.0223872113856834	24.288349976475686	0.10982452277743192
0.0223872113856834	28.53632300087687	0.12710012367730666
0.0223872113856834	33.52725612069488	0.14804266795216073
0.0223872113856834	39.3910912400358	0.1646520437381722
0.0223872113856834	46.28049678431798	0.19100941370699584
0.0223872113856834	54.37484251328197	0.19987171993507852
0.0223872113856834	63.88486951907698	0.19838134474181826
0.0223872113856834	75.0581769955944	0.18486455561138718
0.0223872113856834	88.1856686303423	0.15315328203609116
0.0223872113856834	103.60912645449676	0.11524581043224816
0.0223872113856834	121.73010934080885	0.06585165856216718
0.0223872113856834	143.0204078270377	0.029388589243878164
0.0223872113856834	168.03432746244107	0.008556365177123992
0.0223872113856834	197.4231204815304	0.00153103038201632
0.0223872113856834	231.95194154228187	0.00014080200162817252
0.0223872113856834	272.51976898150383	1.1605191601519232e-6
0.0223872113856834	322.19198703269194	1.2057376966077546e-11
0.0223872113856834	332.69824747941016	0.
0.0223872113856834	343.2045079261284	0.
0.0223872113856834	350.20868155727385	0.
0.026302679918953815	6.689567066193221	0.00005739613617123968
0.026302679918953815	7.859555989674418	0.0015876178503139002
0.026302679918953815	9.234173115178807	0.006171308065805617
0.026302679918953815	10.849207414911918	0.01274380633336349
0.026302679918953815	12.746707264811828	0.0429998009429193
0.026302679918953815	14.976075198957359	0.06337689257259908
0.026302679918953815	17.595354133845532	0.09080173416473414
0.026302679918953815	20.67273855015025	0.11234543579226684
0.026302679918953815	24.288349976475686	0.12236384217087976
0.026302679918953815	28.53632300087687	0.14432891848857599
0.026302679918953815	33.52725612069488	0.16944530398154184
0.026302679918953815	39.3910912400358	0.18046143124763284
0.026302679918953815	46.28049678431798	0.20003619066950112
0.026302679918953815	54.37484251328197	0.20040547255919391
0.026302679918953815	63.88486951907698	0.19141729248748815
0.026302679918953815	75.0581769955944	0.15544551774505402
0.026302679918953815	88.1856686303423	0.11777517352476163
0.026302679918953815	103.60912645449676	0.07068268636230891
0.026302679918953815	121.73010934080885	0.03096381119574274
0.026302679918953815	143.0204078270377	0.010978792928791687
0.026302679918953815	168.03432746244107	0.0019587786301974277
0.026302679918953815	197.4231204815304	0.000340865077142801
0.026302679918953815	231.95194154228187	0.000015438346902724842
0.026302679918953815	272.51976898150383	5.459029325863227e-9
0.026302679918953815	322.19198703269194	3.2240300661651614e-15
0.026302679918953815	332.69824747941016	0.
0.026302679918953815	343.2045079261284	0.
0.026302679918953815	350.20868155727385	0.
0.030902954325135904	6.689567066193221	5.534369629182474e-6
0.030902954325135904	7.859555989674418	0.0016744025837372174
0.030902954325135904	9.234173115178807	0.007953064955714566
0.030902954325135904	10.849207414911918	0.01983400569035087
0.030902954325135904	12.746707264811828	0.05037257295713058
0.030902954325135904	14.976075198957359	0.07257527129204495
0.030902954325135904	17.595354133845532	0.0988502911689458
0.030902954325135904	20.67273855015025	0.12236081114731401
0.030902954325135904	24.288349976475686	0.14081469951688425
0.030902954325135904	28.53632300087687	0.1617917455163583
0.030902954325135904	33.52725612069488	0.1819715004666806
0.030902954325135904	39.3910912400358	0.20120409714130202
0.030902954325135904	46.28049678431798	0.20104213690922576
0.030902954325135904	54.37484251328197	0.18826228898852435
0.030902954325135904	63.88486951907698	0.1566970739691161
0.030902954325135904	75.0581769955944	0.11445776683366633
0.030902954325135904	88.1856686303423	0.07298458210416248
0.030902954325135904	103.60912645449676	0.03529037680669052
0.030902954325135904	121.73010934080885	0.012597874773181923
0.030902954325135904	143.0204078270377	0.003068443688087371
0.030902954325135904	168.03432746244107	0.00039375484414468754
0.030902954325135904	197.4231204815304	0.00003439193532601183
0.030902954325135904	231.95194154228187	5.930467781840051e-6
0.030902954325135904	272.51976898150383	5.501851229674074e-10
0.030902954325135904	322.19198703269194	0.
0.030902954325135904	332.69824747941016	0.
0.030902954325135904	343.2045079261284	0.
0.030902954325135904	350.20868155727385	0.
0.03630780547701014	6.689567066193221	0.000059778870915649164
0.03630780547701014	7.859555989674418	0.0014424521248885163
0.03630780547701014	9.234173115178807	0.008088872588052316
0.03630780547701014	10.849207414911918	0.025168069566620124
0.03630780547701014	12.746707264811828	0.0560190248749676
0.03630780547701014	14.976075198957359	0.08517514318638474
0.03630780547701014	17.595354133845532	0.11985887444971235
0.03630780547701014	20.67273855015025	0.13414645426845204
0.03630780547701014	24.288349976475686	0.1518774455128574
0.03630780547701014	28.53632300087687	0.18144816651110926
0.03630780547701014	33.52725612069488	0.20057210035974643
0.03630780547701014	39.3910912400358	0.19809733138908156
0.03630780547701014	46.28049678431798	0.1866087246776384
0.03630780547701014	54.37484251328197	0.16067850051664992
0.03630780547701014	63.88486951907698	0.11766261524063201
0.03630780547701014	75.0581769955944	0.07217012712381127
0.03630780547701014	88.1856686303423	0.035989702725102594
0.03630780547701014	103.60912645449676	0.013798455002155938
0.03630780547701014	121.73010934080885	0.003380661559238225
0.03630780547701014	143.0204078270377	0.0006969898328227367
0.03630780547701014	168.03432746244107	0.00008387298559729169
0.03630780547701014	197.4231204815304	2.5520130873496595e-6
0.03630780547701014	231.95194154228187	2.907759231511382e-7
0.03630780547701014	272.51976898150383	2.6930048171896904e-11
0.03630780547701014	322.19198703269194	0.
0.03630780547701014	332.69824747941016	0.
0.03630780547701014	343.2045079261284	0.
0.03630780547701014	350.20868155727385	0.
0.04265795188015928	6.689567066193221	0.00019095152360723648
0.04265795188015928	7.859555989674418	0.0017643878602202371
0.04265795188015928	9.234173115178807	0.007763603421411665
0.04265795188015928	10.849207414911918	0.029667782273922114
0.04265795188015928	12.746707264811828	0.06319431108417586
0.04265795188015928	14.976075198957359	0.1043173865207939
0.04265795188015928	17.595354133845532	0.13745960574583788
0.04265795188015928	20.67273855015025	0.15380522497291377
0.04265795188015928	24.288349976475686	0.17850081335588072
0.04265795188015928	28.53632300087687	0.19490535568518416
0.04265795188015928	33.52725612069488	0.1993775769517787
0.04265795188015928	39.3910912400358	0.1929444104895326
0.04265795188015928	46.28049678431798	0.1595291335457804
0.04265795188015928	54.37484251328197	0.11767553468391236
0.04265795188015928	63.88486951907698	0.07266113851953704
0.04265795188015928	75.0581769955944	0.03605983556923568
0.04265795188015928	88.1856686303423	0.014245515001878557
0.04265795188015928	103.60912645449676	0.004048886543604835
0.04265795188015928	121.73010934080885	0.0006808228546664187
0.04265795188015928	143.0204078270377	0.0000989960068019407
0.04265795188015928	168.03432746244107	6.9762234438154435e-6
0.04265795188015928	197.4231204815304	2.0025076316773454e-8
0.04265795188015928	231.95194154228187	8.69353762931521e-11
0.04265795188015928	272.51976898150383	8.043680230317131e-15
0.04265795188015928	322.19198703269194	0.
0.04265795188015928	332.69824747941016	0.
0.04265795188015928	343.2045079261284	0.
0.04265795188015928	350.20868155727385	0.
0.05011872336272725	6.689567066193221	0.000014439750237543417
0.05011872336272725	7.859555989674418	0.0013439789844566412
0.05011872336272725	9.234173115178807	0.009364873063338478
0.05011872336272725	10.849207414911918	0.032962048175517636
0.05011872336272725	12.746707264811828	0.07024336915027501
0.05011872336272725	14.976075198957359	0.12140641289648313
0.05011872336272725	17.595354133845532	0.14880772095070385
0.05011872336272725	20.67273855015025	0.17455799757655951
0.05011872336272725	24.288349976475686	0.19249088892798488
0.05011872336272725	28.53632300087687	0.1929852897222377
0.05011872336272725	33.52725612069488	0.18195619472939117
0.05011872336272725	39.3910912400358	0.16034136621673714
0.05011872336272725	46.28049678431798	0.11861061263344087
0.05011872336272725	54.37484251328197	0.07320871453872721
0.05011872336272725	63.88486951907698	0.03751394922244498
0.05011872336272725	75.0581769955944	0.014229231104091156
0.05011872336272725	88.1856686303423	0.004235064191634236
0.05011872336272725	103.60912645449676	0.0008761603013856757
0.05011872336272725	121.73010934080885	0.00013366576178523642
0.05011872336272725	143.0204078270377	0.00002230052904998485
0.05011872336272725	168.03432746244107	3.311324301088748e-7
0.05011872336272725	197.4231204815304	3.398145911628761e-11
0.05011872336272725	231.95194154228187	0.
0.05011872336272725	272.51976898150383	0.
0.05011872336272725	322.19198703269194	0.
0.05011872336272725	332.69824747941016	0.
0.05011872336272725	343.2045079261284	0.
0.05011872336272725	350.20868155727385	0.
0.0588843655355589	6.689567066193221	0.00032321745034418815
0.0588843655355589	7.859555989674418	0.0014851974006494355
0.0588843655355589	9.234173115178807	0.010315471170900252
0.0588843655355589	10.849207414911918	0.03599118946529762
0.0588843655355589	12.746707264811828	0.07637530190348564
0.0588843655355589	14.976075198957359	0.12821983776631682
0.0588843655355589	17.595354133845532	0.16269692424911278
0.0588843655355589	20.67273855015025	0.1823879836956335
0.0588843655355589	24.288349976475686	0.19299369218076376
0.0588843655355589	28.53632300087687	0.18346847654701673
0.0588843655355589	33.52725612069488	0.16017979301354507
0.0588843655355589	39.3910912400358	0.11511816810890106
0.0588843655355589	46.28049678431798	0.07387290558199927
0.0588843655355589	54.37484251328197	0.03726451322319292
0.0588843655355589	63.88486951907698	0.014032349720599203
0.0588843655355589	75.0581769955944	0.004408200829801175
0.0588843655355589	88.1856686303423	0.0007713884137336242
0.0588843655355589	103.60912645449676	0.00013138846190306598
0.0588843655355589	121.73010934080885	0.000028017640189836672
0.0588843655355589	143.0204078270377	3.3263210074955663e-6
0.0588843655355589	168.03432746244107	6.9607197559106805e-9
0.0588843655355589	197.4231204815304	0.
0.0588843655355589	231.95194154228187	0.
0.0588843655355589	272.51976898150383	0.
0.0588843655355589	322.19198703269194	0.
0.0588843655355589	332.69824747941016	0.
0.0588843655355589	343.2045079261284	0.
0.0588843655355589	350.20868155727385	0.
0.06918309709189366	6.689567066193221	0.0001424361241681409
0.06918309709189366	7.859555989674418	0.0027619197526452086
0.06918309709189366	9.234173115178807	0.013149722693104608
0.06918309709189366	10.849207414911918	0.03759059896342235
0.06918309709189366	12.746707264811828	0.08425268386535222
0.06918309709189366	14.976075198957359	0.1323295953364341
0.06918309709189366	17.595354133845532	0.17249806316341415
0.06918309709189366	20.67273855015025	0.18681030788812975
0.06918309709189366	24.288349976475686	0.17749142276881888
0.06918309709189366	28.53632300087687	0.1552533669204512
0.06918309709189366	33.52725612069488	0.11580475274689
0.06918309709189366	39.3910912400358	0.07187338046213518
0.06918309709189366	46.28049678431798	0.036680063936682356
0.06918309709189366	54.37484251328197	0.013942003821036511
0.06918309709189366	63.88486951907698	0.004026334459817784
0.06918309709189366	75.0581769955944	0.0007795455915756514
0.06918309709189366	88.1856686303423	0.00010630764080914656
0.06918309709189366	103.60912645449676	0.00002286079511471951
0.06918309709189366	121.73010934080885	4.410335462715085e-7
0.06918309709189366	143.0204078270377	8.63951455198458e-9
0.06918309709189366	168.03432746244107	5.85674865310768e-13
0.06918309709189366	197.4231204815304	0.
0.06918309709189366	231.95194154228187	0.
0.06918309709189366	272.51976898150383	0.
0.06918309709189366	322.19198703269194	0.
0.06918309709189366	332.69824747941016	0.
0.06918309709189366	343.2045079261284	0.
0.06918309709189366	350.20868155727385	0.
0.08128305161640995	6.689567066193221	0.00024701535444664646
0.08128305161640995	7.859555989674418	0.0021279625816521485
0.08128305161640995	9.234173115178807	0.010212009745059095
0.08128305161640995	10.849207414911918	0.036150669162777996
0.08128305161640995	12.746707264811828	0.0837870527841896
0.08128305161640995	14.976075198957359	0.13662800443937495
0.08128305161640995	17.595354133845532	0.16260345601245083
0.08128305161640995	20.67273855015025	0.16914251002327993
0.08128305161640995	24.288349976475686	0.15168963910856875
0.08128305161640995	28.53632300087687	0.1166580398424223
0.08128305161640995	33.52725612069488	0.07008616633763423
0.08128305161640995	39.3910912400358	0.03448123510933582
0.08128305161640995	46.28049678431798	0.013468696405457461
0.08128305161640995	54.37484251328197	0.0037754325232634734
0.08128305161640995	63.88486951907698	0.0008185440292145265
0.08128305161640995	75.0581769955944	0.00016713393338037868
0.08128305161640995	88.1856686303423	0.00001342924948201044
0.08128305161640995	103.60912645449676	1.7570905928918033e-6
0.08128305161640995	121.73010934080885	2.978448705996635e-10
0.08128305161640995	143.0204078270377	1.4278369860223112e-14
0.08128305161640995	168.03432746244107	0.
0.08128305161640995	197.4231204815304	0.
0.08128305161640995	231.95194154228187	0.
0.08128305161640995	272.51976898150383	0.
0.08128305161640995	322.19198703269194	0.
0.08128305161640995	332.69824747941016	0.
0.08128305161640995	343.2045079261284	0.
0.08128305161640995	350.20868155727385	0.
0.09549925860214359	6.689567066193221	0.00030016374673391563
0.09549925860214359	7.859555989674418	0.0022429813882768107
0.09549925860214359	9.234173115178807	0.009796719556538077
0.09549925860214359	10.849207414911918	0.033239865944772455
0.09549925860214359	12.746707264811828	0.07704748115581685
0.09549925860214359	14.976075198957359	0.11637053864033457
0.09549925860214359	17.595354133845532	0.14210574207963705
0.09549925860214359	20.67273855015025	0.13395696459017112
0.09549925860214359	24.288349976475686	0.10509154125613408
0.09549925860214359	28.53632300087687	0.06691816944061364
0.09549925860214359	33.52725612069488	0.03383923311012481
0.09549925860214359	39.3910912400358	0.012737152684365474
0.09549925860214359	46.28049678431798	0.003599587802799493
0.09549925860214359	54.37484251328197	0.0008144459844109831
0.09549925860214359	63.88486951907698	0.0001255859417452958
0.09549925860214359	75.0581769955944	0.000012841993895523994
0.09549925860214359	88.1856686303423	1.6048074320145695e-7
0.09549925860214359	103.60912645449676	8.556260205706647e-9
0.09549925860214359	121.73010934080885	9.334070156771186e-14
0.09549925860214359	143.0204078270377	1.024379837951793e-18
0.09549925860214359	168.03432746244107	0.
0.09549925860214359	197.4231204815304	0.
0.09549925860214359	231.95194154228187	0.
0.09549925860214359	272.51976898150383	1.7684187902419886e-19
0.09549925860214359	322.19198703269194	0.
0.09549925860214359	332.69824747941016	2.720017241318451e-19
0.09549925860214359	343.2045079261284	1.3968804411507347e-19
0.09549925860214359	350.20868155727385	3.3271280973323324e-19
0.11220184543019636	6.689567066193221	0.00023167166161497296
0.11220184543019636	7.859555989674418	0.0018177962586357335
0.11220184543019636	9.234173115178807	0.008773167102804458
0.11220184543019636	10.849207414911918	0.02891344668689653
0.11220184543019636	12.746707264811828	0.06125284800001741
0.11220184543019636	14.976075198957359	0.09132340360416864
0.11220184543019636	17.595354133845532	0.10512915283767327
0.11220184543019636	20.67273855015025	0.08696296473322845
0.11220184543019636	24.288349976475686	0.05798202852319116
0.11220184543019636	28.53632300087687	0.030216254891357274
0.11220184543019636	33.52725612069488	0.01056536167195692
0.11220184543019636	39.3910912400358	0.002702450989494165
0.11220184543019636	46.28049678431798	0.0004929370210733447
0.11220184543019636	54.37484251328197	0.00007829011380957945
0.11220184543019636	63.88486951907698	0.00001783183596808001
0.11220184543019636	75.0581769955944	1.8788972867002325e-7
0.11220184543019636	88.1856686303423	5.1928961336745554e-11
0.11220184543019636	103.60912645449676	0.
0.11220184543019636	121.73010934080885	0.
0.11220184543019636	143.0204078270377	0.
0.11220184543019636	168.03432746244107	0.
0.11220184543019636	197.4231204815304	0.
0.11220184543019636	231.95194154228187	6.291254119394102e-21
0.11220184543019636	272.51976898150383	3.1024949524512833e-19
0.11220184543019636	322.19198703269194	0.
0.11220184543019636	332.69824747941016	3.902901450181164e-19
0.11220184543019636	343.2045079261284	2.408539131007884e-19
0.11220184543019636	350.20868155727385	4.087296597850948e-19
0.13182567385564073	6.689567066193221	0.0002160040809011936
0.13182567385564073	7.859555989674418	0.0010968707270328523
0.13182567385564073	9.234173115178807	0.007233223172158805
0.13182567385564073	10.849207414911918	0.022585426996976136
0.13182567385564073	12.746707264811828	0.04282668825742572
0.13182567385564073	14.976075198957359	0.06102248452573886
0.13182567385564073	17.595354133845532	0.060707258285960734
0.13182567385564073	20.67273855015025	0.041764991156607756
0.13182567385564073	24.288349976475686	0.022263906239016033
0.13182567385564073	28.53632300087687	0.00864428245370819
0.13182567385564073	33.52725612069488	0.002272686170382741
0.13182567385564073	39.3910912400358	0.00038254708073485506
0.13182567385564073	46.28049678431798	0.000033944792381189674
0.13182567385564073	54.37484251328197	1.45685847397554e-6
0.13182567385564073	63.88486951907698	3.76089422512386e-8
0.13182567385564073	75.0581769955944	3.0495204817022825e-10
0.13182567385564073	88.1856686303423	2.898785143278504e-19
0.13182567385564073	103.60912645449676	0.
0.13182567385564073	121.73010934080885	2.3465729044295e-19
0.13182567385564073	143.0204078270377	0.
0.13182567385564073	168.03432746244107	0.
0.13182567385564073	197.4231204815304	0.
0.13182567385564073	231.95194154228187	3.4345718428904426e-21
0.13182567385564073	272.51976898150383	2.634961887775725e-19
0.13182567385564073	322.19198703269194	2.459023844693991e-20
0.13182567385564073	332.69824747941016	3.977815064930754e-19
0.13182567385564073	343.2045079261284	1.8738626470411099e-19
0.13182567385564073	350.20868155727385	3.317702985329438e-19
0.1548816618912482	6.689567066193221	0.00018638701494074362
0.1548816618912482	7.859555989674418	0.0007944272105855914
0.1548816618912482	9.234173115178807	0.004619200828977746
0.1548816618912482	10.849207414911918	0.013180952909520056
0.1548816618912482	12.746707264811828	0.02242087704831377
0.1548816618912482	14.976075198957359	0.02708720475275937
0.1548816618912482	17.595354133845532	0.022750201304454036
0.1548816618912482	20.67273855015025	0.012663226525742245
0.1548816618912482	24.288349976475686	0.004805767126690951
0.1548816618912482	28.53632300087687	0.0013239190040919583
0.1548816618912482	33.52725612069488	0.00022944593930964422
0.1548816618912482	39.3910912400358	0.000012340052949840683
0.1548816618912482	46.28049678431798	3.5345960226728387e-7
0.1548816618912482	54.37484251328197	3.2684087666629896e-9
0.1548816618912482	63.88486951907698	1.4141454956770227e-14
0.1548816618912482	75.0581769955944	0.
0.1548816618912482	88.1856686303423	3.642389561812538e-19
0.1548816618912482	103.60912645449676	0.
0.1548816618912482	121.73010934080885	0.
0.1548816618912482	143.0204078270377	0.
0.1548816618912482	168.03432746244107	0.
0.1548816618912482	197.4231204815304	0.
0.1548816618912482	231.95194154228187	0.
0.1548816618912482	272.51976898150383	9.620180790475373e-20
0.1548816618912482	322.19198703269194	0.
0.1548816618912482	332.69824747941016	2.2057497568595396e-19
0.1548816618912482	343.2045079261284	1.7425064007822362e-20
0.1548816618912482	350.20868155727385	6.416818437626856e-20
0.18197008586099844	6.689567066193221	5.964335554937316e-6
0.18197008586099844	7.859555989674418	0.0003182697446549129
0.18197008586099844	9.234173115178807	0.0023597381446305277
0.18197008586099844	10.849207414911918	0.005075180341734423
0.18197008586099844	12.746707264811828	0.00885428920414374
0.18197008586099844	14.976075198957359	0.00788295767395337
0.18197008586099844	17.595354133845532	0.004492388909667701
0.18197008586099844	20.67273855015025	0.0017555061836744186
0.18197008586099844	24.288349976475686	0.00048233586223191355
0.18197008586099844	28.53632300087687	0.00006374705115182323
0.18197008586099844	33.52725612069488	9.998308780161332e-6
0.18197008586099844	39.3910912400358	2.848929932390865e-7
0.18197008586099844	46.28049678431798	4.535662676932172e-13
0.18197008586099844	54.37484251328197	4.858414571986813e-21
0.18197008586099844	63.88486951907698	6.153781549132163e-21
0.18197008586099844	75.0581769955944	0.
0.18197008586099844	88.1856686303423	5.6873139414845e-19
0.18197008586099844	103.60912645449676	0.
0.18197008586099844	121.73010934080885	0.
0.18197008586099844	143.0204078270377	0.
0.18197008586099844	168.03432746244107	0.
0.18197008586099844	197.4231204815304	0.
0.18197008586099844	231.95194154228187	0.
0.18197008586099844	272.51976898150383	3.2973762291294753e-20
0.18197008586099844	322.19198703269194	0.
0.18197008586099844	332.69824747941016	1.6648190704799738e-19
0.18197008586099844	343.2045079261284	0.
0.18197008586099844	350.20868155727385	0.
0.21379620895022325	6.689567066193221	2.2880596202375345e-6
0.21379620895022325	7.859555989674418	0.00012144001462391233
0.21379620895022325	9.234173115178807	0.0006268195380001917
0.21379620895022325	10.849207414911918	0.0016381158369819632
0.21379620895022325	12.746707264811828	0.0019750122860810702
0.21379620895022325	14.976075198957359	0.0012260167990996715
0.21379620895022325	17.595354133845532	0.00033861021367917205
0.21379620895022325	20.67273855015025	0.000158096643855057
0.21379620895022325	24.288349976475686	0.000010382008803139607
0.21379620895022325	28.53632300087687	2.0839708661642757e-7
0.21379620895022325	33.52725612069488	1.0452929579007137e-8
0.21379620895022325	39.3910912400358	2.8246795213014065e-10
0.21379620895022325	46.28049678431798	1.608784770559113e-19
0.21379620895022325	54.37484251328197	3.954133632971807e-19
0.21379620895022325	63.88486951907698	3.095921120885723e-19
0.21379620895022325	75.0581769955944	6.630644425623173e-21
0.21379620895022325	88.1856686303423	2.42435200233814e-19
0.21379620895022325	103.60912645449676	0.
0.21379620895022325	121.73010934080885	0.
0.21379620895022325	143.0204078270377	0.
0.21379620895022325	168.03432746244107	0.
0.21379620895022325	197.4231204815304	0.
0.21379620895022325	231.95194154228187	0.
0.21379620895022325	272.51976898150383	3.676156932736249e-20
0.21379620895022325	322.19198703269194	0.
0.21379620895022325	332.69824747941016	1.73639952797546e-19
0.21379620895022325	343.2045079261284	0.
0.21379620895022325	350.20868155727385	0.
0.23161117700210723	6.689567066193221	2.9838427104376236e-6
0.23161117700210723	7.859555989674418	0.0001052585939292696
0.23161117700210723	9.234173115178807	0.00017989033017995848
0.23161117700210723	10.849207414911918	0.0006398988286303001
0.23161117700210723	12.746707264811828	0.0006423442264618263
0.23161117700210723	14.976075198957359	0.00044914685891458224
0.23161117700210723	17.595354133845532	0.0000642502888851407
0.23161117700210723	20.67273855015025	0.000031570757767699294
0.23161117700210723	24.288349976475686	1.0019218395965452e-6
0.23161117700210723	28.53632300087687	2.150389357653321e-9
0.23161117700210723	33.52725612069488	1.0957376861860012e-11
0.23161117700210723	39.3910912400358	1.926407280644301e-19
0.23161117700210723	46.28049678431798	4.2468753467459605e-19
0.23161117700210723	54.37484251328197	1.493420246522375e-20
0.23161117700210723	63.88486951907698	1.2436272991833622e-21
0.23161117700210723	75.0581769955944	0.
0.23161117700210723	88.1856686303423	8.482979785991968e-19
0.23161117700210723	103.60912645449676	0.
0.23161117700210723	121.73010934080885	6.500244347251803e-21
0.23161117700210723	143.0204078270377	1.8050016681902284e-21
0.23161117700210723	168.03432746244107	0.
0.23161117700210723	197.4231204815304	0.
0.23161117700210723	231.95194154228187	0.
0.23161117700210723	272.51976898150383	5.995077763391384e-20
0.23161117700210723	322.19198703269194	0.
0.23161117700210723	332.69824747941016	1.9109419242306423e-19
0.23161117700210723	343.2045079261284	0.
0.23161117700210723	350.20868155727385	0.
0.2391637153826107	6.689567066193221	2.3770730060158744e-6
0.2391637153826107	7.859555989674418	0.00008660541163269762
0.2391637153826107	9.234173115178807	0.00011991556044899076
0.2391637153826107	10.849207414911918	0.0004760476194210867
0.2391637153826107	12.746707264811828	0.0004722958536144451
0.2391637153826107	14.976075198957359	0.00035227110102447413
0.2391637153826107	17.595354133845532	0.00004188684763407424
0.2391637153826107	20.67273855015025	0.000019812237846447808
0.2391637153826107	24.288349976475686	6.145618377667058e-7
0.2391637153826107	28.53632300087687	1.2833677079848886e-9
0.2391637153826107	33.52725612069488	6.527714516180728e-12
0.2391637153826107	39.3910912400358	5.222546239823996e-19
0.2391637153826107	46.28049678431798	2.6563410312265616e-19
0.2391637153826107	54.37484251328197	4.0487057806093175e-20
0.2391637153826107	63.88486951907698	3.3715098257520463e-21
0.2391637153826107	75.0581769955944	0.
0.2391637153826107	88.1856686303423	6.019235161165655e-19
0.2391637153826107	103.60912645449676	0.
0.2391637153826107	121.73010934080885	3.87243580002158e-21
0.2391637153826107	143.0204078270377	4.89341208881337e-21
0.2391637153826107	168.03432746244107	0.
0.2391637153826107	197.4231204815304	0.
0.2391637153826107	231.95194154228187	0.
0.2391637153826107	272.51976898150383	5.602453791943652e-20
0.2391637153826107	322.19198703269194	0.
0.2391637153826107	332.69824747941016	1.8676922955419463e-19
0.2391637153826107	343.2045079261284	0.
0.2391637153826107	350.20868155727385	0.
0.24923376655661536	6.689567066193221	1.6488773834808574e-6
0.24923376655661536	7.859555989674418	0.00006419968463009941
0.24923376655661536	9.234173115178807	0.000048106187164183914
0.24923376655661536	10.849207414911918	0.0002796481648803926
0.24923376655661536	12.746707264811828	0.00026849987038016904
0.24923376655661536	14.976075198957359	0.0002360483648297696
0.24923376655661536	17.595354133845532	0.00001511462551114481
0.24923376655661536	20.67273855015025	5.738835261956156e-6
0.24923376655661536	24.288349976475686	1.5099831586040002e-7
0.24923376655661536	28.53632300087687	2.4591515723858105e-10
0.24923376655661536	33.52725612069488	1.2273534529924076e-12
0.24923376655661536	39.3910912400358	9.151904219938447e-19
0.24923376655661536	46.28049678431798	7.527148879637993e-20
0.24923376655661536	54.37484251328197	7.094885486374617e-20
0.24923376655661536	63.88486951907698	5.9081784219691205e-21
0.24923376655661536	75.0581769955944	0.
0.24923376655661536	88.1856686303423	3.0677374692812896e-19
0.24923376655661536	103.60912645449676	0.
0.24923376655661536	121.73010934080885	7.281026619765808e-22
0.24923376655661536	143.0204078270377	8.57513494165217e-21
0.24923376655661536	168.03432746244107	0.
0.24923376655661536	197.4231204815304	0.
0.24923376655661536	231.95194154228187	0.
0.24923376655661536	272.51976898150383	5.125342031007607e-20
0.24923376655661536	322.19198703269194	0.
0.24923376655661536	332.69824747941016	1.8133154576181115e-19
0.24923376655661536	343.2045079261284	0.
0.24923376655661536	350.20868155727385	0.