0.00001	0.1350037137062851	0.0007133950759967747
0.00001	0.15861553314127066	0.00004549343914994193
0.00001	0.1863570020631088	0.000018138435871569884
0.00001	0.21895038606980738	0.000017016798528542014
0.00001	0.25724427324648275	0.000022735110770598974
0.00001	0.30223566765948884	9.509357428983661e-6
0.00001	0.35509594694864965	0.000018135877157169024
0.00001	0.4172013598389054	0.000011019877859536907
0.00001	0.49016885759217677	0.000020534584616988446
0.00001	0.575898192292551	0.00001771142979829174
0.00001	0.6766213780186131	1.0928854931540613e-6
0.00001	0.7949608026538836	4.01622740404574e-6
0.00001	0.9339975033108139	4.017360617149695e-6
0.00001	1.0973513829595005	3.39300876854156e-6
0.00001	1.3097100004713564	2.8920547757755876e-6
0.00001	1.3524179352693353	0.
0.00001	1.4093618483333072	0.
0.00003	0.1350037137062851	0.002140185227990324
0.00003	0.15861553314127066	0.00013648031744982578
0.00003	0.1863570020631088	0.00005441530761470966
0.00003	0.21895038606980738	0.00005105039558562604
0.00003	0.25724427324648275	0.00006820533231179692
0.00003	0.30223566765948884	0.000028528072286950984
0.00003	0.35509594694864965	0.00005440763147150707
0.00003	0.4172013598389054	0.00003305963357861072
0.00003	0.49016885759217677	0.00006160375385096533
0.00003	0.575898192292551	0.00005313428939487522
0.00003	0.6766213780186131	3.2786564794621838e-6
0.00003	0.7949608026538836	0.00001204868221213722
0.00003	0.9339975033108139	0.000012052081851449085
0.00003	1.0973513829595005	0.00001017902630562468
0.00003	1.3097100004713564	8.676164327326762e-6
0.00003	1.3524179352693353	0.
0.00003	1.4093618483333072	0.
0.00006	0.1350037137062851	0.004280370455980648
0.00006	0.15861553314127066	0.00027296063489965156
0.00006	0.1863570020631088	0.00010883061522941932
0.00006	0.21895038606980738	0.00010210079117125208
0.00006	0.25724427324648275	0.00013641066462359385
0.00006	0.30223566765948884	0.00005705614457390197
0.00006	0.35509594694864965	0.00010881526294301414
0.00006	0.4172013598389054	0.00006611926715722144
0.00006	0.49016885759217677	0.00012320750770193067
0.00006	0.575898192292551	0.00010626857878975044
0.00006	0.6766213780186131	6.5573129589243676e-6
0.00006	0.7949608026538836	0.00002409736442427444
0.00006	0.9339975033108139	0.00002410416370289817
0.00006	1.0973513829595005	0.00002035805261124936
0.00006	1.3097100004713564	0.000017352328654653523
0.00006	1.3524179352693353	0.
0.00006	1.4093618483333072	0.
0.0001	0.1350037137062851	0.007133950759967747
0.0001	0.15861553314127066	0.0004549343914994193
0.0001	0.1863570020631088	0.00018138435871569887
0.0001	0.21895038606980738	0.00017016798528542013
0.0001	0.25724427324648275	0.00022735110770598976
0.0001	0.30223566765948884	0.00009509357428983661
0.0001	0.35509594694864965	0.00018135877157169025
0.0001	0.4172013598389054	0.00011019877859536906
0.0001	0.49016885759217677	0.00020534584616988447
0.0001	0.575898192292551	0.00017711429798291742
0.0001	0.6766213780186131	0.000010928854931540613
0.0001	0.7949608026538836	0.000040162274040457406
0.0001	0.9339975033108139	0.00004017360617149695
0.0001	1.0973513829595005	0.000033930087685415605
0.0001	1.3097100004713564	0.000028920547757755875
0.0001	1.3524179352693353	0.
0.0001	1.4093618483333072	0.
0.0003	0.1350037137062851	0.02140185227990324
0.0003	0.15861553314127066	0.0013648031744982578
0.0003	0.1863570020631088	0.0005441530761470966
0.0003	0.21895038606980738	0.0005105039558562604
0.0003	0.25724427324648275	0.0006820533231179692
0.0003	0.30223566765948884	0.0002852807228695098
0.0003	0.35509594694864965	0.0005440763147150707
0.0003	0.4172013598389054	0.00033059633578610715
0.0003	0.49016885759217677	0.0006160375385096534
0.0003	0.575898192292551	0.0005313428939487522
0.0003	0.6766213780186131	0.00003278656479462184
0.0003	0.7949608026538836	0.00012048682212137221
0.0003	0.9339975033108139	0.00012052081851449084
0.0003	1.0973513829595005	0.0001017902630562468
0.0003	1.3097100004713564	0.00008676164327326763
0.0003	1.3524179352693353	0.
0.0003	1.4093618483333072	0.
0.0006	0.1350037137062851	0.04280370455980648
0.0006	0.15861553314127066	0.0027296063489965156
0.0006	0.1863570020631088	0.0010883061522941931
0.0006	0.21895038606980738	0.0010210079117125208
0.0006	0.25724427324648275	0.0013641066462359384
0.0006	0.30223566765948884	0.0005705614457390196
0.0006	0.35509594694864965	0.0010881526294301415
0.0006	0.4172013598389054	0.0006611926715722143
0.0006	0.49016885759217677	0.0012320750770193067
0.0006	0.575898192292551	0.0010626857878975045
0.0006	0.6766213780186131	0.00006557312958924368
0.0006	0.7949608026538836	0.00024097364424274442
0.0006	0.9339975033108139	0.00024104163702898167
0.0006	1.0973513829595005	0.0002035805261124936
0.0006	1.3097100004713564	0.00017352328654653525
0.0006	1.3524179352693353	0.
0.0006	1.4093618483333072	0.
0.001	0.1350037137062851	0.07133950759967746
0.001	0.15861553314127066	0.004549343914994193
0.001	0.1863570020631088	0.0018138435871569885
0.001	0.21895038606980738	0.0017016798528542013
0.001	0.25724427324648275	0.0022735110770598973
0.001	0.30223566765948884	0.0009509357428983661
0.001	0.35509594694864965	0.0018135877157169024
0.001	0.4172013598389054	0.0011019877859536906
0.001	0.49016885759217677	0.0020534584616988443
0.001	0.575898192292551	0.001771142979829174
0.001	0.6766213780186131	0.00010928854931540612
0.001	0.7949608026538836	0.00040162274040457405
0.001	0.9339975033108139	0.0004017360617149695
0.001	1.0973513829595005	0.000339300876854156
0.001	1.3097100004713564	0.0002892054775775587
0.001	1.3524179352693353	0.
0.001	1.4093618483333072	0.
0.002	0.1350037137062851	0.1426790151993549
0.002	0.15861553314127066	0.009098687829988386
0.002	0.1863570020631088	0.003627687174313977
0.002	0.21895038606980738	0.0034033597057084026
0.002	0.25724427324648275	0.004547022154119795
0.002	0.30223566765948884	0.0019018714857967321
0.002	0.35509594694864965	0.0036271754314338048
0.002	0.4172013598389054	0.002203975571907381
0.002	0.49016885759217677	0.0041069169233976886
0.002	0.575898192292551	0.003542285959658348
0.002	0.6766213780186131	0.00021857709863081225
0.002	0.7949608026538836	0.0008032454808091481
0.002	0.9339975033108139	0.000803472123429939
0.002	1.0973513829595005	0.000678601753708312
0.002	1.3097100004713564	0.0005784109551551174
0.002	1.3524179352693353	0.
0.002	1.4093618483333072	0.
0.004	0.1350037137062851	0.2853580303987098
0.004	0.15861553314127066	0.018197375659976773
0.004	0.1863570020631088	0.007255374348627954
0.004	0.21895038606980738	0.006806719411416805
0.004	0.25724427324648275	0.00909404430823959
0.004	0.30223566765948884	0.0038037429715934643
0.004	0.35509594694864965	0.0072543508628676095
0.004	0.4172013598389054	0.004407951143814762
0.004	0.49016885759217677	0.008213833846795377
0.004	0.575898192292551	0.007084571919316696
0.004	0.6766213780186131	0.0004371541972616245
0.004	0.7949608026538836	0.0016064909616182962
0.004	0.9339975033108139	0.001606944246859878
0.004	1.0973513829595005	0.001357203507416624
0.004	1.3097100004713564	0.001156821910310235
0.004	1.3524179352693353	0.
0.004	1.4093618483333072	0.
0.006	0.1350037137062851	0.4280370455980647
0.006	0.15861553314127066	0.027296063489965154
0.006	0.1863570020631088	0.01088306152294193
0.006	0.21895038606980738	0.010210079117125207
0.006	0.25724427324648275	0.013641066462359384
0.006	0.30223566765948884	0.005705614457390196
0.006	0.35509594694864965	0.010881526294301414
0.006	0.4172013598389054	0.006611926715722144
0.006	0.49016885759217677	0.012320750770193066
0.006	0.575898192292551	0.010626857878975044
0.006	0.6766213780186131	0.0006557312958924367
0.006	0.7949608026538836	0.002409736442427444
0.006	0.9339975033108139	0.002410416370289817
0.006	1.0973513829595005	0.002035805261124936
0.006	1.3097100004713564	0.0017352328654653523
0.006	1.3524179352693353	0.
0.006	1.4093618483333072	0.
0.008	0.1350037137062851	0.5707160607974197
0.008	0.15861553314127066	0.036394751319953546
0.008	0.1863570020631088	0.014510748697255908
0.008	0.21895038606980738	0.01361343882283361
0.008	0.25724427324648275	0.01818808861647918
0.008	0.30223566765948884	0.0076074859431869285
0.008	0.35509594694864965	0.014508701725735219
0.008	0.4172013598389054	0.008815902287629525
0.008	0.49016885759217677	0.016427667693590754
0.008	0.575898192292551	0.014169143838633392
0.008	0.6766213780186131	0.000874308394523249
0.008	0.7949608026538836	0.0032129819232365924
0.008	0.9339975033108139	0.003213888493719756
0.008	1.0973513829595005	0.002714407014833248
0.008	1.3097100004713564	0.00231364382062047
0.008	1.3524179352693353	0.
0.008	1.4093618483333072	0.
0.01	0.1350037137062851	0.7133950759967747
0.01	0.15861553314127066	0.04549343914994193
0.01	0.1863570020631088	0.018138435871569887
0.01	0.21895038606980738	0.017016798528542015
0.01	0.25724427324648275	0.022735110770598976
0.01	0.30223566765948884	0.00950935742898366
0.01	0.35509594694864965	0.018135877157169026
0.01	0.4172013598389054	0.011019877859536906
0.01	0.49016885759217677	0.020534584616988445
0.01	0.575898192292551	0.017711429798291742
0.01	0.6766213780186131	0.0010928854931540612
0.01	0.7949608026538836	0.00401622740404574
0.01	0.9339975033108139	0.004017360617149695
0.01	1.0973513829595005	0.00339300876854156
0.01	1.3097100004713564	0.0028920547757755877
0.01	1.3524179352693353	0.
0.01	1.4093618483333072	0.
0.011748975549395297	0.1350037137062851	0.8381661304945104
0.011748975549395297	0.15861553314127066	0.053450130423057046
0.011748975549395297	0.1863570020631088	0.021310803955934914
0.011748975549395297	0.21895038606980738	0.019992994984082597
0.011748975549395297	0.25724427324648275	0.026711426055656098
0.011748975549395297	0.30223566765948884	0.011172520792358955
0.011748975549395297	0.35509594694864965	0.021307797728641553
0.011748975549395297	0.4172013598389054	0.012947227552902167
0.011748975549395297	0.49016885759217677	0.0241260332581986
0.011748975549395297	0.575898192292551	0.020809115564496092
0.011748975549395297	0.6766213780186131	0.0012840284937355886
0.011748975549395297	0.7949608026538836	0.004718655757094474
0.011748975549395297	0.9339975033108139	0.004719987166399536
0.011748975549395297	1.0973513829595005	0.003986437706047863
0.011748975549395297	1.3097100004713564	0.003397868084809927
0.011748975549395297	1.3524179352693353	0.
0.011748975549395297	1.4093618483333072	0.
0.013803842646028852	0.1350037137062851	0.9847593373511271
0.013803842646028852	0.15861553314127066	0.0627984275452487
0.013803842646028852	0.1863570020631088	0.02503801146162359
0.013803842646028852	0.21895038606980738	0.023489720922716926
0.013803842646028852	0.25724427324648275	0.0313831891617384
0.013803842646028852	0.30223566765948884	0.013126567361453593
0.013803842646028852	0.35509594694864965	0.025034479452527028
0.013803842646028852	0.4172013598389054	0.015211665995150468
0.013803842646028852	0.49016885759217677	0.028345617485447314
0.013803842646028852	0.575898192292551	0.024448578997180573
0.013803842646028852	0.6766213780186131	0.0015086019377626304
0.013803842646028852	0.7949608026538836	0.005543937111611634
0.013803842646028852	0.9339975033108139	0.005545501381148774
0.013803842646028852	1.0973513829595005	0.004683655913754382
0.013803842646028852	1.3097100004713564	0.003992146904850246
0.013803842646028852	1.3524179352693353	0.
0.013803842646028852	1.4093618483333072	0.
0.0162181009735893	0.1350037137062851	1.1569913376577101
0.0162181009735893	0.15861553314127066	0.07378171897695987
0.0162181009735893	0.1863570020631088	0.02941709844680946
0.0162181009735893	0.21895038606980738	0.027598015678312014
0.0162181009735893	0.25724427324648275	0.03687203221233118
0.0162181009735893	0.30223566765948884	0.015422371897720853
0.0162181009735893	0.35509594694864965	0.029412948697957887
0.0162181009735893	0.4172013598389054	0.017872149184259067
0.0162181009735893	0.49016885759217677	0.033303196676903214
0.0162181009735893	0.575898192292551	0.02872457568553338
0.0162181009735893	0.6766213780186131	0.0017724527280543502
0.0162181009735893	0.7949608026538836	0.0065135581571710245
0.0162181009735893	0.9339975033108139	0.006515396013625477
0.0162181009735893	1.0973513829595005	0.0055028158812480904
0.0162181009735893	1.3097100004713564	0.004690363637467963
0.0162181009735893	1.3524179352693353	0.
0.0162181009735893	1.4093618483333072	0.
0.019054607179632473	0.1350037137062851	1.3593462937002594
0.019054607179632473	0.15861553314127066	0.08668596122526565
0.019054607179632473	0.1863570020631088	0.03456207703857187
0.019054607179632473	0.21895038606980738	0.03242484114163159
0.019054607179632473	0.25724427324648275	0.04332086049191948
0.019054607179632473	0.30223566765948884	0.018119707034000346
0.019054607179632473	0.35509594694864965	0.034557201508792545
0.019054607179632473	0.4172013598389054	0.020997944378100486
0.019054607179632473	0.49016885759217677	0.039127844347363855
0.019054607179632473	0.575898192292551	0.03374843373960863
0.019054607179632473	0.6766213780186131	0.002082450376436955
0.019054607179632473	0.7949608026538836	0.007652763552816665
0.019054607179632473	0.9339975033108139	0.007654922845871332
0.019054607179632473	1.0973513829595005	0.006465244924160794
0.019054607179632473	1.3097100004713564	0.005510696769438389
0.019054607179632473	1.3524179352693353	0.
0.019054607179632473	1.4093618483333072	0.
0.0223872113856834	0.1350037137062851	1.5970926367845464
0.0223872113856834	0.15861553314127066	0.10184712389114747
0.0223872113856834	0.1863570020631088	0.04060689980624975
0.0223872113856834	0.21895038606980738	0.03809586657660562
0.0223872113856834	0.25724427324648275	0.050897573069832655
0.0223872113856834	0.30223566765948884	0.0212887994904676
0.0223872113856834	0.35509594694864965	0.04060117155823298
0.0223872113856834	0.4172013598389054	0.0246704335085865
0.0223872113856834	0.49016885759217677	0.045971208653772286
0.0223872113856834	0.575898192292551	0.0396509522837049
0.0223872113856834	0.6766213780186131	0.0024466658555586814
0.0223872113856834	0.7949608026538836	0.008991213186734646
0.0223872113856834	0.9339975033108139	0.008993750134864973
0.0223872113856834	1.0973513829595005	0.007596000453481721
0.0223872113856834	1.3097100004713564	0.0064745041604263275
0.0223872113856834	1.3524179352693353	0.
0.0223872113856834	1.4093618483333072	0.
0.026302679918953815	0.1350037137062851	1.8764202339700893
0.026302679918953815	0.15861553314127066	0.11965993683733249
0.026302679918953815	0.1863570020631088	0.04770894729603727
0.026302679918953815	0.21895038606980738	0.04475874049415648
0.026302679918953815	0.25724427324648275	0.05979943415210242
0.026302679918953815	0.30223566765948884	0.02501215846894828
0.026302679918953815	0.35509594694864965	0.047702217191448286
0.026302679918953815	0.4172013598389054	0.02898523200853651
0.026302679918953815	0.49016885759217677	0.05401146064493199
0.026302679918953815	0.575898192292551	0.04658580688914884
0.026302679918953815	0.6766213780186131	0.0028745817314499264
0.026302679918953815	0.7949608026538836	0.01056375438903459
0.026302679918953815	0.9339975033108139	0.010566735043189918
0.026302679918953815	1.0973513829595005	0.00892452236011523
0.026302679918953815	1.3097100004713564	0.007606879107530702
0.026302679918953815	1.3524179352693353	0.
0.026302679918953815	1.4093618483333072	0.
0.030902954325135904	0.1350037137062851	2.2046015449305183
0.030902954325135904	0.15861553314127066	0.1405881672144005
0.030902954325135904	0.1863570020631088	0.056053125526853084
0.030902954325135904	0.21895038606980738	0.052586934768757365
0.030902954325135904	0.25724427324648275	0.07025820897207255
0.030902954325135904	0.30223566765948884	0.029386723828927385
0.030902954325135904	0.35509594694864965	0.056045218343426996
0.030902954325135904	0.4172013598389054	0.03405467821618454
0.030902954325135904	0.49016885759217677	0.06345793305044323
0.030902954325135904	0.575898192292551	0.054733550608946066
0.030902954325135904	0.6766213780186131	0.0033773390477543582
0.030902954325135904	0.7949608026538836	0.012411329202658465
0.030902954325135904	0.9339975033108139	0.012414831165937681
0.030902954325135904	1.0973513829595005	0.010485399499902544
0.030902954325135904	1.3097100004713564	0.008937303664158413
0.030902954325135904	1.3524179352693353	0.
0.030902954325135904	1.4093618483333072	0.
0.03630780547701014	0.1350037137062851	2.5901809647547758
0.03630780547701014	0.15861553314127066	0.1651766939136289
0.03630780547701014	0.1863570020631088	0.06585668012821823
0.03630780547701014	0.21895038606980738	0.06178426108157758
0.03630780547701014	0.25724427324648275	0.08254619793571856
0.03630780547701014	0.30223566765948884	0.03452638997429
0.03630780547701014	0.35509594694864965	0.06584738999774446
0.03630780547701014	0.4172013598389054	0.040010758170447684
0.03630780547701014	0.49016885759217677	0.07455657038248212
0.03630780547701014	0.575898192292551	0.06430631478360975
0.03630780547701014	0.6766213780186131	0.003968027389408395
0.03630780547701014	0.7949608026538836	0.014582040333753014
0.03630780547701014	0.9339975033108139	0.014586154781847252
0.03630780547701014	1.0973513829595005	0.012319270234999668
0.03630780547701014	1.3097100004713564	0.01050041622277182
0.03630780547701014	1.3524179352693353	0.
0.03630780547701014	1.4093618483333072	0.
0.04265795188015928	0.1350037137062851	3.0431972823412985
0.04265795188015928	0.15861553314127066	0.19406569381211772
0.04265795188015928	0.1863570020631088	0.07737485245907831
0.04265795188015928	0.21895038606980738	0.07259017727849104
0.04265795188015928	0.25724427324648275	0.0969833261242302
0.04265795188015928	0.30223566765948884	0.04056497116168202
0.04265795188015928	0.35509594694864965	0.0773639375074996
0.04265795188015928	0.4172013598389054	0.047008541945735796
0.04265795188015928	0.49016885759217677	0.08759633224705521
0.04265795188015928	0.575898192292551	0.07555333200643483
0.04265795188015928	0.6766213780186131	0.004662025677749009
0.04265795188015928	0.7949608026538836	0.017132403534156022
0.04265795188015928	0.9339975033108139	0.017137237589161868
0.04265795188015928	1.0973513829595005	0.014473880477740435
0.04265795188015928	1.3097100004713564	0.012336913345981984
0.04265795188015928	1.3524179352693353	0.
0.04265795188015928	1.4093618483333072	0.
0.05011872336272725	0.1350037137062851	3.5754450462214127
0.05011872336272725	0.15861553314127066	0.2280073091575005
0.05011872336272725	0.1863570020631088	0.09090752496797797
0.05011872336272725	0.21895038606980738	0.08528602179712612
0.05011872336272725	0.25724427324648275	0.11394547273326107
0.05011872336272725	0.30223566765948884	0.04765968543405273
0.05011872336272725	0.35509594694864965	0.09089470101805586
0.05011872336272725	0.4172013598389054	0.05523022099331731
0.05011872336272725	0.49016885759217677	0.10291671657873583
0.05011872336272725	0.575898192292551	0.08876742504189478
0.05011872336272725	0.6766213780186131	0.005477402569852614
0.05011872336272725	0.7949608026538836	0.020128819022517265
0.05011872336272725	0.9339975033108139	0.020134498541924076
0.05011872336272725	1.0973513829595005	0.01700532678378423
0.05011872336272725	1.3097100004713564	0.014494609325695084
0.05011872336272725	1.3524179352693353	0.
0.05011872336272725	1.4093618483333072	0.
0.0588843655355589	0.1350037137062851	4.200781642626189
0.0588843655355589	0.15861553314127066	0.2678852300374886
0.0588843655355589	0.1863570020631088	0.10680702881048149
0.0588843655355589	0.21895038606980738	0.10020233847996286
0.0588843655355589	0.25724427324648275	0.1338742573107372
0.0588843655355589	0.30223566765948884	0.05599524788565564
0.0588843655355589	0.35509594694864965	0.10679196198307335
0.0588843655355589	0.4172013598389054	0.06488985160381835
0.0588843655355589	0.49016885759217677	0.12091659867076121
0.0588843655355589	0.575898192292551	0.10429263064000009
0.0588843655355589	0.6766213780186131	0.006435386886739329
0.0588843655355589	0.7949608026538836	0.023649300253375815
0.0588843655355589	0.9339975033108139	0.02365597310684011
0.0588843655355589	1.0973513829595005	0.019979516859215774
0.0588843655355589	1.3097100004713564	0.01702968105656285
0.0588843655355589	1.3524179352693353	0.
0.0588843655355589	1.4093618483333072	0.
0.06918309709189366	0.1350037137062851	4.935488080756372
0.06918309709189366	0.15861553314127066	0.31473770177545884
0.06918309709189366	0.1863570020631088	0.12548731699979063
0.06918309709189366	0.21895038606980738	0.11772748247933153
0.06918309709189366	0.25724427324648275	0.1572885375837306
0.06918309709189366	0.30223566765948884	0.06578867982908969
0.06918309709189366	0.35509594694864965	0.1254696150211081
0.06918309709189366	0.4172013598389054	0.0762389279897151
0.06918309709189366	0.49016885759217677	0.14206461612988175
0.06918309709189366	0.575898192292551	0.1225331567371476
0.06918309709189366	0.6766213780186131	0.00756092031831995
0.06918309709189366	0.7949608026538836	0.02778550504372205
0.06918309709189366	0.9339975033108139	0.027793344962941717
0.06918309709189366	1.0973513829595005	0.023473885506765726
0.06918309709189366	1.3097100004713564	0.02000813063475572
0.06918309709189366	1.3524179352693353	0.
0.06918309709189366	1.4093618483333072	0.
0.08128305161640995	0.1350037137062851	5.335326526240043
0.08128305161640995	0.15861553314127066	0.06992396589806595
0.08128305161640995	0.1863570020631088	0.14388749989490554
0.08128305161640995	0.21895038606980738	0.03483178105006787
0.08128305161640995	0.25724427324648275	0.2898026810439906
0.08128305161640995	0.30223566765948884	0.05766368867363541
0.08128305161640995	0.35509594694864965	0.16459395502373908
0.08128305161640995	0.4172013598389054	0.1577364082023443
0.08128305161640995	0.49016885759217677	0.16652434883741155
0.08128305161640995	0.575898192292551	0.2622095793198237
0.08128305161640995	0.6766213780186131	0.08709380558915637
0.08128305161640995	0.7949608026538836	0.1387955631425069
0.08128305161640995	0.9339975033108139	0.01577437810985055
0.08128305161640995	1.0973513829595005	0.01689630776684578
0.08128305161640995	1.3097100004713564	0.000016430391301946076
0.08128305161640995	1.3524179352693353	1.9131018700311356e-17
0.08128305161640995	1.4093618483333072	1.028854315149959e-17
0.09549925860214359	0.1350037137062851	5.9090819445425335
0.09549925860214359	0.15861553314127066	0.42942921828729935
0.09549925860214359	0.1863570020631088	0.01679346676187901
0.09549925860214359	0.21895038606980738	0.25107335574640705
0.09549925860214359	0.25724427324648275	0.19684227215621294
0.09549925860214359	0.30223566765948884	0.011849527904413033
0.09549925860214359	0.35509594694864965	0.21599941352713625
0.09549925860214359	0.4172013598389054	0.22075377575576807
0.09549925860214359	0.49016885759217677	0.29888997386180344
0.09549925860214359	0.575898192292551	0.1896065728825797
0.09549925860214359	0.6766213780186131	0.07431903135766706
0.09549925860214359	0.7949608026538836	0.05830754519784221
0.09549925860214359	0.9339975033108139	0.11375733995604789
0.09549925860214359	1.0973513829595005	0.03266057967567578
0.09549925860214359	1.3097100004713564	0.0037568323132952087
0.09549925860214359	1.3524179352693353	0.00003783082860660854
0.09549925860214359	1.4093618483333072	7.1130235427300174e-6
0.11220184543019636	0.1350037137062851	6.412063954126087
0.11220184543019636	0.15861553314127066	0.38057966548522465
0.11220184543019636	0.1863570020631088	0.2517652456020592
0.11220184543019636	0.21895038606980738	0.2915098883873797
0.11220184543019636	0.25724427324648275	0.018486723470962408
0.11220184543019636	0.30223566765948884	0.2809641466095547
0.11220184543019636	0.35509594694864965	0.4204460768173012
0.11220184543019636	0.4172013598389054	0.25570189785403624
0.11220184543019636	0.49016885759217677	0.2900595395685203
0.11220184543019636	0.575898192292551	0.16464502978001294
0.11220184543019636	0.6766213780186131	0.016630723124448736
0.11220184543019636	0.7949608026538836	0.020152918098481337
0.11220184543019636	0.9339975033108139	0.0010149372107922598
0.11220184543019636	1.0973513829595005	0.028827157339189086
0.11220184543019636	1.3097100004713564	0.0004460057801710116
0.11220184543019636	1.3524179352693353	0.02216263885035991
0.11220184543019636	1.4093618483333072	0.004167061037727923
0.13182567385564073	0.1350037137062851	5.807794841751929
0.13182567385564073	0.15861553314127066	0.09481509669075334
0.13182567385564073	0.1863570020631088	0.33779036411044316
0.13182567385564073	0.21895038606980738	0.13613001778056616
0.13182567385564073	0.25724427324648275	0.10932533369982736
0.13182567385564073	0.30223566765948884	0.0959046407741465
0.13182567385564073	0.35509594694864965	0.09839972440088182
0.13182567385564073	0.4172013598389054	0.5217854947950044
0.13182567385564073	0.49016885759217677	0.22694031376028162
0.13182567385564073	0.575898192292551	0.07237530054064405
0.13182567385564073	0.6766213780186131	0.11446050800995018
0.13182567385564073	0.7949608026538836	0.15160589035965905
0.13182567385564073	0.9339975033108139	0.03148368351983561
0.13182567385564073	1.0973513829595005	0.033260693872658786
0.13182567385564073	1.3097100004713564	0.005065985500561141
0.13182567385564073	1.3524179352693353	0.0000535957183290536
0.13182567385564073	1.4093618483333072	0.000010077167757270032
0.1548816618912482	0.1350037137062851	8.590046583852706
0.1548816618912482	0.15861553314127066	0.6883407133464005
0.1548816618912482	0.1863570020631088	0.24685178594695162
0.1548816618912482	0.21895038606980738	0.22057110836032595
0.1548816618912482	0.25724427324648275	0.12135162849836464
0.1548816618912482	0.30223566765948884	0.19546403191553502
0.1548816618912482	0.35509594694864965	0.2871655782139231
0.1548816618912482	0.4172013598389054	0.31537382960021576
0.1548816618912482	0.49016885759217677	0.29746924438097777
0.1548816618912482	0.575898192292551	0.3054310832530746
0.1548816618912482	0.6766213780186131	0.1397094159801714
0.1548816618912482	0.7949608026538836	0.07784310548508304
0.1548816618912482	0.9339975033108139	0.027772626085246024
0.1548816618912482	1.0973513829595005	0.017059194111034695
0.1548816618912482	1.3097100004713564	0.003098879775194406
0.1548816618912482	1.3524179352693353	0.013188399169819525
0.1548816618912482	1.4093618483333072	0.01980742647558148
0.18197008586099844	0.1350037137062851	11.39806104693934
0.18197008586099844	0.15861553314127066	0.7494909959696399
0.18197008586099844	0.1863570020631088	0.24643685383860328
0.18197008586099844	0.21895038606980738	0.07383981007498117
0.18197008586099844	0.25724427324648275	0.23183579871758028
0.18197008586099844	0.30223566765948884	0.47724865623025586
0.18197008586099844	0.35509594694864965	0.3226912409125041
0.18197008586099844	0.4172013598389054	0.3588762456987084
0.18197008586099844	0.49016885759217677	0.3217956490158228
0.18197008586099844	0.575898192292551	0.1881535264761476
0.18197008586099844	0.6766213780186131	0.16665402244856845
0.18197008586099844	0.7949608026538836	0.10257272804182992
0.18197008586099844	0.9339975033108139	0.08846754892836255
0.18197008586099844	1.0973513829595005	0.017781262770320255
0.18197008586099844	1.3097100004713564	0.010313580846436961
0.18197008586099844	1.3524179352693353	0.00009843120278172892
0.18197008586099844	1.4093618483333072	0.00014783210508676866
0.21379620895022325	0.1350037137062851	10.770182158631943
0.21379620895022325	0.15861553314127066	0.727339529312998
0.21379620895022325	0.1863570020631088	0.18823620745617548
0.21379620895022325	0.21895038606980738	0.2904679355094649
0.21379620895022325	0.25724427324648275	0.35154008198449355
0.21379620895022325	0.30223566765948884	0.3675657804829504
0.21379620895022325	0.35509594694864965	0.4638893366196207
0.21379620895022325	0.4172013598389054	0.3589619908906398
0.21379620895022325	0.49016885759217677	0.45042236292511906
0.21379620895022325	0.575898192292551	0.23951940054583554
0.21379620895022325	0.6766213780186131	0.19538429837081348
0.21379620895022325	0.7949608026538836	0.08754173290397688
0.21379620895022325	0.9339975033108139	0.04832375867481132
0.21379620895022325	1.0973513829595005	0.03719325894748141
0.21379620895022325	1.3097100004713564	0.0014941246030526557
0.21379620895022325	1.3524179352693353	0.007297814043486577
0.21379620895022325	1.4093618483333072	0.001372148721392251
0.25118864315095807	0.1350037137062851	12.949609403505871
0.25118864315095807	0.15861553314127066	0.46925498830722423
0.25118864315095807	0.1863570020631088	0.2718460592814007
0.25118864315095807	0.21895038606980738	0.29768156421681097
0.25118864315095807	0.25724427324648275	0.3578509164765475
0.25118864315095807	0.30223566765948884	0.4656631367313688
0.25118864315095807	0.35509594694864965	0.48078754392118156
0.25118864315095807	0.4172013598389054	0.5547146492782309
0.25118864315095807	0.49016885759217677	0.4214310361123045
0.25118864315095807	0.575898192292551	0.33265719048785414
0.25118864315095807	0.6766213780186131	0.1796134951889921
0.25118864315095807	0.7949608026538836	0.13474758076392787
0.25118864315095807	0.9339975033108139	0.050718590897798906
0.25118864315095807	1.0973513829595005	0.030216721428616214
0.25118864315095807	1.3097100004713564	0.0008065138089729404
0.25118864315095807	1.3524179352693353	0.005519168284690307
0.25118864315095807	1.4093618483333072	0.0010377244007395477
0.2951209226666387	0.1350037137062851	13.811271626788418
0.2951209226666387	0.15861553314127066	1.0087131096295368
0.2951209226666387	0.1863570020631088	0.2773176626524664
0.2951209226666387	0.21895038606980738	0.2749652719615321
0.2951209226666387	0.25724427324648275	0.4138872641364881
0.2951209226666387	0.30223566765948884	0.3738288769253169
0.2951209226666387	0.35509594694864965	0.38174835195432294
0.2951209226666387	0.4172013598389054	0.4280709246863522
0.2951209226666387	0.49016885759217677	0.41043845778878596
0.2951209226666387	0.575898192292551	0.2999587690485678
0.2951209226666387	0.6766213780186131	0.22993987421844658
0.2951209226666387	0.7949608026538836	0.18378000755606477
0.2951209226666387	0.9339975033108139	0.0644929927048939
0.2951209226666387	1.0973513829595005	0.04701843713172052
0.2951209226666387	1.3097100004713564	0.0007865967259132575
0.2951209226666387	1.3524179352693353	0.005272517051840115
0.2951209226666387	1.4093618483333072	0.0009913485720642052
0.34673685045253166	0.1350037137062851	17.429536501054816
0.34673685045253166	0.15861553314127066	1.071087366972813
0.34673685045253166	0.1863570020631088	0.37002939953563846
0.34673685045253166	0.21895038606980738	0.26945825497214754
0.34673685045253166	0.25724427324648275	0.41343726279752796
0.34673685045253166	0.30223566765948884	0.5143587267873705
0.34673685045253166	0.35509594694864965	0.3999973469753851
0.34673685045253166	0.4172013598389054	0.556978843117766
0.34673685045253166	0.49016885759217677	0.44987551101865636
0.34673685045253166	0.575898192292551	0.42988804841690426
0.34673685045253166	0.6766213780186131	0.19725160289812624
0.34673685045253166	0.7949608026538836	0.1082557222371148
0.34673685045253166	0.9339975033108139	0.04967073138637637
0.34673685045253166	1.0973513829595005	0.008238809304714793
0.34673685045253166	1.3097100004713564	0.002219193841272763
0.34673685045253166	1.3524179352693353	0.
0.34673685045253166	1.4093618483333072	0.
0.40738027780411284	0.1350037137062851	18.92268846984776
0.40738027780411284	0.15861553314127066	1.15965707659768
0.40738027780411284	0.1863570020631088	0.2659449146587398
0.40738027780411284	0.21895038606980738	0.33294824923106464
0.40738027780411284	0.25724427324648275	0.43690781130226586
0.40738027780411284	0.30223566765948884	0.454027973698796
0.40738027780411284	0.35509594694864965	0.6099183814863791
0.40738027780411284	0.4172013598389054	0.512857337067563
0.40738027780411284	0.49016885759217677	0.4800840889075468
0.40738027780411284	0.575898192292551	0.2925411479970926
0.40738027780411284	0.6766213780186131	0.2796358082232706
0.40738027780411284	0.7949608026538836	0.1436935598958723
0.40738027780411284	0.9339975033108139	0.03473389417547274
0.40738027780411284	1.0973513829595005	0.015226016244073685
0.40738027780411284	1.3097100004713564	0.00032909779531678106
0.40738027780411284	1.3524179352693353	4.0630570892613854e-17
0.40738027780411284	1.4093618483333072	1.2836631284598392e-17
0.47863009232263853	0.1350037137062851	20.388245464577135
0.47863009232263853	0.15861553314127066	1.4985097540943078
0.47863009232263853	0.1863570020631088	0.418218091148745
0.47863009232263853	0.21895038606980738	0.4345466947474172
0.47863009232263853	0.25724427324648275	0.5158131299088086
0.47863009232263853	0.30223566765948884	0.6276811002180306
0.47863009232263853	0.35509594694864965	0.6606433655791033
0.47863009232263853	0.4172013598389054	0.6129584046882651
0.47863009232263853	0.49016885759217677	0.49629283560432647
0.47863009232263853	0.575898192292551	0.34174452764221686
0.47863009232263853	0.6766213780186131	0.19411084859532063
0.47863009232263853	0.7949608026538836	0.09890803789646903
0.47863009232263853	0.9339975033108139	0.022188921549879736
0.47863009232263853	1.0973513829595005	0.0035818347137953612
0.47863009232263853	1.3097100004713564	0.00001551562112234147
0.47863009232263853	1.3524179352693353	3.602974412215428e-17
0.47863009232263853	1.4093618483333072	8.031419482857921e-18
0.5623413251903494	0.1350037137062851	24.925455531235514
0.5623413251903494	0.15861553314127066	1.1384528774561529
0.5623413251903494	0.1863570020631088	0.5438550216288363
0.5623413251903494	0.21895038606980738	0.44595047691780443
0.5623413251903494	0.25724427324648275	0.7275755334274274
0.5623413251903494	0.30223566765948884	0.7599707854934439
0.5623413251903494	0.35509594694864965	0.747265360248119
0.5623413251903494	0.4172013598389054	0.7219609039458496
0.5623413251903494	0.49016885759217677	0.5778329172714322
0.5623413251903494	0.575898192292551	0.3552784613006855
0.5623413251903494	0.6766213780186131	0.17587964203534526
0.5623413251903494	0.7949608026538836	0.07472153835544064
0.5623413251903494	0.9339975033108139	0.024707195511502526
0.5623413251903494	1.0973513829595005	0.0054007761493203455
0.5623413251903494	1.3097100004713564	1.7743451885847152e-17
0.5623413251903494	1.3524179352693353	0.
0.5623413251903494	1.4093618483333072	0.
0.6606934480075964	0.1350037137062851	26.5424932753619
0.6606934480075964	0.15861553314127066	1.6588169831408868
0.6606934480075964	0.1863570020631088	0.5044441759558556
0.6606934480075964	0.21895038606980738	0.5883488096724744
0.6606934480075964	0.25724427324648275	0.640882053323944
0.6606934480075964	0.30223566765948884	0.9198820687790447
0.6606934480075964	0.35509594694864965	0.7261963597282527
0.6606934480075964	0.4172013598389054	0.7896100554872518
0.6606934480075964	0.49016885759217677	0.45092380576698665
0.6606934480075964	0.575898192292551	0.23612637388271984
0.6606934480075964	0.6766213780186131	0.12712223588426713
0.6606934480075964	0.7949608026538836	0.02968996168433102
0.6606934480075964	0.9339975033108139	0.013705302604247798
0.6606934480075964	1.0973513829595005	5.080366462373209e-6
0.6606934480075964	1.3097100004713564	6.553030386565419e-18
0.6606934480075964	1.3524179352693353	0.
0.6606934480075964	1.4093618483333072	0.
0.776247116628692	0.1350037137062851	28.347698000427815
0.776247116628692	0.15861553314127066	1.844240866419941
0.776247116628692	0.1863570020631088	0.8717260954971586
0.776247116628692	0.21895038606980738	0.5908083623567597
0.776247116628692	0.25724427324648275	0.7546837816770442
0.776247116628692	0.30223566765948884	0.8931595914112459
0.776247116628692	0.35509594694864965	0.6707803248414693
0.776247116628692	0.4172013598389054	0.5158819954331784
0.776247116628692	0.49016885759217677	0.34309278562941176
0.776247116628692	0.575898192292551	0.15099231021450307
0.776247116628692	0.6766213780186131	0.048785356852930256
0.776247116628692	0.7949608026538836	0.013716949066775555
0.776247116628692	0.9339975033108139	0.00003631566213654599
0.776247116628692	1.0973513829595005	0.
0.776247116628692	1.3097100004713564	3.335031147513373e-18
0.776247116628692	1.3524179352693353	5.797120434078507e-17
0.776247116628692	1.4093618483333072	1.2166281930229799e-17
0.9120108393559101	0.1350037137062851	31.28411133583836
0.9120108393559101	0.15861553314127066	2.547490543965275
0.9120108393559101	0.1863570020631088	0.780985691245592
0.9120108393559101	0.21895038606980738	0.6520457541609009
0.9120108393559101	0.25724427324648275	0.7524941147286383
0.9120108393559101	0.30223566765948884	0.7710505780612794
0.9120108393559101	0.35509594694864965	0.7175058104094915
0.9120108393559101	0.4172013598389054	0.3874607310662231
0.9120108393559101	0.49016885759217677	0.23073709800758932
0.9120108393559101	0.575898192292551	0.07367562563202958
0.9120108393559101	0.6766213780186131	0.030559934485464745
0.9120108393559101	0.7949608026538836	0.009033158024474767
0.9120108393559101	0.9339975033108139	0.00002131728444563411
0.9120108393559101	1.0973513829595005	0.
0.9120108393559101	1.3097100004713564	1.4086515324049053e-17
0.9120108393559101	1.3524179352693353	1.8888557185768236e-17
0.9120108393559101	1.4093618483333072	4.571483580138594e-18
1.071519305237607	0.1350037137062851	37.49558598551135
1.071519305237607	0.15861553314127066	2.526868058924181
1.071519305237607	0.1863570020631088	0.8940659042334207
1.071519305237607	0.21895038606980738	0.6831190056113032
1.071519305237607	0.25724427324648275	0.8451268170584323
1.071519305237607	0.30223566765948884	0.5853808898344661
1.071519305237607	0.35509594694864965	0.5156391362062455
1.071519305237607	0.4172013598389054	0.2712184416578625
1.071519305237607	0.49016885759217677	0.11143932590501206
1.071519305237607	0.575898192292551	0.029852473909381137
1.071519305237607	0.6766213780186131	0.012295871231190292
1.071519305237607	0.7949608026538836	0.0029861640181423686
1.071519305237607	0.9339975033108139	0.0003568357887780403
1.071519305237607	1.0973513829595005	0.
1.071519305237607	1.3097100004713564	2.54498475239227e-17
1.071519305237607	1.3524179352693353	3.6701173938754676e-17
1.071519305237607	1.4093618483333072	1.8678419672287354e-17
1.2589254117941675	0.1350037137062851	40.767718741595694
1.2589254117941675	0.15861553314127066	3.173536951558889
1.2589254117941675	0.1863570020631088	0.9561587664813388
1.2589254117941675	0.21895038606980738	0.6492873204277488
1.2589254117941675	0.25724427324648275	0.594593759900911
1.2589254117941675	0.30223566765948884	0.41713794213337835
1.2589254117941675	0.35509594694864965	0.2832336312299393
1.2589254117941675	0.4172013598389054	0.1488493162510315
1.2589254117941675	0.49016885759217677	0.059986964410635675
1.2589254117941675	0.575898192292551	0.014679580543208781
1.2589254117941675	0.6766213780186131	0.001934129540794589
1.2589254117941675	0.7949608026538836	0.00023365124039747894
1.2589254117941675	0.9339975033108139	7.743592160819657e-18
1.2589254117941675	1.0973513829595005	4.784092981688849e-18
1.2589254117941675	1.3097100004713564	1.0955534030670809e-17
1.2589254117941675	1.3524179352693353	9.003563456456484e-18
1.2589254117941675	1.4093618483333072	3.0958644831167544e-18
1.4791083881682088	0.1350037137062851	46.85434062085777
1.4791083881682088	0.15861553314127066	3.17271735246331
1.4791083881682088	0.1863570020631088	0.9760896765935776
1.4791083881682088	0.21895038606980738	0.5275328186614711
1.4791083881682088	0.25724427324648275	0.4553769032236559
1.4791083881682088	0.30223566765948884	0.2854410463101561
1.4791083881682088	0.35509594694864965	0.1805587326387214
1.4791083881682088	0.4172013598389054	0.08226295800103604
1.4791083881682088	0.49016885759217677	0.03147948632121568
1.4791083881682088	0.575898192292551	0.003111827102538671
1.4791083881682088	0.6766213780186131	4.254616244144097e-6
1.4791083881682088	0.7949608026538836	3.319157470374447e-6
1.4791083881682088	0.9339975033108139	0.
1.4791083881682088	1.0973513829595005	0.
1.4791083881682088	1.3097100004713564	2.0266322154836278e-17
1.4791083881682088	1.3524179352693353	1.888958754035097e-21
1.4791083881682088	1.4093618483333072	2.647460820770147e-19
1.6008552962485738	0.1350037137062851	46.572840430373944
1.6008552962485738	0.15861553314127066	3.3384863718094673
1.6008552962485738	0.1863570020631088	0.8829089103124421
1.6008552962485738	0.21895038606980738	0.4678631003907181
1.6008552962485738	0.25724427324648275	0.42647195221792245
1.6008552962485738	0.30223566765948884	0.25074208482230326
1.6008552962485738	0.35509594694864965	0.12458858687031134
1.6008552962485738	0.4172013598389054	0.04914589288375792
1.6008552962485738	0.49016885759217677	0.01930541500594808
1.6008552962485738	0.575898192292551	0.000582161121486188
1.6008552962485738	0.6766213780186131	0.
1.6008552962485738	0.7949608026538836	0.
1.6008552962485738	0.9339975033108139	0.
1.6008552962485738	1.0973513829595005	0.
1.6008552962485738	1.3097100004713564	5.797520328452028e-18
1.6008552962485738	1.3524179352693353	2.0436665548842723e-21
1.6008552962485738	1.4093618483333072	2.8642907756544306e-19
1.6571128198988514	0.1350037137062851	45.833439151947346
1.6571128198988514	0.15861553314127066	3.4764286138314606
1.6571128198988514	0.1863570020631088	0.8222524336304996
1.6571128198988514	0.21895038606980738	0.46093536853811135
1.6571128198988514	0.25724427324648275	0.3916679642710701
1.6571128198988514	0.30223566765948884	0.21926196420845398
1.6571128198988514	0.35509594694864965	0.10003735721191233
1.6571128198988514	0.4172013598389054	0.03733788148411803
1.6571128198988514	0.49016885759217677	0.014773930312031574
1.6571128198988514	0.575898192292551	0.0009685205106271171
1.6571128198988514	0.6766213780186131	0.
1.6571128198988514	0.7949608026538836	0.
1.6571128198988514	0.9339975033108139	0.
1.6571128198988514	1.0973513829595005	0.
1.6571128198988514	1.3097100004713564	1.6113053134820737e-18
1.6571128198988514	1.3524179352693353	5.679964178322897e-22
1.6571128198988514	1.4093618483333072	7.96072576670373e-20
1.7153473548222145	0.1350037137062851	45.86620709421542
1.7153473548222145	0.15861553314127066	3.466642033536551
1.7153473548222145	0.1863570020631088	0.7818129394681671
1.7153473548222145	0.21895038606980738	0.42279459518594287
1.7153473548222145	0.25724427324648275	0.3181259905210583
1.7153473548222145	0.30223566765948884	0.18181251830207168
1.7153473548222145	0.35509594694864965	0.09059727752628594
1.7153473548222145	0.4172013598389054	0.028095371495325105
1.7153473548222145	0.49016885759217677	0.010738407680725016
1.7153473548222145	0.575898192292551	0.000833524501759824
1.7153473548222145	0.6766213780186131	0.
1.7153473548222145	0.7949608026538836	3.6121905974809844e-19
1.7153473548222145	0.9339975033108139	3.53012364900945e-18
1.7153473548222145	1.0973513829595005	5.6771168858187586e-18
1.7153473548222145	1.3097100004713564	3.1231443086077356e-18
1.7153473548222145	1.3524179352693353	1.1384081271176068e-20
1.7153473548222145	1.4093618483333072	1.5955302931586644e-18
1.7756283774783481	0.1350037137062851	46.351629940063646
1.7756283774783481	0.15861553314127066	3.3654649926673406
1.7756283774783481	0.1863570020631088	0.754375059355928
1.7756283774783481	0.21895038606980738	0.36632651153384843
1.7756283774783481	0.25724427324648275	0.22254454443406432
1.7756283774783481	0.30223566765948884	0.1415359063586499
1.7756283774783481	0.35509594694864965	0.0905768740620488
1.7756283774783481	0.4172013598389054	0.020628940577337475
1.7756283774783481	0.49016885759217677	0.007097668618582015
1.7756283774783481	0.575898192292551	0.00038292996847297543
1.7756283774783481	0.6766213780186131	0.
1.7756283774783481	0.7949608026538836	9.343516785033651e-19
1.7756283774783481	0.9339975033108139	9.1312373136583e-18
1.7756283774783481	1.0973513829595005	1.468478350789041e-17
1.7756283774783481	1.3097100004713564	8.078519248100753e-18
1.7756283774783481	1.3524179352693353	2.9446772413836006e-20
1.7756283774783481	1.4093618483333072	4.1270978573372805e-18
1.838027805880265	0.1350037137062851	46.723042650306944
1.838027805880265	0.15861553314127066	3.2840952109512407
1.838027805880265	0.1863570020631088	0.7229518961011377
1.838027805880265	0.21895038606980738	0.31384737688067527
1.838027805880265	0.25724427324648275	0.1442791084973822
1.838027805880265	0.30223566765948884	0.10951269694123543
1.838027805880265	0.35509594694864965	0.08582138493619289
1.838027805880265	0.4172013598389054	0.014545342159050796
1.838027805880265	0.49016885759217677	0.00403076430328178
1.838027805880265	0.575898192292551	0.00002160027479439786
1.838027805880265	0.6766213780186131	1.5822024337395844e-18
1.838027805880265	0.7949608026538836	1.298929457553022e-18
1.838027805880265	0.9339975033108139	1.53587641386477e-17
1.838027805880265	1.0973513829595005	2.0414687868641695e-17
1.838027805880265	1.3097100004713564	1.1230703455871585e-17
1.838027805880265	1.3524179352693353	4.093670616556134e-20
1.838027805880265	1.4093618483333072	5.7374638526750894e-18
1.902620085395778	0.1350037137062851	46.86104127469098
1.902620085395778	0.15861553314127066	3.297346309748714
1.902620085395778	0.1863570020631088	0.6656290091961272
1.902620085395778	0.21895038606980738	0.26803519067902143
1.902620085395778	0.25724427324648275	0.13252852057146805
1.902620085395778	0.30223566765948884	0.11095305723251207
1.902620085395778	0.35509594694864965	0.055850899312560924
1.902620085395778	0.4172013598389054	0.013838049137888624
1.902620085395778	0.49016885759217677	0.0030253472288859725
1.902620085395778	0.575898192292551	0.000011782000057341105
1.902620085395778	0.6766213780186131	1.1744468747879743e-17
1.902620085395778	0.7949608026538836	7.085089004167508e-19
1.902620085395778	0.9339975033108139	2.6702919786336786e-17
1.902620085395778	1.0973513829595005	1.1135314523862117e-17
1.902620085395778	1.3097100004713564	6.125854880076406e-18
1.902620085395778	1.3524179352693353	2.2329173076638424e-20
1.902620085395778	1.4093618483333072	3.1295342343668018e-18
1.9694822775642238	0.1350037137062851	46.9358197278661
1.9694822775642238	0.15861553314127066	3.3059126218860784
1.9694822775642238	0.1863570020631088	0.6113650125243486
1.9694822775642238	0.21895038606980738	0.22497184884359753
1.9694822775642238	0.25724427324648275	0.12140948905823493
1.9694822775642238	0.30223566765948884	0.11216940151986528
1.9694822775642238	0.35509594694864965	0.027816444154486076
1.9694822775642238	0.4172013598389054	0.013162015939825127
1.9694822775642238	0.49016885759217677	0.0020835505778926747
1.9694822775642238	0.575898192292551	2.6054736730362005e-6
1.9694822775642238	0.6766213780186131	2.1214911488296277e-17
1.9694822775642238	0.7949608026538836	1.566797893461578e-19
1.9694822775642238	0.9339975033108139	3.725912557505067e-17
1.9694822775642238	1.0973513829595005	2.462465514372076e-18
1.9694822775642238	1.3097100004713564	1.3546726817559291e-18
1.9694822775642238	1.3524179352693353	4.937877466131677e-21
1.9694822775642238	1.4093618483333072	6.9206577970123e-19
2.0386941520343993	0.1350037137062851	45.405178311725194
2.0386941520343993	0.15861553314127066	3.280570215628574
2.0386941520343993	0.1863570020631088	0.5671068561858651
2.0386941520343993	0.21895038606980738	0.2107903204342802
2.0386941520343993	0.25724427324648275	0.10866501055332363
2.0386941520343993	0.30223566765948884	0.0923652263563772
2.0386941520343993	0.35509594694864965	0.015912551207215617
2.0386941520343993	0.4172013598389054	0.010294341564957595
2.0386941520343993	0.49016885759217677	0.0012738101964515699
2.0386941520343993	0.575898192292551	1.2624649843088692e-16
2.0386941520343993	0.6766213780186131	2.049326827574118e-17
2.0386941520343993	0.7949608026538836	1.8853829645705783e-20
2.0386941520343993	0.9339975033108139	2.799188044514099e-17
2.0386941520343993	1.0973513829595005	0.
2.0386941520343993	1.3097100004713564	3.1018300259443948e-18
2.0386941520343993	1.3524179352693353	1.2911870240489642e-17
2.0386941520343993	1.4093618483333072	3.907424551716978e-18
2.1103382817333958	0.1350037137062851	43.29365923396568
2.1103382817333958	0.15861553314127066	3.2410950987445855
2.1103382817333958	0.1863570020631088	0.5280403764963403
2.1103382817333958	0.21895038606980738	0.2080259670745851
2.1103382817333958	0.25724427324648275	0.09573732224474427
2.1103382817333958	0.30223566765948884	0.06528854818137458
2.1103382817333958	0.35509594694864965	0.010613967977135296
2.1103382817333958	0.4172013598389054	0.00670007588148707
2.1103382817333958	0.49016885759217677	0.0005458508857666519
2.1103382817333958	0.575898192292551	8.393316585539925e-17
2.1103382817333958	0.6766213780186131	1.5906874729863117e-17
2.1103382817333958	0.7949608026538836	4.411751502856775e-20
2.1103382817333958	0.9339975033108139	1.1530336805748945e-17
2.1103382817333958	1.0973513829595005	0.
2.1103382817333958	1.3097100004713564	7.258208828508897e-18
2.1103382817333958	1.3524179352693353	3.021347068930696e-17
2.1103382817333958	1.4093618483333072	9.143280947307784e-18
2.184500141379871	0.1350037137062851	41.17824778021794
2.184500141379871	0.15861553314127066	3.12493852780062
2.184500141379871	0.1863570020631088	0.48841573603633703
2.184500141379871	0.21895038606980738	0.19897135138527844
2.184500141379871	0.25724427324648275	0.08262647475761968
2.184500141379871	0.30223566765948884	0.04180824986428618
2.184500141379871	0.35509594694864965	0.00718667909300354
2.184500141379871	0.4172013598389054	0.004004866530282659
2.184500141379871	0.49016885759217677	0.0000318782760497924
2.184500141379871	0.575898192292551	5.499008475185163e-17
2.184500141379871	0.6766213780186131	1.1253947164838413e-17
2.184500141379871	0.7949608026538836	5.479928675654113e-20
2.184500141379871	0.9339975033108139	0.
2.184500141379871	1.0973513829595005	4.617663608819759e-18
2.184500141379871	1.3097100004713564	9.020830631983184e-18
2.184500141379871	1.3524179352693353	3.7528782914032426e-17
2.184500141379871	1.4093618483333072	1.135706021072793e-17
2.2612682094592924	0.1350037137062851	38.89095130943196
2.2612682094592924	0.15861553314127066	2.8014523909830085
2.2612682094592924	0.1863570020631088	0.44371800721924876
2.2612682094592924	0.21895038606980738	0.17284571351719336
2.2612682094592924	0.25724427324648275	0.06767736783260883
2.2612682094592924	0.30223566765948884	0.025063645444551166
2.2612682094592924	0.35509594694864965	0.008260560274794791
2.2612682094592924	0.4172013598389054	0.003350908575698316
2.2612682094592924	0.49016885759217677	0.000016732884714624984
2.2612682094592924	0.575898192292551	5.769471942079733e-17
2.2612682094592924	0.6766213780186131	5.907188964660094e-18
2.2612682094592924	0.7949608026538836	2.876410714019303e-20
2.2612682094592924	0.9339975033108139	0.
2.2612682094592924	1.0973513829595005	2.1842382919260158e-17
2.2612682094592924	1.3097100004713564	4.7571384761987295e-18
2.2612682094592924	1.3524179352693353	1.9698831800058454e-17
2.2612682094592924	1.4093618483333072	5.9613129300448016e-18
2.3407340737828117	0.1350037137062851	36.71149855428106
2.3407340737828117	0.15861553314127066	2.496328768718357
2.3407340737828117	0.1863570020631088	0.40149225556268814
2.3407340737828117	0.21895038606980738	0.148264637530112
2.3407340737828117	0.25724427324648275	0.053648048437574924
2.3407340737828117	0.30223566765948884	0.009407784430155232
2.3407340737828117	0.35509594694864965	0.009253243856834301
2.3407340737828117	0.4172013598389054	0.0027367374364315154
2.3407340737828117	0.49016885759217677	2.579097747735016e-6
2.3407340737828117	0.575898192292551	6.015233572320724e-17
2.3407340737828117	0.6766213780186131	9.104955908101135e-19
2.3407340737828117	0.7949608026538836	4.43351192613193e-21
2.3407340737828117	0.9339975033108139	0.
2.3407340737828117	1.0973513829595005	3.789225201420177e-17
2.3407340737828117	1.3097100004713564	7.725466287565815e-19
2.3407340737828117	1.3524179352693353	3.03624949284068e-18
2.3407340737828117	1.4093618483333072	9.188379059340669e-19
2.422992540755707	0.1350037137062851	33.53090709663765
2.422992540755707	0.15861553314127066	2.2193212154550936
2.422992540755707	0.1863570020631088	0.3511618997987988
2.422992540755707	0.21895038606980738	0.12862710103620584
2.422992540755707	0.25724427324648275	0.05406871195419748
2.422992540755707	0.30223566765948884	0.00630535942465331
2.422992540755707	0.35509594694864965	0.006230405328555626
2.422992540755707	0.4172013598389054	0.0017253975823576786
2.422992540755707	0.49016885759217677	2.6289539840499336e-17
2.422992540755707	0.575898192292551	4.62914044530428e-17
2.422992540755707	0.6766213780186131	0.
2.422992540755707	0.7949608026538836	0.
2.422992540755707	0.9339975033108139	2.2051622103340175e-18
2.422992540755707	1.0973513829595005	2.9438684415413726e-17
2.422992540755707	1.3097100004713564	1.8947631715055353e-18
2.422992540755707	1.3524179352693353	0.
2.422992540755707	1.4093618483333072	0.
2.508141748485751	0.1350037137062851	30.273984055224872
2.508141748485751	0.15861553314127066	1.9606505821918767
2.508141748485751	0.1863570020631088	0.3014182899286027
2.508141748485751	0.21895038606980738	0.11093837856172839
2.508141748485751	0.25724427324648275	0.05747201245485897
2.508141748485751	0.30223566765948884	0.006010337788952294
2.508141748485751	0.35509594694864965	0.002510577134239543
2.508141748485751	0.4172013598389054	0.0006811001713970546
2.508141748485751	0.49016885759217677	5.674515884542463e-17
2.508141748485751	0.575898192292551	2.9661117871813243e-17
2.508141748485751	0.6766213780186131	0.
2.508141748485751	0.7949608026538836	0.
2.508141748485751	0.9339975033108139	4.7597744450651726e-18
2.508141748485751	1.0973513829595005	1.6221033643809785e-17
2.508141748485751	1.3097100004713564	4.0359055026486566e-18
2.508141748485751	1.3524179352693353	0.
2.508141748485751	1.4093618483333072	0.
2.596283283866458	0.1350037137062851	26.595386076450122
2.596283283866458	0.15861553314127066	1.6827768801646128
2.596283283866458	0.1863570020631088	0.2513842585621885
2.596283283866458	0.21895038606980738	0.09113728954264755
2.596283283866458	0.25724427324648275	0.052019695579105504
2.596283283866458	0.30223566765948884	0.005496306705864101
2.596283283866458	0.35509594694864965	0.0007465999323998287
2.596283283866458	0.4172013598389054	0.00004429816104066939
2.596283283866458	0.49016885759217677	6.883771786524306e-17
2.596283283866458	0.575898192292551	1.6513777865997555e-17
2.596283283866458	0.6766213780186131	0.
2.596283283866458	0.7949608026538836	0.
2.596283283866458	0.9339975033108139	5.290768096530512e-18
2.596283283866458	1.0973513829595005	8.410222434069257e-18
2.596283283866458	1.3097100004713564	4.473524619887373e-18
2.596283283866458	1.3524179352693353	0.
2.596283283866458	1.4093618483333072	0.
2.6875223037748874	0.1350037137062851	22.11043947216041
2.6875223037748874	0.15861553314127066	1.363687922287648
2.6875223037748874	0.1863570020631088	0.1988842672771407
2.6875223037748874	0.21895038606980738	0.06720273810757854
2.6875223037748874	0.25724427324648275	0.03239860437620018
2.6875223037748874	0.30223566765948884	0.004618482819453526
2.6875223037748874	0.35509594694864965	0.00199069665803468
2.6875223037748874	0.4172013598389054	0.000022247859893210905
2.6875223037748874	0.49016885759217677	5.255126559857906e-17
2.6875223037748874	0.575898192292551	8.29371259749366e-18
2.6875223037748874	0.6766213780186131	0.
2.6875223037748874	0.7949608026538836	0.
2.6875223037748874	0.9339975033108139	2.657181801080378e-18
2.6875223037748874	1.0973513829595005	8.79062610184857e-18
2.6875223037748874	1.3097100004713564	2.246737711759616e-18
2.6875223037748874	1.3524179352693353	0.
2.6875223037748874	1.4093618483333072	0.
2.781967660528599	0.1350037137062851	17.899360536659774
2.781967660528599	0.15861553314127066	1.0643250712921821
2.781967660528599	0.1863570020631088	0.1496592019848283
2.781967660528599	0.21895038606980738	0.04478826101004049
2.781967660528599	0.25724427324648275	0.014049795845992372
2.781967660528599	0.30223566765948884	0.0037939269029178455
2.781967660528599	0.35509594694864965	0.0031494609147060897
2.781967660528599	0.4172013598389054	1.643679902354797e-6
2.781967660528599	0.49016885759217677	3.7291296392280936e-17
2.781967660528599	0.575898192292551	6.127424739469026e-19
2.781967660528599	0.6766213780186131	0.
2.781967660528599	0.7949608026538836	0.
2.781967660528599	0.9339975033108139	1.963135485322588e-19
2.781967660528599	1.0973513829595005	9.135507887868742e-18
2.781967660528599	1.3097100004713564	1.6598979137876292e-19
2.781967660528599	1.3524179352693353	0.
2.781967660528599	1.4093618483333072	0.
2.88781739715429	0.1350037137062851	14.005496242531867
2.88781739715429	0.15861553314127066	0.8483915704247706
2.88781739715429	0.1863570020631088	0.12275809121973291
2.88781739715429	0.21895038606980738	0.034412945219107906
2.88781739715429	0.25724427324648275	0.01001090713512488
2.88781739715429	0.30223566765948884	0.0029801107239181483
2.88781739715429	0.35509594694864965	0.0022362404677128507
2.88781739715429	0.4172013598389054	1.464496370108053e-16
2.88781739715429	0.49016885759217677	3.163195008166796e-17
2.88781739715429	0.575898192292551	5.6098701795915164e-18
2.88781739715429	0.6766213780186131	0.
2.88781739715429	0.7949608026538836	0.
2.88781739715429	0.9339975033108139	2.068093203167166e-20
2.88781739715429	1.0973513829595005	6.4934957284313075e-18
2.88781739715429	1.3097100004713564	1.4374274833761304e-19
2.88781739715429	1.3524179352693353	0.
2.88781739715429	1.4093618483333072	0.
2.981985355757147	0.1350037137062851	10.894152746329004
2.981985355757147	0.15861553314127066	0.6803542985217966
2.981985355757147	0.1863570020631088	0.10263563158291779
2.981985355757147	0.21895038606980738	0.026902976303363225
2.981985355757147	0.25724427324648275	0.007759128630210992
2.981985355757147	0.30223566765948884	0.0023259302352923454
2.981985355757147	0.35509594694864965	0.0013585107219983644
2.981985355757147	0.4172013598389054	1.1319378161876854e-16
2.981985355757147	0.49016885759217677	2.7733534598376132e-17
2.981985355757147	0.575898192292551	1.0488247018801242e-17
2.981985355757147	0.6766213780186131	0.
2.981985355757147	0.7949608026538836	0.
2.981985355757147	0.9339975033108139	3.8665194876756584e-20
2.981985355757147	1.0973513829595005	4.1630109045012254e-18
2.981985355757147	1.3097100004713564	2.6874230658864265e-19
2.981985355757147	1.3524179352693353	0.
2.981985355757147	1.4093618483333072	0.
3.1075426338942904	0.1350037137062851	7.162056319507029
3.1075426338942904	0.15861553314127066	0.4786575354997242
3.1075426338942904	0.1863570020631088	0.07845164133813431
3.1075426338942904	0.21895038606980738	0.01789378816486302
3.1075426338942904	0.25724427324648275	0.005058273858428439
3.1075426338942904	0.30223566765948884	0.001541180871723552
3.1075426338942904	0.35509594694864965	0.00030815886656668755
3.1075426338942904	0.4172013598389054	7.330768654532975e-17
3.1075426338942904	0.49016885759217677	2.303683388252545e-17
3.1075426338942904	0.575898192292551	1.6299789638270995e-17
3.1075426338942904	0.6766213780186131	0.
3.1075426338942904	0.7949608026538836	0.
3.1075426338942904	0.9339975033108139	6.008959759282239e-20
3.1075426338942904	1.0973513829595005	1.3733829279585582e-18
3.1075426338942904	1.3097100004713564	4.176525454107077e-19
3.1075426338942904	1.3524179352693353	0.
3.1075426338942904	1.4093618483333072	0.