0.00001	6.735541478616622	0.
0.00001	7.913571214420454	0.
0.00001	9.297635470662435	0.000010578549838835187
0.00001	10.923769181200335	1.580201877316995e-6
0.00001	12.834309701716062	0.
0.00001	15.078999087882886	5.4999002224853805e-8
0.00001	17.716279159289	0.00008774594645649656
0.00001	20.814813066874784	4.197859150895659e-7
0.00001	24.455272978794557	0.00019013055389757329
0.00001	28.732440428164473	0.000057893442800449786
0.00001	33.75767400649612	0.00010691614261349663
0.00001	39.661808650678005	0.00001845115477859662
0.00001	46.598562008161075	0.00025308941976682873
0.00001	54.74853656708651	0.00011881221479068615
0.00001	64.32392174918738	0.000053786923246118265
0.00001	75.57401838724185	1.282390422709618e-6
0.00001	88.7917294201255	2.779457815495878e-6
0.00001	93.9463419108016	2.1518379713399963e-8
0.00001	97.009809581806	2.751810234933495e-10
0.00001	100.0732772528104	4.501638481154132e-18
0.00001	102.11558903348	0.
0.00003	6.735541478616622	0.
0.00003	7.913571214420454	0.
0.00003	9.297635470662435	0.00003173564951650556
0.00003	10.923769181200335	4.740605631950986e-6
0.00003	12.834309701716062	0.
0.00003	15.078999087882886	1.6499700667456142e-7
0.00003	17.716279159289	0.0002632378393694897
0.00003	20.814813066874784	1.2593577452686976e-6
0.00003	24.455272978794557	0.0005703916616927199
0.00003	28.732440428164473	0.00017368032840134939
0.00003	33.75767400649612	0.0003207484278404899
0.00003	39.661808650678005	0.00005535346433578986
0.00003	46.598562008161075	0.0007592682593004863
0.00003	54.74853656708651	0.00035643664437205844
0.00003	64.32392174918738	0.0001613607697383548
0.00003	75.57401838724185	3.847171268128854e-6
0.00003	88.7917294201255	8.338373446487634e-6
0.00003	93.9463419108016	6.455513914019989e-8
0.00003	97.009809581806	8.255430704800486e-10
0.00003	100.0732772528104	1.3504915443462397e-17
0.00003	102.11558903348	0.
0.00006	6.735541478616622	0.
0.00006	7.913571214420454	0.
0.00006	9.297635470662435	0.00006347129903301112
0.00006	10.923769181200335	9.481211263901971e-6
0.00006	12.834309701716062	0.
0.00006	15.078999087882886	3.2999401334912284e-7
0.00006	17.716279159289	0.0005264756787389794
0.00006	20.814813066874784	2.518715490537395e-6
0.00006	24.455272978794557	0.0011407833233854398
0.00006	28.732440428164473	0.00034736065680269877
0.00006	33.75767400649612	0.0006414968556809798
0.00006	39.661808650678005	0.00011070692867157972
0.00006	46.598562008161075	0.0015185365186009725
0.00006	54.74853656708651	0.0007128732887441169
0.00006	64.32392174918738	0.0003227215394767096
0.00006	75.57401838724185	7.694342536257708e-6
0.00006	88.7917294201255	0.000016676746892975267
0.00006	93.9463419108016	1.2911027828039977e-7
0.00006	97.009809581806	1.6510861409600973e-9
0.00006	100.0732772528104	2.7009830886924793e-17
0.00006	102.11558903348	0.
0.0001	6.735541478616622	0.
0.0001	7.913571214420454	0.
0.0001	9.297635470662435	0.00010578549838835187
0.0001	10.923769181200335	0.00001580201877316995
0.0001	12.834309701716062	0.
0.0001	15.078999087882886	5.49990022248538e-7
0.0001	17.716279159289	0.0008774594645649656
0.0001	20.814813066874784	4.197859150895659e-6
0.0001	24.455272978794557	0.0019013055389757328
0.0001	28.732440428164473	0.0005789344280044979
0.0001	33.75767400649612	0.0010691614261349664
0.0001	39.661808650678005	0.0001845115477859662
0.0001	46.598562008161075	0.0025308941976682872
0.0001	54.74853656708651	0.0011881221479068615
0.0001	64.32392174918738	0.0005378692324611826
0.0001	75.57401838724185	0.00001282390422709618
0.0001	88.7917294201255	0.00002779457815495878
0.0001	93.9463419108016	2.1518379713399961e-7
0.0001	97.009809581806	2.7518102349334952e-9
0.0001	100.0732772528104	4.501638481154132e-17
0.0001	102.11558903348	0.
0.0003	6.735541478616622	0.
0.0003	7.913571214420454	0.
0.0003	9.297635470662435	0.0003173564951650556
0.0003	10.923769181200335	0.000047406056319509847
0.0003	12.834309701716062	0.
0.0003	15.078999087882886	1.649970066745614e-6
0.0003	17.716279159289	0.0026323783936948964
0.0003	20.814813066874784	0.000012593577452686975
0.0003	24.455272978794557	0.005703916616927198
0.0003	28.732440428164473	0.0017368032840134936
0.0003	33.75767400649612	0.0032074842784048986
0.0003	39.661808650678005	0.0005535346433578985
0.0003	46.598562008161075	0.007592682593004861
0.0003	54.74853656708651	0.003564366443720584
0.0003	64.32392174918738	0.0016136076973835478
0.0003	75.57401838724185	0.000038471712681288534
0.0003	88.7917294201255	0.00008338373446487633
0.0003	93.9463419108016	6.455513914019988e-7
0.0003	97.009809581806	8.255430704800485e-9
0.0003	100.0732772528104	1.3504915443462396e-16
0.0003	102.11558903348	0.
0.0006	6.735541478616622	7.771101789011143e-17
0.0006	7.913571214420454	0.
0.0006	9.297635470662435	0.0008804356727184011
0.0006	10.923769181200335	0.00013151765829287322
0.0006	12.834309701716062	0.
0.0006	15.078999087882886	7.753430047313021e-7
0.0006	17.716279159289	0.001236989819023618
0.0006	20.814813066874784	0.00947741630087247
0.0006	24.455272978794557	0.003722558450402542
0.0006	28.732440428164473	0.006063560289921383
0.0006	33.75767400649612	0.010485182138146247
0.0006	39.661808650678005	0.0037338399933265205
0.0006	46.598562008161075	0.005042738068628269
0.0006	54.74853656708651	0.006798648554800098
0.0006	64.32392174918738	0.004288331281842922
0.0006	75.57401838724185	0.00011047609762469093
0.0006	88.7917294201255	0.0013306709609567436
0.0006	93.9463419108016	0.000010935404811998065
0.0006	97.009809581806	1.4009342610723855e-7
0.0006	100.0732772528104	1.9096476876754582e-16
0.0006	102.11558903348	0.
0.001	6.735541478616622	1.1377987706993322e-15
0.001	7.913571214420454	2.361575278372007e-16
0.001	9.297635470662435	0.0006831281636430394
0.001	10.923769181200335	0.00012496951722486103
0.001	12.834309701716062	3.871223017210517e-6
0.001	15.078999087882886	0.000021753483077373052
0.001	17.716279159289	0.006102217984790187
0.001	20.814813066874784	0.008163217302426968
0.001	24.455272978794557	0.020983673701101473
0.001	28.732440428164473	0.012102501473507466
0.001	33.75767400649612	0.02030610933846112
0.001	39.661808650678005	0.021697318296536212
0.001	46.598562008161075	0.0242808466393588
0.001	54.74853656708651	0.01584059140634635
0.001	64.32392174918738	0.0028347936083809393
0.001	75.57401838724185	0.0015013295290460763
0.001	88.7917294201255	2.363759328191242e-6
0.001	93.9463419108016	1.0885291533648799e-10
0.001	97.009809581806	4.939506713083148e-14
0.001	100.0732772528104	1.1436946689206626e-16
0.001	102.11558903348	0.
0.002	6.735541478616622	0.
0.002	7.913571214420454	3.908890147382525e-16
0.002	9.297635470662435	0.00039156043281680133
0.002	10.923769181200335	0.003833434142007316
0.002	12.834309701716062	0.0063972122919276
0.002	15.078999087882886	0.011977993293826174
0.002	17.716279159289	0.011846489380758224
0.002	20.814813066874784	0.014290978918153547
0.002	24.455272978794557	0.026283974182186073
0.002	28.732440428164473	0.020946787447199595
0.002	33.75767400649612	0.024298807710909285
0.002	39.661808650678005	0.03459461408095451
0.002	46.598562008161075	0.03392134733879175
0.002	54.74853656708651	0.02456821681016697
0.002	64.32392174918738	0.011052009694211311
0.002	75.57401838724185	0.006930639675248676
0.002	88.7917294201255	0.0009276416814466901
0.002	93.9463419108016	0.000024029458378825073
0.002	97.009809581806	5.807192724903539e-7
0.002	100.0732772528104	8.050542106131741e-9
0.002	102.11558903348	0.
0.004	6.735541478616622	0.
0.004	7.913571214420454	4.117717229761466e-6
0.004	9.297635470662435	0.001970089286842784
0.004	10.923769181200335	0.0038133056204352847
0.004	12.834309701716062	0.014243968629516638
0.004	15.078999087882886	0.03484626402675782
0.004	17.716279159289	0.019414397939624656
0.004	20.814813066874784	0.027520531881376733
0.004	24.455272978794557	0.046345364447405925
0.004	28.732440428164473	0.04606829208183502
0.004	33.75767400649612	0.04087764679000407
0.004	39.661808650678005	0.05796945111466292
0.004	46.598562008161075	0.053922001537611744
0.004	54.74853656708651	0.04050787830451772
0.004	64.32392174918738	0.01754066729101271
0.004	75.57401838724185	0.005643132508824531
0.004	88.7917294201255	0.0008571857610430013
0.004	93.9463419108016	0.0004774503710242433
0.004	97.009809581806	0.0002586421007970577
0.004	100.0732772528104	0.00013197538916183253
0.004	102.11558903348	0.00007247880117501598
0.006	6.735541478616622	0.
0.006	7.913571214420454	4.862052491499438e-7
0.006	9.297635470662435	0.004288835165231334
0.006	10.923769181200335	0.0059627573737659955
0.006	12.834309701716062	0.02534939238018827
0.006	15.078999087882886	0.028762198506033718
0.006	17.716279159289	0.05467660974121257
0.006	20.814813066874784	0.050216261927772544
0.006	24.455272978794557	0.056239608022975916
0.006	28.732440428164473	0.07567671874167242
0.006	33.75767400649612	0.08626193842343464
0.006	39.661808650678005	0.10359888255138991
0.006	46.598562008161075	0.08739142986143937
0.006	54.74853656708651	0.06601360911048121
0.006	64.32392174918738	0.035874003727952235
0.006	75.57401838724185	0.01097669469381284
0.006	88.7917294201255	0.0011840630664489
0.006	93.9463419108016	0.0006204236336514963
0.006	97.009809581806	0.0003451971593565406
0.006	100.0732772528104	0.00036883739220795026
0.006	102.11558903348	0.00045940948844396814
0.008	6.735541478616622	0.
0.008	7.913571214420454	0.00002461693640115747
0.008	9.297635470662435	0.004423963869230392
0.008	10.923769181200335	0.009720974717076416
0.008	12.834309701716062	0.03509877984304056
0.008	15.078999087882886	0.0446434832704327
0.008	17.716279159289	0.06563812499434796
0.008	20.814813066874784	0.08312529422077897
0.008	24.455272978794557	0.07651846195404033
0.008	28.732440428164473	0.10178730530395645
0.008	33.75767400649612	0.10991744451437385
0.008	39.661808650678005	0.1277652620243003
0.008	46.598562008161075	0.11599033861036116
0.008	54.74853656708651	0.0891636133377528
0.008	64.32392174918738	0.04190206723303005
0.008	75.57401838724185	0.013487928524335476
0.008	88.7917294201255	0.0020677010096540878
0.008	93.9463419108016	0.00046225647442073
0.008	97.009809581806	0.00009796378015640832
0.008	100.0732772528104	0.000019107719431854
0.008	102.11558903348	6.199456894691892e-6
0.01	6.735541478616622	0.
0.01	7.913571214420454	0.00038790347829518394
0.01	9.297635470662435	0.005204119028593404
0.01	10.923769181200335	0.021109982593905917
0.01	12.834309701716062	0.03315216165722499
0.01	15.078999087882886	0.04683834908905459
0.01	17.716279159289	0.0748942110530925
0.01	20.814813066874784	0.09495174392845833
0.01	24.455272978794557	0.10542698174620274
0.01	28.732440428164473	0.11937826870441438
0.01	33.75767400649612	0.13734498520190835
0.01	39.661808650678005	0.15493030399743143
0.01	46.598562008161075	0.13704276783207645
0.01	54.74853656708651	0.09557408013779915
0.01	64.32392174918738	0.04892784900743316
0.01	75.57401838724185	0.014447788680568872
0.01	88.7917294201255	0.002152010751851505
0.01	93.9463419108016	0.0007514139458174697
0.01	97.009809581806	0.00034166760744329877
0.01	100.0732772528104	0.000100510353996845
0.01	102.11558903348	0.00003108620251924753
0.011748975549395297	6.735541478616622	3.958189165517625e-7
0.011748975549395297	7.913571214420454	8.110724787632274e-6
0.011748975549395297	9.297635470662435	0.002896770945052442
0.011748975549395297	10.923769181200335	0.02347182844888034
0.011748975549395297	12.834309701716062	0.05205099246686862
0.011748975549395297	15.078999087882886	0.05839491840453307
0.011748975549395297	17.716279159289	0.08190242757820054
0.011748975549395297	20.814813066874784	0.1038233021238636
0.011748975549395297	24.455272978794557	0.1315257486221428
0.011748975549395297	28.732440428164473	0.13408404608575653
0.011748975549395297	33.75767400649612	0.16236697856619464
0.011748975549395297	39.661808650678005	0.17205736254135534
0.011748975549395297	46.598562008161075	0.17042277831205918
0.011748975549395297	54.74853656708651	0.11981734201631217
0.011748975549395297	64.32392174918738	0.05770071993017904
0.011748975549395297	75.57401838724185	0.01712562692082859
0.011748975549395297	88.7917294201255	0.00314527137958697
0.011748975549395297	93.9463419108016	0.0007175215172604468
0.011748975549395297	97.009809581806	0.0003396226698350032
0.011748975549395297	100.0732772528104	0.00015631805711280907
0.011748975549395297	102.11558903348	0.0000772532596248735
0.013803842646028852	6.735541478616622	0.000038415018552710526
0.013803842646028852	7.913571214420454	0.0001927687359727155
0.013803842646028852	9.297635470662435	0.004938466019202811
0.013803842646028852	10.923769181200335	0.02136442471167128
0.013803842646028852	12.834309701716062	0.04526644863649556
0.013803842646028852	15.078999087882886	0.07351471852940329
0.013803842646028852	17.716279159289	0.09633306959934902
0.013803842646028852	20.814813066874784	0.11839223213423443
0.013803842646028852	24.455272978794557	0.145355734367857
0.013803842646028852	28.732440428164473	0.15800566181096698
0.013803842646028852	33.75767400649612	0.19879283418207652
0.013803842646028852	39.661808650678005	0.2014677213471287
0.013803842646028852	46.598562008161075	0.19167680204329723
0.013803842646028852	54.74853656708651	0.1360915418531917
0.013803842646028852	64.32392174918738	0.07369175316705691
0.013803842646028852	75.57401838724185	0.020156932825966162
0.013803842646028852	88.7917294201255	0.0037010414377922534
0.013803842646028852	93.9463419108016	0.001134814598003149
0.013803842646028852	97.009809581806	0.00048427777622714075
0.013803842646028852	100.0732772528104	0.00020536537943611444
0.013803842646028852	102.11558903348	0.00012191705841346389
0.0162181009735893	6.735541478616622	0.000018816347551535648
0.0162181009735893	7.913571214420454	0.00237316884014007
0.0162181009735893	9.297635470662435	0.005879710668028806
0.0162181009735893	10.923769181200335	0.023625665783710746
0.0162181009735893	12.834309701716062	0.05683119627983967
0.0162181009735893	15.078999087882886	0.0881642121154864
0.0162181009735893	17.716279159289	0.11352528277541675
0.0162181009735893	20.814813066874784	0.14080309245831488
0.0162181009735893	24.455272978794557	0.16744697637384492
0.0162181009735893	28.732440428164473	0.19513543677172274
0.0162181009735893	33.75767400649612	0.2276509432702499
0.0162181009735893	39.661808650678005	0.24325575077827286
0.0162181009735893	46.598562008161075	0.22089646295376333
0.0162181009735893	54.74853656708651	0.1603431356098991
0.0162181009735893	64.32392174918738	0.08619797213152196
0.0162181009735893	75.57401838724185	0.025544003306511888
0.0162181009735893	88.7917294201255	0.0037522134112816996
0.0162181009735893	93.9463419108016	0.000985152574548788
0.0162181009735893	97.009809581806	0.0003759758093049373
0.0162181009735893	100.0732772528104	0.0002525092251134107
0.0162181009735893	102.11558903348	0.00024096507375229056
0.019054607179632473	6.735541478616622	2.949293981304332e-7
0.019054607179632473	7.913571214420454	0.0027467745407855773
0.019054607179632473	9.297635470662435	0.007850246078578055
0.019054607179632473	10.923769181200335	0.026337231418864293
0.019054607179632473	12.834309701716062	0.059850264615650316
0.019054607179632473	15.078999087882886	0.10923439403846694
0.019054607179632473	17.716279159289	0.1362771771308093
0.019054607179632473	20.814813066874784	0.15518654514706345
0.019054607179632473	24.455272978794557	0.20084461600532882
0.019054607179632473	28.732440428164473	0.2279854407869146
0.019054607179632473	33.75767400649612	0.25225935887272827
0.019054607179632473	39.661808650678005	0.28483915152929
0.019054607179632473	46.598562008161075	0.263441354452579
0.019054607179632473	54.74853656708651	0.18366647566400002
0.019054607179632473	64.32392174918738	0.08108183039837868
0.019054607179632473	75.57401838724185	0.026880852470708313
0.019054607179632473	88.7917294201255	0.0035843088773699714
0.019054607179632473	93.9463419108016	0.0016758906918163837
0.019054607179632473	97.009809581806	0.0008082225722399111
0.019054607179632473	100.0732772528104	0.00030429866627359044
0.019054607179632473	102.11558903348	0.00016355894557151324
0.0223872113856834	6.735541478616622	4.965174559224379e-7
0.0223872113856834	7.913571214420454	0.0011125746900531998
0.0223872113856834	9.297635470662435	0.0113826756973445
0.0223872113856834	10.923769181200335	0.035666738720671734
0.0223872113856834	12.834309701716062	0.0762440708310759
0.0223872113856834	15.078999087882886	0.12705334292411147
0.0223872113856834	17.716279159289	0.1660228237416671
0.0223872113856834	20.814813066874784	0.18054609618891002
0.0223872113856834	24.455272978794557	0.23137711069852632
0.0223872113856834	28.732440428164473	0.2637259279000274
0.0223872113856834	33.75767400649612	0.2866297513206511
0.0223872113856834	39.661808650678005	0.31170650297809965
0.0223872113856834	46.598562008161075	0.2978544976408034
0.0223872113856834	54.74853656708651	0.1884263342378671
0.0223872113856834	64.32392174918738	0.08075937851755953
0.0223872113856834	75.57401838724185	0.02282246417530419
0.0223872113856834	88.7917294201255	0.0037659695671316577
0.0223872113856834	93.9463419108016	0.0016677098249891168
0.0223872113856834	97.009809581806	0.0007331983919034635
0.0223872113856834	100.0732772528104	0.0002585691745589449
0.0223872113856834	102.11558903348	0.00012050617572380415
0.026302679918953815	6.735541478616622	5.534819791180432e-6
0.026302679918953815	7.913571214420454	0.00216040701494822
0.026302679918953815	9.297635470662435	0.014145179114735533
0.026302679918953815	10.923769181200335	0.04654220639179672
0.026302679918953815	12.834309701716062	0.08028869552974723
0.026302679918953815	15.078999087882886	0.13360463021070043
0.026302679918953815	17.716279159289	0.19080409247231517
0.026302679918953815	20.814813066874784	0.21829445474710013
0.026302679918953815	24.455272978794557	0.24947869220104354
0.026302679918953815	28.732440428164473	0.29484875473424194
0.026302679918953815	33.75767400649612	0.3368979732735403
0.026302679918953815	39.661808650678005	0.3402500591608165
0.026302679918953815	46.598562008161075	0.30849449012240954
0.026302679918953815	54.74853656708651	0.1929154490549268
0.026302679918953815	64.32392174918738	0.08079402216499959
0.026302679918953815	75.57401838724185	0.019362032810623916
0.026302679918953815	88.7917294201255	0.0020140798285006273
0.026302679918953815	93.9463419108016	0.0008262187953033822
0.026302679918953815	97.009809581806	0.0004187367462536369
0.026302679918953815	100.0732772528104	0.0002103523343688433
0.026302679918953815	102.11558903348	0.00016778305840880103
0.030902954325135904	6.735541478616622	0.000013670235035151895
0.030902954325135904	7.913571214420454	0.002362062620550402
0.030902954325135904	9.297635470662435	0.02084344028012004
0.030902954325135904	10.923769181200335	0.05823295046579218
0.030902954325135904	12.834309701716062	0.11322265282422815
0.030902954325135904	15.078999087882886	0.1654917322948486
0.030902954325135904	17.716279159289	0.23078157219516968
0.030902954325135904	20.814813066874784	0.2539949921152537
0.030902954325135904	24.455272978794557	0.2913661217391095
0.030902954325135904	28.732440428164473	0.33150405351819096
0.030902954325135904	33.75767400649612	0.37722259710287853
0.030902954325135904	39.661808650678005	0.3651227742814938
0.030902954325135904	46.598562008161075	0.30668321384481123
0.030902954325135904	54.74853656708651	0.18183047499162347
0.030902954325135904	64.32392174918738	0.06886221139565323
0.030902954325135904	75.57401838724185	0.01562326663962781
0.030902954325135904	88.7917294201255	0.0008200718739115089
0.030902954325135904	93.9463419108016	0.000170190821700107
0.030902954325135904	97.009809581806	0.00013626141908362443
0.030902954325135904	100.0732772528104	0.00009605504944654728
0.030902954325135904	102.11558903348	0.00007509687187364601
0.03630780547701014	6.735541478616622	0.0011258404099316807
0.03630780547701014	7.913571214420454	0.0027269360992746104
0.03630780547701014	9.297635470662435	0.02365428419190313
0.03630780547701014	10.923769181200335	0.058916549055926554
0.03630780547701014	12.834309701716062	0.1296328877150483
0.03630780547701014	15.078999087882886	0.19778748539999944
0.03630780547701014	17.716279159289	0.24790371500962474
0.03630780547701014	20.814813066874784	0.2940476989367082
0.03630780547701014	24.455272978794557	0.33260878408706057
0.03630780547701014	28.732440428164473	0.37169973528556394
0.03630780547701014	33.75767400649612	0.39183883438782424
0.03630780547701014	39.661808650678005	0.3597048536041243
0.03630780547701014	46.598562008161075	0.2756357782589599
0.03630780547701014	54.74853656708651	0.14857392793343627
0.03630780547701014	64.32392174918738	0.05051002136251959
0.03630780547701014	75.57401838724185	0.008963746486938219
0.03630780547701014	88.7917294201255	0.0005464300200034479
0.03630780547701014	93.9463419108016	0.00008067949727464546
0.03630780547701014	97.009809581806	0.000036532599538970426
0.03630780547701014	100.0732772528104	0.00002011401056105732
0.03630780547701014	102.11558903348	0.00001269848465736238
0.04265795188015928	6.735541478616622	0.0006518524999857437
0.04265795188015928	7.913571214420454	0.0030795990856425115
0.04265795188015928	9.297635470662435	0.018594800175892292
0.04265795188015928	10.923769181200335	0.0668320409365328
0.04265795188015928	12.834309701716062	0.13853108896403762
0.04265795188015928	15.078999087882886	0.2161549833206442
0.04265795188015928	17.716279159289	0.2900202115360668
0.04265795188015928	20.814813066874784	0.31670768496691293
0.04265795188015928	24.455272978794557	0.3685503433391334
0.04265795188015928	28.732440428164473	0.39133218088531757
0.04265795188015928	33.75767400649612	0.38296781325917345
0.04265795188015928	39.661808650678005	0.32659374534697305
0.04265795188015928	46.598562008161075	0.2256131501796015
0.04265795188015928	54.74853656708651	0.1005527095542178
0.04265795188015928	64.32392174918738	0.028038263486929636
0.04265795188015928	75.57401838724185	0.003755126168140114
0.04265795188015928	88.7917294201255	0.00013881937502799958
0.04265795188015928	93.9463419108016	0.000014084063929096006
0.04265795188015928	97.009809581806	1.1409007765577947e-6
0.04265795188015928	100.0732772528104	7.668611063356543e-8
0.04265795188015928	102.11558903348	1.3410994730588881e-8
0.05011872336272725	6.735541478616622	0.001130505047722918
0.05011872336272725	7.913571214420454	0.002973541700466416
0.05011872336272725	9.297635470662435	0.02449578975041519
0.05011872336272725	10.923769181200335	0.08033385589156004
0.05011872336272725	12.834309701716062	0.15319319396269598
0.05011872336272725	15.078999087882886	0.2441035301108806
0.05011872336272725	17.716279159289	0.31580086310659833
0.05011872336272725	20.814813066874784	0.3739351360484131
0.05011872336272725	24.455272978794557	0.3929846256762245
0.05011872336272725	28.732440428164473	0.397407898808303
0.05011872336272725	33.75767400649612	0.34988119378319454
0.05011872336272725	39.661808650678005	0.2657793046678535
0.05011872336272725	46.598562008161075	0.1493098696824999
0.05011872336272725	54.74853656708651	0.056951949094210544
0.05011872336272725	64.32392174918738	0.01244719617011053
0.05011872336272725	75.57401838724185	0.000982955748759978
0.05011872336272725	88.7917294201255	0.00002373470494218958
0.05011872336272725	93.9463419108016	3.2946124495002056e-7
0.05011872336272725	97.009809581806	1.2425396976191794e-8
0.05011872336272725	100.0732772528104	4.357983036426299e-10
0.05011872336272725	102.11558903348	1.4454331407778498e-11
0.0588843655355589	6.735541478616622	0.00005967655593927124
0.0588843655355589	7.913571214420454	0.00370938520363304
0.0588843655355589	9.297635470662435	0.022249598533986552
0.0588843655355589	10.923769181200335	0.08398712441094149
0.0588843655355589	12.834309701716062	0.16793649075140815
0.0588843655355589	15.078999087882886	0.28655361561930465
0.0588843655355589	17.716279159289	0.35261479856284517
0.0588843655355589	20.814813066874784	0.3924607839136816
0.0588843655355589	24.455272978794557	0.3838570109104201
0.0588843655355589	28.732440428164473	0.36264394792673765
0.0588843655355589	33.75767400649612	0.27318122240188214
0.0588843655355589	39.661808650678005	0.17806288506725315
0.0588843655355589	46.598562008161075	0.08023049031888964
0.0588843655355589	54.74853656708651	0.021794977212439143
0.0588843655355589	64.32392174918738	0.003102800706362194
0.0588843655355589	75.57401838724185	0.00018585912503631233
0.0588843655355589	88.7917294201255	6.533971708131333e-7
0.0588843655355589	93.9463419108016	4.277150763728951e-9
0.0588843655355589	97.009809581806	5.4563039544104854e-11
0.0588843655355589	100.0732772528104	4.512800620014143e-15
0.0588843655355589	102.11558903348	0.
0.06918309709189366	6.735541478616622	0.000020303144372892807
0.06918309709189366	7.913571214420454	0.004675561606673919
0.06918309709189366	9.297635470662435	0.02533598874974754
0.06918309709189366	10.923769181200335	0.08651378240242777
0.06918309709189366	12.834309701716062	0.18753641333558885
0.06918309709189366	15.078999087882886	0.2993307747747202
0.06918309709189366	17.716279159289	0.3623025162388049
0.06918309709189366	20.814813066874784	0.3807540032991965
0.06918309709189366	24.455272978794557	0.3370665348400875
0.06918309709189366	28.732440428164473	0.28524069475163727
0.06918309709189366	33.75767400649612	0.1822785132387412
0.06918309709189366	39.661808650678005	0.09438380853121972
0.06918309709189366	46.598562008161075	0.032575587963264804
0.06918309709189366	54.74853656708651	0.005902421752785489
0.06918309709189366	64.32392174918738	0.0005034915993330819
0.06918309709189366	75.57401838724185	4.314232323050936e-6
0.06918309709189366	88.7917294201255	3.27345280159557e-10
0.06918309709189366	93.9463419108016	7.501371523560566e-14
0.06918309709189366	97.009809581806	0.
0.06918309709189366	100.0732772528104	0.
0.06918309709189366	102.11558903348	0.
0.08128305161640995	6.735541478616622	0.000025048236250358437
0.08128305161640995	7.913571214420454	0.005666807735388864
0.08128305161640995	9.297635470662435	0.029248195508203845
0.08128305161640995	10.923769181200335	0.08323824542539594
0.08128305161640995	12.834309701716062	0.18841861246895147
0.08128305161640995	15.078999087882886	0.2926381288575159
0.08128305161640995	17.716279159289	0.35136792177051535
0.08128305161640995	20.814813066874784	0.3307943636703979
0.08128305161640995	24.455272978794557	0.27423074425103044
0.08128305161640995	28.732440428164473	0.19134571828642982
0.08128305161640995	33.75767400649612	0.09491339947529116
0.08128305161640995	39.661808650678005	0.03568483991080279
0.08128305161640995	46.598562008161075	0.008358064945467456
0.08128305161640995	54.74853656708651	0.000911718687153704
0.08128305161640995	64.32392174918738	0.00003845384320317533
0.08128305161640995	75.57401838724185	1.7148379034245774e-9
0.08128305161640995	88.7917294201255	0.
0.08128305161640995	93.9463419108016	0.
0.08128305161640995	97.009809581806	0.
0.08128305161640995	100.0732772528104	0.
0.08128305161640995	102.11558903348	0.
0.09549925860214359	6.735541478616622	0.00003580012641661617
0.09549925860214359	7.913571214420454	0.0040558998235535985
0.09549925860214359	9.297635470662435	0.02529506102742223
0.09549925860214359	10.923769181200335	0.08412248011325334
0.09549925860214359	12.834309701716062	0.17652941695189595
0.09549925860214359	15.078999087882886	0.26453701292636855
0.09549925860214359	17.716279159289	0.29069583891123335
0.09549925860214359	20.814813066874784	0.2562293604432978
0.09549925860214359	24.455272978794557	0.17384497046439137
0.09549925860214359	28.732440428164473	0.09732733480524478
0.09549925860214359	33.75767400649612	0.03758720987679016
0.09549925860214359	39.661808650678005	0.008406849870821596
0.09549925860214359	46.598562008161075	0.0015408719316119604
0.09549925860214359	54.74853656708651	0.00011841045687782896
0.09549925860214359	64.32392174918738	1.6517459801385097e-7
0.09549925860214359	75.57401838724185	0.
0.09549925860214359	88.7917294201255	0.
0.09549925860214359	93.9463419108016	0.
0.09549925860214359	97.009809581806	0.
0.09549925860214359	100.0732772528104	0.
0.09549925860214359	102.11558903348	0.
0.11220184543019636	6.735541478616622	0.00004535588182001829
0.11220184543019636	7.913571214420454	0.00514867381190993
0.11220184543019636	9.297635470662435	0.023238254237378003
0.11220184543019636	10.923769181200335	0.0679930190756135
0.11220184543019636	12.834309701716062	0.14674880793635983
0.11220184543019636	15.078999087882886	0.20965688590321638
0.11220184543019636	17.716279159289	0.20972394029090416
0.11220184543019636	20.814813066874784	0.15719768244200413
0.11220184543019636	24.455272978794557	0.08922995913563515
0.11220184543019636	28.732440428164473	0.03459847431373155
0.11220184543019636	33.75767400649612	0.008525992745932447
0.11220184543019636	39.661808650678005	0.0010417249598018963
0.11220184543019636	46.598562008161075	0.00012779656060136945
0.11220184543019636	54.74853656708651	2.971792066374222e-6
0.11220184543019636	64.32392174918738	3.29958692389303e-12
0.11220184543019636	75.57401838724185	0.
0.11220184543019636	88.7917294201255	0.
0.11220184543019636	93.9463419108016	0.
0.11220184543019636	97.009809581806	0.
0.11220184543019636	100.0732772528104	0.
0.11220184543019636	102.11558903348	0.
0.13182567385564073	6.735541478616622	0.00008944962775230297
0.13182567385564073	7.913571214420454	0.00434312067537503
0.13182567385564073	9.297635470662435	0.014890398894269859
0.13182567385564073	10.923769181200335	0.05354965623381332
0.13182567385564073	12.834309701716062	0.09863000534931304
0.13182567385564073	15.078999087882886	0.12902967394203246
0.13182567385564073	17.716279159289	0.11032291181765543
0.13182567385564073	20.814813066874784	0.06685095517479636
0.13182567385564073	24.455272978794557	0.02952208166911349
0.13182567385564073	28.732440428164473	0.007748234520675359
0.13182567385564073	33.75767400649612	0.0009894627819231733
0.13182567385564073	39.661808650678005	0.00007736293837292684
0.13182567385564073	46.598562008161075	2.447155157222761e-6
0.13182567385564073	54.74853656708651	9.968311290398871e-10
0.13182567385564073	64.32392174918738	1.3180704597089102e-15
0.13182567385564073	75.57401838724185	0.
0.13182567385564073	88.7917294201255	0.
0.13182567385564073	93.9463419108016	0.
0.13182567385564073	97.009809581806	0.
0.13182567385564073	100.0732772528104	0.
0.13182567385564073	102.11558903348	0.
0.1548816618912482	6.735541478616622	8.279742191412888e-6
0.1548816618912482	7.913571214420454	0.001930938703418592
0.1548816618912482	9.297635470662435	0.010240824072036879
0.1548816618912482	10.923769181200335	0.03088254155295872
0.1548816618912482	12.834309701716062	0.0543860534615205
0.1548816618912482	15.078999087882886	0.05689559229984481
0.1548816618912482	17.716279159289	0.0404319427415576
0.1548816618912482	20.814813066874784	0.018223307026585565
0.1548816618912482	24.455272978794557	0.005057082187897679
0.1548816618912482	28.732440428164473	0.0006032218965858659
0.1548816618912482	33.75767400649612	0.00007535270007769546
0.1548816618912482	39.661808650678005	2.2796023348578947e-7
0.1548816618912482	46.598562008161075	3.6816036233419895e-10
0.1548816618912482	54.74853656708651	0.
0.1548816618912482	64.32392174918738	0.
0.1548816618912482	75.57401838724185	0.
0.1548816618912482	88.7917294201255	0.
0.1548816618912482	93.9463419108016	0.
0.1548816618912482	97.009809581806	0.
0.1548816618912482	100.0732772528104	0.
0.1548816618912482	102.11558903348	0.
0.18197008586099844	6.735541478616622	2.390967589762009e-7
0.18197008586099844	7.913571214420454	0.0007537294067859587
0.18197008586099844	9.297635470662435	0.005119859683043315
0.18197008586099844	10.923769181200335	0.012140486690478985
0.18197008586099844	12.834309701716062	0.018401988028164784
0.18197008586099844	15.078999087882886	0.016557092673102684
0.18197008586099844	17.716279159289	0.008143862031004914
0.18197008586099844	20.814813066874784	0.0019034177064120167
0.18197008586099844	24.455272978794557	0.00032602266394633544
0.18197008586099844	28.732440428164473	8.014846273808119e-6
0.18197008586099844	33.75767400649612	4.237312451136472e-7
0.18197008586099844	39.661808650678005	1.7033642383173545e-14
0.18197008586099844	46.598562008161075	0.
0.18197008586099844	54.74853656708651	3.365371284977706e-20
0.18197008586099844	64.32392174918738	0.
0.18197008586099844	75.57401838724185	4.653687261449479e-21
0.18197008586099844	88.7917294201255	0.
0.18197008586099844	93.9463419108016	0.
0.18197008586099844	97.009809581806	0.
0.18197008586099844	100.0732772528104	0.
0.18197008586099844	102.11558903348	0.
0.21379620895022325	6.735541478616622	1.559875589347746e-9
0.21379620895022325	7.913571214420454	0.00028101415173651935
0.21379620895022325	9.297635470662435	0.0017911743061029993
0.21379620895022325	10.923769181200335	0.004163572624421713
0.21379620895022325	12.834309701716062	0.0040971822752994096
0.21379620895022325	15.078999087882886	0.002432370928139095
0.21379620895022325	17.716279159289	0.0007370610554035036
0.21379620895022325	20.814813066874784	0.00006273128497366906
0.21379620895022325	24.455272978794557	3.399152988444796e-6
0.21379620895022325	28.732440428164473	2.6572939715975978e-9
0.21379620895022325	33.75767400649612	2.2134416118897163e-15
0.21379620895022325	39.661808650678005	0.
0.21379620895022325	46.598562008161075	0.
0.21379620895022325	54.74853656708651	0.
0.21379620895022325	64.32392174918738	0.
0.21379620895022325	75.57401838724185	0.
0.21379620895022325	88.7917294201255	0.
0.21379620895022325	93.9463419108016	0.
0.21379620895022325	97.009809581806	0.
0.21379620895022325	100.0732772528104	0.
0.21379620895022325	102.11558903348	0.
0.22517564091739103	6.735541478616622	2.4690185445808186e-10
0.22517564091739103	7.913571214420454	0.00014730375750462264
0.22517564091739103	9.297635470662435	0.0010389225693037967
0.22517564091739103	10.923769181200335	0.002722493474067171
0.22517564091739103	12.834309701716062	0.002077243307077962
0.22517564091739103	15.078999087882886	0.0010461359744512496
0.22517564091739103	17.716279159289	0.00025825826586156045
0.22517564091739103	20.814813066874784	0.000014935918425442943
0.22517564091739103	24.455272978794557	4.825205749076127e-7
0.22517564091739103	28.732440428164473	1.2411936326023731e-11
0.22517564091739103	33.75767400649612	2.481433445955083e-19
0.22517564091739103	39.661808650678005	0.
0.22517564091739103	46.598562008161075	0.
0.22517564091739103	54.74853656708651	0.
0.22517564091739103	64.32392174918738	0.
0.22517564091739103	75.57401838724185	0.
0.22517564091739103	88.7917294201255	0.
0.22517564091739103	93.9463419108016	0.
0.22517564091739103	97.009809581806	0.
0.22517564091739103	100.0732772528104	0.
0.22517564091739103	102.11558903348	0.
0.23251832486034943	6.735541478616622	6.087909692734238e-11
0.23251832486034943	7.913571214420454	0.00009206466104748574
0.23251832486034943	9.297635470662435	0.0007809849200456671
0.23251832486034943	10.923769181200335	0.002177610272948241
0.23251832486034943	12.834309701716062	0.0013481422884145805
0.23251832486034943	15.078999087882886	0.0006390355790894059
0.23251832486034943	17.716279159289	0.00014345889588460108
0.23251832486034943	20.814813066874784	5.240525469671066e-6
0.23251832486034943	24.455272978794557	1.1190862093286675e-7
0.23251832486034943	28.732440428164473	2.2400233318167117e-14
0.23251832486034943	33.75767400649612	7.7952652205267665e-19
0.23251832486034943	39.661808650678005	0.
0.23251832486034943	46.598562008161075	0.
0.23251832486034943	54.74853656708651	0.
0.23251832486034943	64.32392174918738	4.264070426493422e-20
0.23251832486034943	75.57401838724185	0.
0.23251832486034943	88.7917294201255	0.
0.23251832486034943	93.9463419108016	0.
0.23251832486034943	97.009809581806	0.
0.23251832486034943	100.0732772528104	0.
0.23251832486034943	102.11558903348	0.
0.2423085701176273	6.735541478616622	1.7287258222553018e-11
0.2423085701176273	7.913571214420454	0.00005528574979734542
0.2423085701176273	9.297635470662435	0.0006322222067140098
0.2423085701176273	10.923769181200335	0.0018070721981539293
0.2423085701176273	12.834309701716062	0.0008774518045801463
0.2423085701176273	15.078999087882886	0.0004210489042814741
0.2423085701176273	17.716279159289	0.00009390746951564389
0.2423085701176273	20.814813066874784	1.8004484874454065e-6
0.2423085701176273	24.455272978794557	3.920729080850269e-8
0.2423085701176273	28.732440428164473	1.1539208828140408e-14
0.2423085701176273	33.75767400649612	1.8458396757432358e-18
0.2423085701176273	39.661808650678005	0.
0.2423085701176273	46.598562008161075	0.
0.2423085701176273	54.74853656708651	0.
0.2423085701176273	64.32392174918738	1.579987215239806e-19
0.2423085701176273	75.57401838724185	0.
0.2423085701176273	88.7917294201255	0.
0.2423085701176273	93.9463419108016	0.
0.2423085701176273	97.009809581806	0.
0.2423085701176273	100.0732772528104	0.
0.2423085701176273	102.11558903348	0.