0.	7.022091807449198
0.02	7.02223122435076
0.04	7.0226495065078876
0.06	7.023346748293797
0.08	7.024323107050366
0.1	7.0255788031679245
0.12	7.027114120197138
0.14	7.028929404992872
0.16	7.031025067890411
0.18	7.033401582914021
0.2	7.036059488018049
0.22	7.038999385360806
0.24	7.0422219416114356
0.26	7.045727888290063
0.28	7.049518022141417
0.3	7.053593205542422
0.32	7.057954366943877
0.34	7.062602501346802
0.36	7.067538670813706
0.38	7.0727640050153635
0.4	7.0782797018133685
0.42	7.084087027879181
0.44	7.090187319350059
0.46	7.0965819825224035
0.48	7.103272494583354
0.5	7.110260404380893
0.52	7.117547333233477
0.54	7.12513497577973
0.56	7.133025100868857
0.58	7.141219552492803
0.6	7.149720250760686
0.62	7.158529192916612
0.64	7.167648454401543
0.66	7.177080189960346
0.68	7.186826634794857
0.7000000000000001	7.196890105764048
0.72	7.207273002632412
0.74	7.217977809367513
0.76	7.229007095488087
0.78	7.240363517463679
0.8	7.252049820167273
0.8200000000000001	7.264068838382068
0.84	7.276423498363844
0.86	7.289116819460377
0.88	7.302151915789263
0.9	7.315531997975759
0.92	7.329260374952284
0.9400000000000001	7.343340455821088
0.96	7.35777575178199
0.98	7.372569878126853
1.	7.387726556302649
1.02	7.403249616045125
1.04	7.419142997585018
1.06	7.435410753928835
1.08	7.452057053216519
1.1	7.469086181157989
1.12	7.486502543551133
1.1400000000000001	7.504310668883425
1.16	7.522515211019828
1.18	7.54112095197941
1.2	7.56013280480349
1.22	7.5795558165179955
1.24	7.5993951711928815
1.26	7.619656193101683
1.28	7.640344349984155
1.3	7.661465256415316
1.32	7.683024677284048
1.34	7.70502853138487
1.36	7.727482895126146
1.3800000000000001	7.750394006358725
1.4000000000000001	7.773768268328441
1.42	7.797612253756709
1.44	7.8219327090531
1.46	7.846736558664077
1.48	7.872030909562322
1.5	7.8978230558810445
1.52	7.924120483697967
1.54	7.950930875973723
1.56	7.978262117649651
1.58	8.006122300910048
1.6	8.034519730614155
1.62	8.063462929903366
1.6400000000000001	8.092960645989143
1.6600000000000001	8.12302185612758
1.68	8.153655773786411
1.7	8.184871855010774
1.72	8.216679804993818
1.74	8.249089584858925
1.76	8.282111418660062
1.78	8.315755800607134
1.8	8.3500335025235
1.82	8.384955581542888
1.84	8.420533388052974
1.86	8.45677857389354
1.8800000000000001	8.49370310081669
1.9000000000000001	8.531319249217386
1.92	8.569639627142138
1.94	8.6086771795845
1.96	8.648445198075422
1.98	8.688957330577482
2.	8.730227591691332
2.02	8.772270373183446
2.04	8.815100454843929
2.06	8.858733015683509
2.08	8.903183645478626
2.1	8.948468356673727
2.12	8.994603596649737
2.14	9.04160626036774
2.16	9.089493703396537
2.18	9.138283755332978
2.2	9.187994733623317
2.22	9.238645457793877
2.24	9.290255264098683
2.2600000000000002	9.34284402059146
2.2800000000000002	9.396432142628683
2.3000000000000003	9.451040608809773
2.32	9.506690977359666
2.34	9.563405402957928
2.36	9.621206654017854
2.38	9.680118130416979
2.4	9.740163881679711
2.42	9.80136862561028
2.44	9.863757767372768
2.46	9.927357419012191
2.48	9.992194419408127
2.5	10.058296354649421
2.52	10.125691578814614
2.54	10.194409235139265
2.56	10.264479277546243
2.58	10.335932492510292
2.6	10.40880052122227
2.62	10.48311588201149
2.64	10.558911992977473
2.66	10.636223194773603
2.68	10.71508477347563
2.7	10.795532983456884
2.72	10.877605070179982
2.74	10.961339292800638
2.7600000000000002	11.046774946463152
2.7800000000000002	11.133952384149918
2.8000000000000003	11.222913037926377
2.82	11.313699439400633
2.84	11.406355239190598
2.86	11.500925225163002
2.88	11.597455339174957
2.9	11.695992692011817
2.92	11.796585576173094
2.94	11.899283476109709
2.96	12.00413707546251
2.98	12.111198260790257
3.	12.220520121205594
3.02	12.332156943259651
3.04	12.446164200324969
3.06	12.562598535626393
3.08	12.681517737952959
3.1	12.802980708953072
3.12	12.927047420765591
3.14	13.053778862568821
3.16	13.183236974435824
3.18	13.315484566661539
3.2	13.450585222475048
3.22	13.588603181758954
3.24	13.729603203067061
3.2600000000000002	13.87365040084935
3.2800000000000002	14.020810054356922
3.3000000000000003	14.171147384196011
3.3200000000000003	14.324727291921706
3.34	14.481614057393806
3.36	14.641870987846904
3.38	14.805560011734205
3.4	14.972741209371687
3.42	15.143472271209077
3.44	15.3178078731594
3.46	15.495798956792585
3.48	15.677491900300314
3.5	15.862927563917982
3.52	16.052140190882323
3.54	16.24515614194077
3.56	16.441992437814573
3.58	16.642655079749524
3.6	16.847137113225422
3.62	17.055416393878765
3.64	17.267453007514078
3.66	17.483186287489012
3.68	17.70253136243835
3.7	17.925375154859392
3.72	18.151571736015747
3.74	18.380936924296805
3.7600000000000002	18.61324199178843
3.7800000000000002	18.8482063163292
3.8000000000000003	19.085488782402056
3.8200000000000003	19.324677692091193
3.84	19.565278894711938
3.86	19.80670177753539
3.88	20.048242676178837
3.9	20.28906515615961
3.92	20.528176479211222
3.94	20.76439938869389
3.96	20.99633811300415
3.98	21.22233717323459
4.	21.4404311610068
4.0200000000000005	21.64828307963363
4.04	21.843108049554615
4.0600000000000005	22.021578064976666
4.08	22.17970189302811
4.1	22.31267187376649
4.12	22.414665888578078
4.14	22.478587403073433
4.16	22.495718007936155
4.18	22.455242995825646
4.2	22.343586870958482
4.22	22.14345353886127
4.24	21.83238655863088
4.26	21.38050520518217
4.28	20.746723724853105
4.3	19.87191776356761
4.32	18.66515792132006
4.34	16.971209115328215
4.36	14.471003115155355
4.38	10.14619749065625
4.4	3.419703495785548
4.42	3.3762716734039566
4.44	3.328958985263577
4.46	3.2773749789009043
4.48	3.2210720962629673
4.5	3.1595333150216782
4.5200000000000005	3.09215601332286
4.54	3.0182305096606905
4.5600000000000005	2.9369109080115283
4.58	2.847174504665331
4.6000000000000005	2.7477636228396634
4.62	2.6370993827129934
4.64	2.513148512920498
4.66	2.3732069835964316
4.68	2.2135253859125714
4.7	2.0286039503519655
4.72	1.8097051497137477
4.74	1.5411379285019784
4.76	1.1879212257729295
4.78	0.6152627809157519
4.8	0
4.82	0
4.84	0
4.86	0
4.88	0
4.9	0
4.92	0
4.94	0
4.96	0
4.98	0
5.	0
5.0200000000000005	0
5.04	0
5.0600000000000005	0
5.08	0
5.1000000000000005	0
5.12	0
5.14	0
5.16	0
5.18	0
5.2	0
5.22	0
5.24	0
5.26	0
5.28	0