0.002201201275063551  7.057217363683856e-7
0.0025519013918108785  8.201841560624622e-7
0.0030639018493472947  9.930876959005949e-7
0.0035797878434452994  0.0000011541769514324372
0.004166357211242193  0.0000014165873968338488
0.004886773038986592  0.0000015589851907875211
0.005599661891723091  0.0000018618912801198622
0.006466567588102112  0.0000021056390368482353
0.007323860601786903  0.0000023812020200717194
0.008557019264487833  0.0000027674579995463337
0.00992037580571832  0.0000032604784147433047
0.011635932677650654  0.000003841421761377109
0.013595138615643102  0.000004464540720839071
0.015884226825542934  0.000005188736120681745
0.018923380982231668  0.000006282476830780342
0.022897496437087127  0.000007607010853325576
0.02633988206539136  0.000008840666397119087
0.03212032408368747  0.000010559725973233584
0.03752872762763088  0.000012441130737387545
0.04523389169855246  0.000015063973284797759
0.05430920333715087  0.000017992576299937225
0.06296207711599147  0.00002119793928622727
0.07413832290538058  0.000025318045354512776
0.08866782301489735  0.000031076017056249315
0.10481390700447442  0.00003711635655237971
0.12931694204723285  0.0000455604677688032
0.15586748928428254  0.000055165537908032486
0.18282269092241987  0.00006588718144851626
0.2136084673309026  0.00008086775061738098
0.2391248223151458  0.00009790150244496158
0.27083004109040504  0.0001169206747512021
0.303185871252097  0.00014948408039436122
0.33157947737630733  0.00019373149973360277
0.3501662753521425  0.0002762048411863379
0.3502272097101741  0.0005536995411749882
0.4140008821621991  0.0006523666350703586
0.49321232353199596  0.0007898798810884932
0.5921659039552638  0.0009434412660976015
0.6945707226586942  0.0011115411142673753
0.8178594987535773  0.0013096029704254488
0.9592973816745005  0.0015641295600486414
1.1339857704860867  0.001893804394502246
1.3404804025938049  0.0022619088868299363
1.5722825016175133  0.0025932294860944363
1.8228068038880298  0.0031827935555004405
2.188517981526341  0.003801563824604123
2.658459335153473  0.004666285352387893
3.267212518694342  0.005727837285235275
4.0153760942602625  0.007127421790264228
5.150557984945767  0.008749633664144907
6.208059576786754  0.01073969535773155
7.367072271117317  0.01248218421943293
8.914237431358753  0.015113801990518698
10.537451283239383  0.017807022427274076
12.311741876195955  0.020979663167667396
14.83956248717962  0.025751385689653197
18.0260062568387  0.031180796230807547
21.391806524397733  0.0393296682207714
25.58422300211585  0.04893705945264127
30.837331579066365  0.06172836596674301
36.59575083091814  0.08222568494273728
42.427277737845  0.10513377213094471
48.80708235947533  0.13626756285299535
55.27909811768098  0.17186367030774102
61.644704108131904  0.24505497900441847
68.21066580633662  0.34941059103329325