0.00001	0.965	3.024519642149997e-17
0.00001	1.133776140516646	6.16180414754915e-19
0.00001	1.332070815341784	7.97380008017199e-18
0.00001	1.5650467439513676	4.267839861120307e-14
0.00001	1.8387695928345336	4.6022690113350395e-12
0.00001	2.1603658987184478	8.326640597092365e-11
0.00001	2.538208612179044	2.2610943184673275e-10
0.00001	2.982135092375615	4.3670899702790044e-8
0.00001	3.503703228531478	2.9545543390892588e-6
0.00001	4.11649235643537	0.000030125671733757838
0.00001	4.836456804503178	0.00004680632207528453
0.00001	5.682341274181433	0.000021525536594925707
0.00001	6.6761688693677375	0.00008263652415519523
0.00001	7.84381448098356	0.00020726896861674018
0.00001	9.215678455106858	0.0003322372302785547
0.00001	10.827478084013949	0.00034825506891442967
0.00001	12.721177527069333	0.0003022408209392121
0.00001	14.946080372505453	0.0003217890502519722
0.00001	17.56011328558635	0.00032333429309381505
0.00001	20.631334163696547	0.0004064140706247307
0.00001	24.23970406406746	0.0004003784129781732
0.00001	28.47916903733064	0.00045153800961968154
0.00001	33.46010606866931	0.00056533173258695
0.00001	39.31219680809689	0.0005785322093519228
0.00001	46.18780390913462	0.0006519104729612516
0.00001	54.26593788086872	0.000803323308915168
0.00001	63.756917732733065	0.0008052624894317488
0.00001	74.90784675466878	0.0007810384392982412
0.00001	88.00904599784533	0.0007575481878189687
0.00001	103.40161295542909	0.0008120223441213668
0.00001	121.48630223813717	0.0007788994024019075
0.00001	142.73395945823216	0.0006856535137104961
0.00001	167.69777997431484	0.0005925564520052343
0.00001	197.02771166060964	0.000499837240785578
0.00001	231.48737668538104	0.000426033587226073
0.00001	271.97395286701993	0.00030492339897571886
0.00001	319.5415322307008	0.00014020512581149977
0.00001	342.92868594913085	0.0000891205064286499
0.00001	354.111143099646	0.00007428576260995782
0.00001	369.0210859669995	0.00006608841527073721
0.00003	0.965	9.073558926449992e-17
0.00003	1.133776140516646	1.8485412442647452e-18
0.00003	1.332070815341784	2.3921400240515974e-17
0.00003	1.5650467439513676	1.280351958336092e-13
0.00003	1.8387695928345336	1.380680703400512e-11
0.00003	2.1603658987184478	2.4979921791277097e-10
0.00003	2.538208612179044	6.783282955401983e-10
0.00003	2.982135092375615	1.3101269910837014e-7
0.00003	3.503703228531478	8.863663017267776e-6
0.00003	4.11649235643537	0.00009037701520127351
0.00003	4.836456804503178	0.00014041896622585362
0.00003	5.682341274181433	0.00006457660978477712
0.00003	6.6761688693677375	0.0002479095724655857
0.00003	7.84381448098356	0.0006218069058502206
0.00003	9.215678455106858	0.0009967116908356642
0.00003	10.827478084013949	0.0010447652067432892
0.00003	12.721177527069333	0.0009067224628176365
0.00003	14.946080372505453	0.0009653671507559167
0.00003	17.56011328558635	0.0009700028792814452
0.00003	20.631334163696547	0.0012192422118741922
0.00003	24.23970406406746	0.0012011352389345196
0.00003	28.47916903733064	0.0013546140288590446
0.00003	33.46010606866931	0.00169599519776085
0.00003	39.31219680809689	0.0017355966280557687
0.00003	46.18780390913462	0.001955731418883755
0.00003	54.26593788086872	0.002409969926745504
0.00003	63.756917732733065	0.0024157874682952467
0.00003	74.90784675466878	0.0023431153178947238
0.00003	88.00904599784533	0.002272644563456906
0.00003	103.40161295542909	0.0024360670323641006
0.00003	121.48630223813717	0.0023366982072057225
0.00003	142.73395945823216	0.002056960541131488
0.00003	167.69777997431484	0.001777669356015703
0.00003	197.02771166060964	0.0014995117223567341
0.00003	231.48737668538104	0.0012781007616782189
0.00003	271.97395286701993	0.0009147701969271566
0.00003	319.5415322307008	0.0004206153774344993
0.00003	342.92868594913085	0.0002673615192859497
0.00003	354.111143099646	0.00022285728782987346
0.00003	369.0210859669995	0.00019826524581221166
0.00006	0.965	1.8147117852899983e-16
0.00006	1.133776140516646	3.6970824885294904e-18
0.00006	1.332070815341784	4.784280048103195e-17
0.00006	1.5650467439513676	2.560703916672184e-13
0.00006	1.8387695928345336	2.761361406801024e-11
0.00006	2.1603658987184478	4.995984358255419e-10
0.00006	2.538208612179044	1.3566565910803966e-9
0.00006	2.982135092375615	2.620253982167403e-7
0.00006	3.503703228531478	0.000017727326034535553
0.00006	4.11649235643537	0.00018075403040254703
0.00006	4.836456804503178	0.00028083793245170725
0.00006	5.682341274181433	0.00012915321956955423
0.00006	6.6761688693677375	0.0004958191449311714
0.00006	7.84381448098356	0.0012436138117004412
0.00006	9.215678455106858	0.0019934233816713285
0.00006	10.827478084013949	0.0020895304134865783
0.00006	12.721177527069333	0.001813444925635273
0.00006	14.946080372505453	0.0019307343015118334
0.00006	17.56011328558635	0.0019400057585628903
0.00006	20.631334163696547	0.0024384844237483843
0.00006	24.23970406406746	0.0024022704778690392
0.00006	28.47916903733064	0.002709228057718089
0.00006	33.46010606866931	0.0033919903955217
0.00006	39.31219680809689	0.0034711932561115374
0.00006	46.18780390913462	0.00391146283776751
0.00006	54.26593788086872	0.004819939853491008
0.00006	63.756917732733065	0.0048315749365904935
0.00006	74.90784675466878	0.0046862306357894476
0.00006	88.00904599784533	0.004545289126913812
0.00006	103.40161295542909	0.004872134064728201
0.00006	121.48630223813717	0.004673396414411445
0.00006	142.73395945823216	0.004113921082262976
0.00006	167.69777997431484	0.003555338712031406
0.00006	197.02771166060964	0.0029990234447134683
0.00006	231.48737668538104	0.0025562015233564377
0.00006	271.97395286701993	0.0018295403938543133
0.00006	319.5415322307008	0.0008412307548689986
0.00006	342.92868594913085	0.0005347230385718994
0.00006	354.111143099646	0.0004457145756597469
0.00006	369.0210859669995	0.0003965304916244233
0.0001	0.965	3.024519642149997e-16
0.0001	1.133776140516646	6.16180414754915e-18
0.0001	1.332070815341784	7.973800080171991e-17
0.0001	1.5650467439513676	4.2678398611203067e-13
0.0001	1.8387695928345336	4.6022690113350396e-11
0.0001	2.1603658987184478	8.326640597092365e-10
0.0001	2.538208612179044	2.2610943184673277e-9
0.0001	2.982135092375615	4.3670899702790043e-7
0.0001	3.503703228531478	0.000029545543390892588
0.0001	4.11649235643537	0.0003012567173375784
0.0001	4.836456804503178	0.0004680632207528454
0.0001	5.682341274181433	0.00021525536594925706
0.0001	6.6761688693677375	0.0008263652415519524
0.0001	7.84381448098356	0.002072689686167402
0.0001	9.215678455106858	0.003322372302785547
0.0001	10.827478084013949	0.003482550689144297
0.0001	12.721177527069333	0.0030224082093921216
0.0001	14.946080372505453	0.003217890502519722
0.0001	17.56011328558635	0.0032333429309381505
0.0001	20.631334163696547	0.004064140706247307
0.0001	24.23970406406746	0.004003784129781732
0.0001	28.47916903733064	0.0045153800961968155
0.0001	33.46010606866931	0.0056533173258694995
0.0001	39.31219680809689	0.005785322093519229
0.0001	46.18780390913462	0.006519104729612516
0.0001	54.26593788086872	0.00803323308915168
0.0001	63.756917732733065	0.008052624894317488
0.0001	74.90784675466878	0.0078103843929824114
0.0001	88.00904599784533	0.007575481878189687
0.0001	103.40161295542909	0.008120223441213669
0.0001	121.48630223813717	0.007788994024019075
0.0001	142.73395945823216	0.006856535137104961
0.0001	167.69777997431484	0.005925564520052343
0.0001	197.02771166060964	0.0049983724078557805
0.0001	231.48737668538104	0.0042603358722607294
0.0001	271.97395286701993	0.0030492339897571887
0.0001	319.5415322307008	0.0014020512581149978
0.0001	342.92868594913085	0.000891205064286499
0.0001	354.111143099646	0.0007428576260995782
0.0001	369.0210859669995	0.0006608841527073722
0.0003	0.965	9.07355892644999e-16
0.0003	1.133776140516646	1.8485412442647448e-17
0.0003	1.332070815341784	2.392140024051597e-16
0.0003	1.5650467439513676	1.280351958336092e-12
0.0003	1.8387695928345336	1.3806807034005116e-10
0.0003	2.1603658987184478	2.4979921791277093e-9
0.0003	2.538208612179044	6.783282955401982e-9
0.0003	2.982135092375615	1.3101269910837012e-6
0.0003	3.503703228531478	0.00008863663017267775
0.0003	4.11649235643537	0.000903770152012735
0.0003	4.836456804503178	0.001404189662258536
0.0003	5.682341274181433	0.0006457660978477711
0.0003	6.6761688693677375	0.0024790957246558568
0.0003	7.84381448098356	0.006218069058502205
0.0003	9.215678455106858	0.009967116908356641
0.0003	10.827478084013949	0.010447652067432889
0.0003	12.721177527069333	0.009067224628176364
0.0003	14.946080372505453	0.009653671507559166
0.0003	17.56011328558635	0.00970002879281445
0.0003	20.631334163696547	0.012192422118741919
0.0003	24.23970406406746	0.012011352389345194
0.0003	28.47916903733064	0.013546140288590445
0.0003	33.46010606866931	0.0169599519776085
0.0003	39.31219680809689	0.017355966280557685
0.0003	46.18780390913462	0.019557314188837546
0.0003	54.26593788086872	0.02409969926745504
0.0003	63.756917732733065	0.024157874682952465
0.0003	74.90784675466878	0.023431153178947232
0.0003	88.00904599784533	0.02272644563456906
0.0003	103.40161295542909	0.024360670323641004
0.0003	121.48630223813717	0.023366982072057223
0.0003	142.73395945823216	0.02056960541131488
0.0003	167.69777997431484	0.017776693560157028
0.0003	197.02771166060964	0.014995117223567339
0.0003	231.48737668538104	0.012781007616782188
0.0003	271.97395286701993	0.009147701969271565
0.0003	319.5415322307008	0.0042061537743449924
0.0003	342.92868594913085	0.002673615192859497
0.0003	354.111143099646	0.0022285728782987344
0.0003	369.0210859669995	0.0019826524581221163
0.0006	0.965	1.814711785289998e-15
0.0006	1.133776140516646	3.6970824885294896e-17
0.0006	1.332070815341784	4.784280048103194e-16
0.0006	1.5650467439513676	2.560703916672184e-12
0.0006	1.8387695928345336	2.7613614068010233e-10
0.0006	2.1603658987184478	4.9959843582554185e-9
0.0006	2.538208612179044	1.3566565910803964e-8
0.0006	2.982135092375615	2.6202539821674024e-6
0.0006	3.503703228531478	0.0001772732603453555
0.0006	4.11649235643537	0.00180754030402547
0.0006	4.836456804503178	0.002808379324517072
0.0006	5.682341274181433	0.0012915321956955422
0.0006	6.6761688693677375	0.0049581914493117135
0.0006	7.84381448098356	0.01243613811700441
0.0006	9.215678455106858	0.019934233816713283
0.0006	10.827478084013949	0.020895304134865778
0.0006	12.721177527069333	0.018134449256352728
0.0006	14.946080372505453	0.01930734301511833
0.0006	17.56011328558635	0.0194000575856289
0.0006	20.631334163696547	0.024384844237483837
0.0006	24.23970406406746	0.02402270477869039
0.0006	28.47916903733064	0.02709228057718089
0.0006	33.46010606866931	0.033919903955217
0.0006	39.31219680809689	0.03471193256111537
0.0006	46.18780390913462	0.03911462837767509
0.0006	54.26593788086872	0.04819939853491008
0.0006	63.756917732733065	0.04831574936590493
0.0006	74.90784675466878	0.046862306357894463
0.0006	88.00904599784533	0.04545289126913812
0.0006	103.40161295542909	0.04872134064728201
0.0006	121.48630223813717	0.046733964144114445
0.0006	142.73395945823216	0.04113921082262976
0.0006	167.69777997431484	0.035553387120314056
0.0006	197.02771166060964	0.029990234447134678
0.0006	231.48737668538104	0.025562015233564377
0.0006	271.97395286701993	0.01829540393854313
0.0006	319.5415322307008	0.008412307548689985
0.0006	342.92868594913085	0.005347230385718994
0.0006	354.111143099646	0.004457145756597469
0.0006	369.0210859669995	0.003965304916244233
0.001	0.965	3.0245196421499968e-15
0.001	1.133776140516646	6.16180414754915e-17
0.001	1.332070815341784	7.973800080171991e-16
0.001	1.5650467439513676	4.267839861120306e-12
0.001	1.8387695928345336	4.602269011335039e-10
0.001	2.1603658987184478	8.326640597092364e-9
0.001	2.538208612179044	2.2610943184673275e-8
0.001	2.982135092375615	4.367089970279004e-6
0.001	3.503703228531478	0.00029545543390892585
0.001	4.11649235643537	0.0030125671733757836
0.001	4.836456804503178	0.004680632207528453
0.001	5.682341274181433	0.0021525536594925706
0.001	6.6761688693677375	0.008263652415519523
0.001	7.84381448098356	0.02072689686167402
0.001	9.215678455106858	0.03322372302785547
0.001	10.827478084013949	0.03482550689144297
0.001	12.721177527069333	0.030224082093921214
0.001	14.946080372505453	0.03217890502519722
0.001	17.56011328558635	0.0323334293093815
0.001	20.631334163696547	0.040641407062473066
0.001	24.23970406406746	0.04003784129781732
0.001	28.47916903733064	0.04515380096196815
0.001	33.46010606866931	0.056533173258694995
0.001	39.31219680809689	0.05785322093519228
0.001	46.18780390913462	0.06519104729612515
0.001	54.26593788086872	0.0803323308915168
0.001	63.756917732733065	0.08052624894317488
0.001	74.90784675466878	0.07810384392982411
0.001	88.00904599784533	0.07575481878189687
0.001	103.40161295542909	0.08120223441213668
0.001	121.48630223813717	0.07788994024019075
0.001	142.73395945823216	0.0685653513710496
0.001	167.69777997431484	0.05925564520052343
0.001	197.02771166060964	0.0499837240785578
0.001	231.48737668538104	0.042603358722607294
0.001	271.97395286701993	0.030492339897571885
0.001	319.5415322307008	0.014020512581149976
0.001	342.92868594913085	0.00891205064286499
0.001	354.111143099646	0.0074285762609957815
0.001	369.0210859669995	0.006608841527073721
0.002	0.965	1.821489861141551e-15
0.002	1.133776140516646	0.
0.002	1.332070815341784	4.2081302434144573e-16
0.002	1.5650467439513676	2.0370092037245365e-6
0.002	1.8387695928345336	0.00021996101246755102
0.002	2.1603658987184478	0.003991692320381082
0.002	2.538208612179044	0.010969572483219519
0.002	2.982135092375615	0.005059247319195607
0.002	3.503703228531478	0.0020494928253168157
0.002	4.11649235643537	0.003856523241367244
0.002	4.836456804503178	0.01247020033921561
0.002	5.682341274181433	0.026283054186669423
0.002	6.6761688693677375	0.024675137595128675
0.002	7.84381448098356	0.019916466120004167
0.002	9.215678455106858	0.024807156467896482
0.002	10.827478084013949	0.045753042502161514
0.002	12.721177527069333	0.056458747577818325
0.002	14.946080372505453	0.06157793499837072
0.002	17.56011328558635	0.07260487446935074
0.002	20.631334163696547	0.07503650510530949
0.002	24.23970406406746	0.08023144515374322
0.002	28.47916903733064	0.09976100286975413
0.002	33.46010606866931	0.10865768942613328
0.002	39.31219680809689	0.11681942436866831
0.002	46.18780390913462	0.1318444863863074
0.002	54.26593788086872	0.14183635489225396
0.002	63.756917732733065	0.14394500355677467
0.002	74.90784675466878	0.13990435354754607
0.002	88.00904599784533	0.14254256732874684
0.002	103.40161295542909	0.13903495646858693
0.002	121.48630223813717	0.12165847247282537
0.002	142.73395945823216	0.10339996809169286
0.002	167.69777997431484	0.08576588742520559
0.002	197.02771166060964	0.06080911058966659
0.002	231.48737668538104	0.039337623964501564
0.002	271.97395286701993	0.0201223668358758
0.002	319.5415322307008	0.007321821749706049
0.002	342.92868594913085	0.00432363465409928
0.002	354.111143099646	0.0035036933916009166
0.002	369.0210859669995	0.003072481728133849
0.004	0.965	2.1929699138547476e-16
0.004	1.133776140516646	3.9676710315819627e-7
0.004	1.332070815341784	0.00006633453485930849
0.004	1.5650467439513676	0.0015775688140329072
0.004	1.8387695928345336	0.005674091924413237
0.004	2.1603658987184478	0.0033744072523872338
0.004	2.538208612179044	0.002868014893052308
0.004	2.982135092375615	0.011677541476540461
0.004	3.503703228531478	0.019588648563520994
0.004	4.11649235643537	0.013782330964345977
0.004	4.836456804503178	0.026002341405506314
0.004	5.682341274181433	0.04227769789231526
0.004	6.6761688693677375	0.03930430712124796
0.004	7.84381448098356	0.044340454218103745
0.004	9.215678455106858	0.06264473518650676
0.004	10.827478084013949	0.07792794379112876
0.004	12.721177527069333	0.10285829170488743
0.004	14.946080372505453	0.13343619886256505
0.004	17.56011328558635	0.13733748869542647
0.004	20.631334163696547	0.14481851599723533
0.004	24.23970406406746	0.17679028725742943
0.004	28.47916903733064	0.20266228069707803
0.004	33.46010606866931	0.2191303571189464
0.004	39.31219680809689	0.22500103411897
0.004	46.18780390913462	0.2354794761215639
0.004	54.26593788086872	0.2425255418282596
0.004	63.756917732733065	0.23787679915736867
0.004	74.90784675466878	0.21923561576047884
0.004	88.00904599784533	0.18892067176385421
0.004	103.40161295542909	0.15788285869669727
0.004	121.48630223813717	0.11783144436516908
0.004	142.73395945823216	0.08006954288127055
0.004	167.69777997431484	0.049397677367497395
0.004	197.02771166060964	0.027229932359545742
0.004	231.48737668538104	0.01213991408828705
0.004	271.97395286701993	0.003911623932173952
0.004	319.5415322307008	0.0008960099461179376
0.004	342.92868594913085	0.00043917480065871556
0.004	354.111143099646	0.00033166696481607625
0.004	369.0210859669995	0.0002813391560418349
0.006	0.965	0.0002208637796328983
0.006	1.133776140516646	0.0002700803944626337
0.006	1.332070815341784	0.00011110249530753854
0.006	1.5650467439513676	0.0002921426158752805
0.006	1.8387695928345336	0.0029834954061439263
0.006	2.1603658987184478	0.01178260824570199
0.006	2.538208612179044	0.01897958101162905
0.006	2.982135092375615	0.027237024797895394
0.006	3.503703228531478	0.02872696159796484
0.006	4.11649235643537	0.027864026874725615
0.006	4.836456804503178	0.0446110159834516
0.006	5.682341274181433	0.06878747783196837
0.006	6.6761688693677375	0.0690925156272559
0.006	7.84381448098356	0.07667739787434485
0.006	9.215678455106858	0.1058360313198704
0.006	10.827478084013949	0.12983289791082114
0.006	12.721177527069333	0.14885625878607
0.006	14.946080372505453	0.17390825647600822
0.006	17.56011328558635	0.19025026742360135
0.006	20.631334163696547	0.21470093028677145
0.006	24.23970406406746	0.24513108589746319
0.006	28.47916903733064	0.27034587898246065
0.006	33.46010606866931	0.28461676220971527
0.006	39.31219680809689	0.28810618183959724
0.006	46.18780390913462	0.28843712152421985
0.006	54.26593788086872	0.27599827941327143
0.006	63.756917732733065	0.24673313199593624
0.006	74.90784675466878	0.20873024089431946
0.006	88.00904599784533	0.16106690511728455
0.006	103.40161295542909	0.11181585058340454
0.006	121.48630223813717	0.0699427820673577
0.006	142.73395945823216	0.03896464756853302
0.006	167.69777997431484	0.018460817593797647
0.006	197.02771166060964	0.00724118227899859
0.006	231.48737668538104	0.002547367193917057
0.006	271.97395286701993	0.0005954467150800782
0.006	319.5415322307008	0.00008425809270159669
0.006	342.92868594913085	0.00003000955293103635
0.006	354.111143099646	0.00001872992584054627
0.006	369.0210859669995	0.000013810256623921786
0.008	0.965	0.004664354071618573
0.008	1.133776140516646	0.006357904056108624
0.008	1.332070815341784	0.0034707641816828887
0.008	1.5650467439513676	0.002219175904752715
0.008	1.8387695928345336	0.006992426066711168
0.008	2.1603658987184478	0.01934895662492757
0.008	2.538208612179044	0.0258493380425839
0.008	2.982135092375615	0.03299001738408823
0.008	3.503703228531478	0.03643440294777622
0.008	4.11649235643537	0.042430461518491315
0.008	4.836456804503178	0.06285280542439925
0.008	5.682341274181433	0.07591205443079904
0.008	6.6761688693677375	0.0836302364041586
0.008	7.84381448098356	0.10808211561204963
0.008	9.215678455106858	0.13870521149719783
0.008	10.827478084013949	0.1617842016855975
0.008	12.721177527069333	0.18098195929104974
0.008	14.946080372505453	0.20642471408166913
0.008	17.56011328558635	0.23753901560071386
0.008	20.631334163696547	0.27599444703015136
0.008	24.23970406406746	0.3129660469051799
0.008	28.47916903733064	0.332602650029699
0.008	33.46010606866931	0.34233303033956647
0.008	39.31219680809689	0.34029499651052386
0.008	46.18780390913462	0.31174292744991494
0.008	54.26593788086872	0.268328314687929
0.008	63.756917732733065	0.2164204100852093
0.008	74.90784675466878	0.16211375909308837
0.008	88.00904599784533	0.11040740818465075
0.008	103.40161295542909	0.06726688312749228
0.008	121.48630223813717	0.03531246329204837
0.008	142.73395945823216	0.01612121227360642
0.008	167.69777997431484	0.006598441264002597
0.008	197.02771166060964	0.002282417573997445
0.008	231.48737668538104	0.0006448788418988289
0.008	271.97395286701993	0.00012227686589885028
0.008	319.5415322307008	0.00001166120643593774
0.008	342.92868594913085	3.0589947437755247e-6
0.008	354.111143099646	1.624020940115791e-6
0.008	369.0210859669995	1.066773516290837e-6
0.01	0.965	0.004506906710031912
0.01	1.133776140516646	0.007810402135928255
0.01	1.332070815341784	0.007543468828765301
0.01	1.5650467439513676	0.008650543537693884
0.01	1.8387695928345336	0.01469677971983139
0.01	2.1603658987184478	0.02492682851356297
0.01	2.538208612179044	0.03302146771626279
0.01	2.982135092375615	0.0434773088960796
0.01	3.503703228531478	0.04559584753644544
0.01	4.11649235643537	0.05951879934041011
0.01	4.836456804503178	0.08601075957837316
0.01	5.682341274181433	0.09648395746183194
0.01	6.6761688693677375	0.10996228362324185
0.01	7.84381448098356	0.14057502465393584
0.01	9.215678455106858	0.16676683588626712
0.01	10.827478084013949	0.1901157187313026
0.01	12.721177527069333	0.21824344739635
0.01	14.946080372505453	0.2529939438760445
0.01	17.56011328558635	0.2888813397208662
0.01	20.631334163696547	0.3199636994368082
0.01	24.23970406406746	0.3542568586134954
0.01	28.47916903733064	0.36554086837235744
0.01	33.46010606866931	0.358792102517933
0.01	39.31219680809689	0.33747237773996713
0.01	46.18780390913462	0.2915943294280244
0.01	54.26593788086872	0.23496312709739972
0.01	63.756917732733065	0.17738041499609142
0.01	74.90784675466878	0.11761157934944301
0.01	88.00904599784533	0.07043401908813136
0.01	103.40161295542909	0.03824599518191456
0.01	121.48630223813717	0.017374612330116463
0.01	142.73395945823216	0.007011938371018773
0.01	167.69777997431484	0.0026329261914628346
0.01	197.02771166060964	0.0007918678313860107
0.01	231.48737668538104	0.00015913069028668255
0.01	271.97395286701993	0.000020341263212122624
0.01	319.5415322307008	1.3768574345443754e-6
0.01	342.92868594913085	2.7966766695753884e-7
0.01	354.111143099646	1.238369049443342e-7
0.01	369.0210859669995	6.995808677154695e-8
0.011748975549395297	0.965	0.003562923748353913
0.011748975549395297	1.133776140516646	0.005664940255657879
0.011748975549395297	1.332070815341784	0.006437282894476846
0.011748975549395297	1.5650467439513676	0.011225318119595176
0.011748975549395297	1.8387695928345336	0.01921010575809951
0.011748975549395297	2.1603658987184478	0.028499086651089155
0.011748975549395297	2.538208612179044	0.03643584821454928
0.011748975549395297	2.982135092375615	0.0470655049076593
0.011748975549395297	3.503703228531478	0.052249401007786356
0.011748975549395297	4.11649235643537	0.07245938869560023
0.011748975549395297	4.836456804503178	0.10118467493407295
0.011748975549395297	5.682341274181433	0.1169733040845586
0.011748975549395297	6.6761688693677375	0.13374472095228643
0.011748975549395297	7.84381448098356	0.16449461915689614
0.011748975549395297	9.215678455106858	0.19376651052893493
0.011748975549395297	10.827478084013949	0.22129432238972205
0.011748975549395297	12.721177527069333	0.25597299701929316
0.011748975549395297	14.946080372505453	0.28937116034133115
0.011748975549395297	17.56011328558635	0.3276954249321302
0.011748975549395297	20.631334163696547	0.35729108129874326
0.011748975549395297	24.23970406406746	0.37832844301411805
0.011748975549395297	28.47916903733064	0.3779641460494086
0.011748975549395297	33.46010606866931	0.3553461911232618
0.011748975549395297	39.31219680809689	0.3196815095353505
0.011748975549395297	46.18780390913462	0.2632639814028927
0.011748975549395297	54.26593788086872	0.19716897911048759
0.011748975549395297	63.756917732733065	0.13862598820204636
0.011748975549395297	74.90784675466878	0.085271276424364
0.011748975549395297	88.00904599784533	0.046474579355749876
0.011748975549395297	103.40161295542909	0.02287304154926129
0.011748975549395297	121.48630223813717	0.009658367005775355
0.011748975549395297	142.73395945823216	0.0037729139832509834
0.011748975549395297	167.69777997431484	0.0013026969497280927
0.011748975549395297	197.02771166060964	0.00035443042871441155
0.011748975549395297	231.48737668538104	0.00008216932020590927
0.011748975549395297	271.97395286701993	0.000011755049016326137
0.011748975549395297	319.5415322307008	5.717705784163247e-7
0.011748975549395297	342.92868594913085	8.996768098867551e-8
0.011748975549395297	354.111143099646	3.428094038273642e-8
0.011748975549395297	369.0210859669995	1.7157189852349674e-8
0.013803842646028852	0.965	0.0033024779663843413
0.013803842646028852	1.133776140516646	0.004682870977027213
0.013803842646028852	1.332070815341784	0.0054313998817952696
0.013803842646028852	1.5650467439513676	0.011831547950805274
0.013803842646028852	1.8387695928345336	0.022009114353387822
0.013803842646028852	2.1603658987184478	0.030439989616040924
0.013803842646028852	2.538208612179044	0.03844920547935744
0.013803842646028852	2.982135092375615	0.04884839550831336
0.013803842646028852	3.503703228531478	0.06381974503495921
0.013803842646028852	4.11649235643537	0.0896875017019501
0.013803842646028852	4.836456804503178	0.11551824012235264
0.013803842646028852	5.682341274181433	0.14225745376778232
0.013803842646028852	6.6761688693677375	0.16654411147697004
0.013803842646028852	7.84381448098356	0.19545659529060225
0.013803842646028852	9.215678455106858	0.22818583758618274
0.013803842646028852	10.827478084013949	0.25834065451813293
0.013803842646028852	12.721177527069333	0.29622736251729936
0.013803842646028852	14.946080372505453	0.3285280058193373
0.013803842646028852	17.56011328558635	0.36198683098217244
0.013803842646028852	20.631334163696547	0.38575504751456446
0.013803842646028852	24.23970406406746	0.3933829145053155
0.013803842646028852	28.47916903733064	0.37711818134041153
0.013803842646028852	33.46010606866931	0.3361222607583908
0.013803842646028852	39.31219680809689	0.28495818683486435
0.013803842646028852	46.18780390913462	0.22096568847608256
0.013803842646028852	54.26593788086872	0.15627010664807253
0.013803842646028852	63.756917732733065	0.10166088128999187
0.013803842646028852	74.90784675466878	0.0577776742926681
0.013803842646028852	88.00904599784533	0.028740873357252304
0.013803842646028852	103.40161295542909	0.012392405419282784
0.013803842646028852	121.48630223813717	0.004863165427257471
0.013803842646028852	142.73395945823216	0.0018435654285161147
0.013803842646028852	167.69777997431484	0.0005961485050969271
0.013803842646028852	197.02771166060964	0.0001408894612234079
0.013803842646028852	231.48737668538104	0.00004028376162313781
0.013803842646028852	271.97395286701993	7.39650525941834e-6
0.013803842646028852	319.5415322307008	3.6332400756702935e-7
0.013803842646028852	342.92868594913085	5.519798555574117e-8
0.013803842646028852	354.111143099646	2.0505895123776837e-8
0.013803842646028852	369.0210859669995	1.00081637552835e-8
0.0162181009735893	0.965	0.0015231822543616052
0.0162181009735893	1.133776140516646	0.0033361894714201033
0.0162181009735893	1.332070815341784	0.0067892867260376695
0.0162181009735893	1.5650467439513676	0.011305454329181949
0.0162181009735893	1.8387695928345336	0.01874034860261821
0.0162181009735893	2.1603658987184478	0.0258224337696754
0.0162181009735893	2.538208612179044	0.03859233408281875
0.0162181009735893	2.982135092375615	0.05246416091466824
0.0162181009735893	3.503703228531478	0.07050434332396009
0.0162181009735893	4.11649235643537	0.09535064677807331
0.0162181009735893	4.836456804503178	0.12595078956550088
0.0162181009735893	5.682341274181433	0.16333331890352024
0.0162181009735893	6.6761688693677375	0.19603271752960658
0.0162181009735893	7.84381448098356	0.22647651672815292
0.0162181009735893	9.215678455106858	0.263839152079648
0.0162181009735893	10.827478084013949	0.29517974210361964
0.0162181009735893	12.721177527069333	0.3294335616731258
0.0162181009735893	14.946080372505453	0.3624730732708005
0.0162181009735893	17.56011328558635	0.388169728685973
0.0162181009735893	20.631334163696547	0.3997335096797148
0.0162181009735893	24.23970406406746	0.39508352650959605
0.0162181009735893	28.47916903733064	0.3628462610057899
0.0162181009735893	33.46010606866931	0.3046208002295633
0.0162181009735893	39.31219680809689	0.24024631759063295
0.0162181009735893	46.18780390913462	0.1740778105266801
0.0162181009735893	54.26593788086872	0.11657382284465996
0.0162181009735893	63.756917732733065	0.06971856920791247
0.0162181009735893	74.90784675466878	0.03633951153126326
0.0162181009735893	88.00904599784533	0.017008173124830564
0.0162181009735893	103.40161295542909	0.006651626042523062
0.0162181009735893	121.48630223813717	0.0022627748481442883
0.0162181009735893	142.73395945823216	0.0007499827198631022
0.0162181009735893	167.69777997431484	0.00023481000472114297
0.0162181009735893	197.02771166060964	0.00004598193267268442
0.0162181009735893	231.48737668538104	9.596673444369578e-6
0.0162181009735893	271.97395286701993	1.6543769599459964e-6
0.0162181009735893	319.5415322307008	7.70745571490676e-8
0.0162181009735893	342.92868594913085	1.1532437740927291e-8
0.0162181009735893	354.111143099646	4.259854605052575e-9
0.0162181009735893	369.0210859669995	2.0693637121848985e-9
0.019054607179632473	0.965	0.00201188935536557
0.019054607179632473	1.133776140516646	0.004809679572314291
0.019054607179632473	1.332070815341784	0.009740809714437755
0.019054607179632473	1.5650467439513676	0.014667316470775913
0.019054607179632473	1.8387695928345336	0.021446956536364498
0.019054607179632473	2.1603658987184478	0.02952239175935868
0.019054607179632473	2.538208612179044	0.04632459373546472
0.019054607179632473	2.982135092375615	0.065033082815005
0.019054607179632473	3.503703228531478	0.0803476577539074
0.019054607179632473	4.11649235643537	0.10438770507267683
0.019054607179632473	4.836456804503178	0.14286991366820792
0.019054607179632473	5.682341274181433	0.181401394867269
0.019054607179632473	6.6761688693677375	0.21927772551868638
0.019054607179632473	7.84381448098356	0.2532868225047979
0.019054607179632473	9.215678455106858	0.2957125751316371
0.019054607179632473	10.827478084013949	0.331791707108396
0.019054607179632473	12.721177527069333	0.36471397436132236
0.019054607179632473	14.946080372505453	0.3926200879460486
0.019054607179632473	17.56011328558635	0.4048684787062437
0.019054607179632473	20.631334163696547	0.3983820949833003
0.019054607179632473	24.23970406406746	0.3759721463772941
0.019054607179632473	28.47916903733064	0.3304944028611754
0.019054607179632473	33.46010606866931	0.26284423293273057
0.019054607179632473	39.31219680809689	0.1922254587783044
0.019054607179632473	46.18780390913462	0.12809402932473038
0.019054607179632473	54.26593788086872	0.07792173815681776
0.019054607179632473	63.756917732733065	0.04298517650413301
0.019054607179632473	74.90784675466878	0.021187978680322312
0.019054607179632473	88.00904599784533	0.009451137377175229
0.019054607179632473	103.40161295542909	0.0035296530327973653
0.019054607179632473	121.48630223813717	0.0010129355660798561
0.019054607179632473	142.73395945823216	0.0002528476568165554
0.019054607179632473	167.69777997431484	0.00006669741045197001
0.019054607179632473	197.02771166060964	0.000010921456288285693
0.019054607179632473	231.48737668538104	1.0124678725221348e-6
0.019054607179632473	271.97395286701993	1.1901048076030168e-7
0.019054607179632473	319.5415322307008	4.94425236372171e-9
0.019054607179632473	342.92868594913085	7.202711087952129e-10
0.019054607179632473	354.111143099646	2.635401620182824e-10
0.019054607179632473	369.0210859669995	1.271335156585886e-10
0.0223872113856834	0.965	0.004300698881785743
0.0223872113856834	1.133776140516646	0.008069308316701175
0.0223872113856834	1.332070815341784	0.011578180954861312
0.0223872113856834	1.5650467439513676	0.019870625503821824
0.0223872113856834	1.8387695928345336	0.030353635333377035
0.0223872113856834	2.1603658987184478	0.036619225877565914
0.0223872113856834	2.538208612179044	0.052932882378291635
0.0223872113856834	2.982135092375615	0.07741588748962801
0.0223872113856834	3.503703228531478	0.09533015987726827
0.0223872113856834	4.11649235643537	0.11840003780239962
0.0223872113856834	4.836456804503178	0.15730737266430161
0.0223872113856834	5.682341274181433	0.20114916891635876
0.0223872113856834	6.6761688693677375	0.24655059305249194
0.0223872113856834	7.84381448098356	0.2800360842850061
0.0223872113856834	9.215678455106858	0.3219950371017061
0.0223872113856834	10.827478084013949	0.3618420642744947
0.0223872113856834	12.721177527069333	0.39434216753252677
0.0223872113856834	14.946080372505453	0.41156209020295736
0.0223872113856834	17.56011328558635	0.40419229059587614
0.0223872113856834	20.631334163696547	0.3792907227879089
0.0223872113856834	24.23970406406746	0.34026899497183605
0.0223872113856834	28.47916903733064	0.28024625609990433
0.0223872113856834	33.46010606866931	0.2067336422220262
0.0223872113856834	39.31219680809689	0.14029775045491655
0.0223872113856834	46.18780390913462	0.08525870298796877
0.0223872113856834	54.26593788086872	0.046396332555235405
0.0223872113856834	63.756917732733065	0.023727398219150632
0.0223872113856834	74.90784675466878	0.010984989029068928
0.0223872113856834	88.00904599784533	0.004408244871311259
0.0223872113856834	103.40161295542909	0.0015531320097733118
0.0223872113856834	121.48630223813717	0.0004195866915620103
0.0223872113856834	142.73395945823216	0.00009686701367431044
0.0223872113856834	167.69777997431484	0.000020367968395190006
0.0223872113856834	197.02771166060964	2.0193564892097865e-6
0.0223872113856834	231.48737668538104	6.890986659003742e-8
0.0223872113856834	271.97395286701993	3.1564224871832505e-9
0.0223872113856834	319.5415322307008	1.0995690727285087e-10
0.0223872113856834	342.92868594913085	1.543285283928836e-11
0.0223872113856834	354.111143099646	5.5691789549612065e-12
0.0223872113856834	369.0210859669995	2.659293534019269e-12
0.026302679918953815	0.965	0.003895964939150016
0.026302679918953815	1.133776140516646	0.00726690924044829
0.026302679918953815	1.332070815341784	0.011798217857094407
0.026302679918953815	1.5650467439513676	0.02322761026888572
0.026302679918953815	1.8387695928345336	0.034675445909866216
0.026302679918953815	2.1603658987184478	0.039169876249802435
0.026302679918953815	2.538208612179044	0.05705093469736528
0.026302679918953815	2.982135092375615	0.09262787672514329
0.026302679918953815	3.503703228531478	0.11521278697428934
0.026302679918953815	4.11649235643537	0.13466397998563392
0.026302679918953815	4.836456804503178	0.1698990186257566
0.026302679918953815	5.682341274181433	0.22210088186955146
0.026302679918953815	6.6761688693677375	0.2742880910231926
0.026302679918953815	7.84381448098356	0.3072601781116729
0.026302679918953815	9.215678455106858	0.3402359755259684
0.026302679918953815	10.827478084013949	0.37426330431680327
0.026302679918953815	12.721177527069333	0.404040998079126
0.026302679918953815	14.946080372505453	0.4086513812799688
0.026302679918953815	17.56011328558635	0.3807254315748451
0.026302679918953815	20.631334163696547	0.3379509526373433
0.026302679918953815	24.23970406406746	0.28597881005233383
0.026302679918953815	28.47916903733064	0.2181806012974558
0.026302679918953815	33.46010606866931	0.14771474957586464
0.026302679918953815	39.31219680809689	0.09383061065851621
0.026302679918953815	46.18780390913462	0.05300736571186223
0.026302679918953815	54.26593788086872	0.026389138508114016
0.026302679918953815	63.756917732733065	0.012377532369354191
0.026302679918953815	74.90784675466878	0.005113722490553933
0.026302679918953815	88.00904599784533	0.0017512893822635778
0.026302679918953815	103.40161295542909	0.0005768181715201329
0.026302679918953815	121.48630223813717	0.0001822297191097232
0.026302679918953815	142.73395945823216	0.00005879554398780988
0.026302679918953815	167.69777997431484	0.000013832869746500434
0.026302679918953815	197.02771166060964	9.425746326672827e-7
0.026302679918953815	231.48737668538104	1.2868685060001112e-8
0.026302679918953815	271.97395286701993	2.0993329937269676e-11
0.026302679918953815	319.5415322307008	2.7831053071622107e-13
0.026302679918953815	342.92868594913085	3.194841995179675e-14
0.026302679918953815	354.111143099646	1.0548424064316462e-14
0.026302679918953815	369.0210859669995	4.689026657754236e-15
0.030902954325135904	0.965	0.001900337554076513
0.030902954325135904	1.133776140516646	0.005022520825146454
0.030902954325135904	1.332070815341784	0.013004945588488467
0.030902954325135904	1.5650467439513676	0.026058067362875845
0.030902954325135904	1.8387695928345336	0.037595971362823354
0.030902954325135904	2.1603658987184478	0.04544769033431519
0.030902954325135904	2.538208612179044	0.0677935420025929
0.030902954325135904	2.982135092375615	0.10994170138478727
0.030902954325135904	3.503703228531478	0.13606029583142204
0.030902954325135904	4.11649235643537	0.15984369474909443
0.030902954325135904	4.836456804503178	0.1977005745488369
0.030902954325135904	5.682341274181433	0.24856130300311288
0.030902954325135904	6.6761688693677375	0.29833348090865497
0.030902954325135904	7.84381448098356	0.3365982110395598
0.030902954325135904	9.215678455106858	0.3658566492104787
0.030902954325135904	10.827478084013949	0.386638739996896
0.030902954325135904	12.721177527069333	0.4007926599592415
0.030902954325135904	14.946080372505453	0.387204530607633
0.030902954325135904	17.56011328558635	0.3411165326226623
0.030902954325135904	20.631334163696547	0.2830887908784675
0.030902954325135904	24.23970406406746	0.2198593936185071
0.030902954325135904	28.47916903733064	0.15401696059867362
0.030902954325135904	33.46010606866931	0.09779844993632833
0.030902954325135904	39.31219680809689	0.058161394267738115
0.030902954325135904	46.18780390913462	0.030652001045756647
0.030902954325135904	54.26593788086872	0.014180933306635874
0.030902954325135904	63.756917732733065	0.006184179692371526
0.030902954325135904	74.90784675466878	0.0023593158471242564
0.030902954325135904	88.00904599784533	0.0007287765957299098
0.030902954325135904	103.40161295542909	0.00022840032954477897
0.030902954325135904	121.48630223813717	0.00008902339657660689
0.030902954325135904	142.73395945823216	0.00003097110925576034
0.030902954325135904	167.69777997431484	5.828699514142282e-6
0.030902954325135904	197.02771166060964	3.221055162632282e-7
0.030902954325135904	231.48737668538104	3.6625936716405927e-9
0.030902954325135904	271.97395286701993	1.1100027095693878e-12
0.030902954325135904	319.5415322307008	4.818776746395269e-19
0.030902954325135904	342.92868594913085	8.704612787758744e-20
0.030902954325135904	354.111143099646	2.1842811314896054e-21
0.030902954325135904	369.0210859669995	6.683089604527426e-20
0.03630780547701014	0.965	0.0020967919879501815
0.03630780547701014	1.133776140516646	0.005940281204311029
0.03630780547701014	1.332070815341784	0.015081128531085852
0.03630780547701014	1.5650467439513676	0.029422252769168513
0.03630780547701014	1.8387695928345336	0.04336235405288192
0.03630780547701014	2.1603658987184478	0.05668973689551258
0.03630780547701014	2.538208612179044	0.08394857930655691
0.03630780547701014	2.982135092375615	0.12472985019801792
0.03630780547701014	3.503703228531478	0.1579606348147365
0.03630780547701014	4.11649235643537	0.19050022264423716
0.03630780547701014	4.836456804503178	0.23147758450420686
0.03630780547701014	5.682341274181433	0.27980164832791854
0.03630780547701014	6.6761688693677375	0.323834128659209
0.03630780547701014	7.84381448098356	0.3620316655685134
0.03630780547701014	9.215678455106858	0.38943797846341494
0.03630780547701014	10.827478084013949	0.3978128749103257
0.03630780547701014	12.721177527069333	0.3837802505473622
0.03630780547701014	14.946080372505453	0.34777237598006006
0.03630780547701014	17.56011328558635	0.28881728440427235
0.03630780547701014	20.631334163696547	0.2230458813435166
0.03630780547701014	24.23970406406746	0.15744540291304251
0.03630780547701014	28.47916903733064	0.10118743377084108
0.03630780547701014	33.46010606866931	0.06015569496164473
0.03630780547701014	39.31219680809689	0.03280036312083861
0.03630780547701014	46.18780390913462	0.015600829146024599
0.03630780547701014	54.26593788086872	0.00659553203552745
0.03630780547701014	63.756917732733065	0.0026749847700725327
0.03630780547701014	74.90784675466878	0.0010253880912046603
0.03630780547701014	88.00904599784533	0.0003074898680130945
0.03630780547701014	103.40161295542909	0.00007368443617733185
0.03630780547701014	121.48630223813717	0.000027906785976298744
0.03630780547701014	142.73395945823216	9.251498271643833e-6
0.03630780547701014	167.69777997431484	1.168752613326578e-6
0.03630780547701014	197.02771166060964	4.568407548174198e-8
0.03630780547701014	231.48737668538104	4.059753065387945e-10
0.03630780547701014	271.97395286701993	8.848111245067838e-14
0.03630780547701014	319.5415322307008	3.5646733609624707e-19
0.03630780547701014	342.92868594913085	5.784164466712304e-20
0.03630780547701014	354.111143099646	2.8905446960776933e-21
0.03630780547701014	369.0210859669995	8.843993994767807e-20
0.04265795188015928	0.965	0.0030940234067194502
0.04265795188015928	1.133776140516646	0.007894998385084302
0.04265795188015928	1.332070815341784	0.017474462165082177
0.04265795188015928	1.5650467439513676	0.033403437810216215
0.04265795188015928	1.8387695928345336	0.05174250837770655
0.04265795188015928	2.1603658987184478	0.07142912405907492
0.04265795188015928	2.538208612179044	0.10153988679791198
0.04265795188015928	2.982135092375615	0.14224560209611942
0.04265795188015928	3.503703228531478	0.18488853149089393
0.04265795188015928	4.11649235643537	0.22211893597788668
0.04265795188015928	4.836456804503178	0.2600837451962818
0.04265795188015928	5.682341274181433	0.309298572542781
0.04265795188015928	6.6761688693677375	0.3522914612083763
0.04265795188015928	7.84381448098356	0.37962848210192984
0.04265795188015928	9.215678455106858	0.3895560858276173
0.04265795188015928	10.827478084013949	0.3807067495726942
0.04265795188015928	12.721177527069333	0.3440192010563926
0.04265795188015928	14.946080372505453	0.2892751952136296
0.04265795188015928	17.56011328558635	0.2246390104293552
0.04265795188015928	20.631334163696547	0.16149727229538738
0.04265795188015928	24.23970406406746	0.10534451532527098
0.04265795188015928	28.47916903733064	0.06229872996409111
0.04265795188015928	33.46010606866931	0.033670955935551354
0.04265795188015928	39.31219680809689	0.016364483162066845
0.04265795188015928	46.18780390913462	0.007059295371901119
0.04265795188015928	54.26593788086872	0.0027534002297808723
0.04265795188015928	63.756917732733065	0.0010114165079980369
0.04265795188015928	74.90784675466878	0.00036351074272186816
0.04265795188015928	88.00904599784533	0.0001007054649499004
0.04265795188015928	103.40161295542909	0.00001549791177578044
0.04265795188015928	121.48630223813717	3.5785766800647582e-6
0.04265795188015928	142.73395945823216	1.115669082546018e-6
0.04265795188015928	167.69777997431484	9.69792867050088e-8
0.04265795188015928	197.02771166060964	2.3601663964983735e-9
0.04265795188015928	231.48737668538104	1.3580038235562793e-11
0.04265795188015928	271.97395286701993	1.5784324200427117e-15
0.04265795188015928	319.5415322307008	1.5987247049843448e-19
0.04265795188015928	342.92868594913085	0.
0.04265795188015928	354.111143099646	3.0132550926994468e-21
0.04265795188015928	369.0210859669995	9.21944226660773e-20
0.05011872336272725	0.965	0.0032929531511574385
0.05011872336272725	1.133776140516646	0.008965281356284893
0.05011872336272725	1.332070815341784	0.019681032027161437
0.05011872336272725	1.5650467439513676	0.03730284710457076
0.05011872336272725	1.8387695928345336	0.059247960327203544
0.05011872336272725	2.1603658987184478	0.08493873213145575
0.05011872336272725	2.538208612179044	0.11830536469547655
0.05011872336272725	2.982135092375615	0.16079136812743547
0.05011872336272725	3.503703228531478	0.20916655245469698
0.05011872336272725	4.11649235643537	0.2510859320480955
0.05011872336272725	4.836456804503178	0.2861265477712569
0.05011872336272725	5.682341274181433	0.3317275910090444
0.05011872336272725	6.6761688693677375	0.36782116060818365
0.05011872336272725	7.84381448098356	0.37871028836785897
0.05011872336272725	9.215678455106858	0.3657509166692661
0.05011872336272725	10.827478084013949	0.33440478394116013
0.05011872336272725	12.721177527069333	0.2869056329431839
0.05011872336272725	14.946080372505453	0.22389150734791363
0.05011872336272725	17.56011328558635	0.16020743824876507
0.05011872336272725	20.631334163696547	0.10639522826703196
0.05011872336272725	24.23970406406746	0.06471510082455652
0.05011872336272725	28.47916903733064	0.03513657732130077
0.05011872336272725	33.46010606866931	0.01712357331610753
0.05011872336272725	39.31219680809689	0.007362958951135945
0.05011872336272725	46.18780390913462	0.002940926454144549
0.05011872336272725	54.26593788086872	0.0011239496584804442
0.05011872336272725	63.756917732733065	0.00038515082021436947
0.05011872336272725	74.90784675466878	0.0001088653206763458
0.05011872336272725	88.00904599784533	0.000027403232529992296
0.05011872336272725	103.40161295542909	3.3336964726551265e-6
0.05011872336272725	121.48630223813717	2.484387340253954e-7
0.05011872336272725	142.73395945823216	5.7559279296995274e-8
0.05011872336272725	167.69777997431484	4.173862250618245e-9
0.05011872336272725	197.02771166060964	7.125314967242767e-11
0.05011872336272725	231.48737668538104	2.472019090473121e-13
0.05011872336272725	271.97395286701993	1.3278269318745214e-17
0.05011872336272725	319.5415322307008	1.0082552785788744e-19
0.05011872336272725	342.92868594913085	0.
0.05011872336272725	354.111143099646	3.4244159565806185e-21
0.05011872336272725	369.0210859669995	1.047744191490342e-19
0.0588843655355589	0.965	0.0036003668722548567
0.0588843655355589	1.133776140516646	0.010188867767485708
0.0588843655355589	1.332070815341784	0.02334989124609859
0.0588843655355589	1.5650467439513676	0.04597801759913395
0.0588843655355589	1.8387695928345336	0.0729711938856249
0.0588843655355589	2.1603658987184478	0.10063025699249442
0.0588843655355589	2.538208612179044	0.13403649582477434
0.0588843655355589	2.982135092375615	0.176728223779473
0.0588843655355589	3.503703228531478	0.22498948802860108
0.0588843655355589	4.11649235643537	0.2681783246120312
0.0588843655355589	4.836456804503178	0.30289795242457485
0.0588843655355589	5.682341274181433	0.3437230494700017
0.0588843655355589	6.6761688693677375	0.3655699170700442
0.0588843655355589	7.84381448098356	0.3570925738455203
0.0588843655355589	9.215678455106858	0.3238502754123222
0.0588843655355589	10.827478084013949	0.2747973785295604
0.0588843655355589	12.721177527069333	0.22136998941056707
0.0588843655355589	14.946080372505453	0.16171645544154173
0.0588843655355589	17.56011328558635	0.10611352002892549
0.0588843655355589	20.631334163696547	0.06405206871143813
0.0588843655355589	24.23970406406746	0.0355475743315337
0.0588843655355589	28.47916903733064	0.017339473162319843
0.0588843655355589	33.46010606866931	0.007653314548858818
0.0588843655355589	39.31219680809689	0.0029518016762660423
0.0588843655355589	46.18780390913462	0.001118560938450116
0.0588843655355589	54.26593788086872	0.00043389668913455917
0.0588843655355589	63.756917732733065	0.0001346606621034283
0.0588843655355589	74.90784675466878	0.00002805006600829613
0.0588843655355589	88.00904599784533	6.0453502983451995e-6
0.0588843655355589	103.40161295542909	7.54079034704109e-7
0.0588843655355589	121.48630223813717	2.1605562628593706e-8
0.0588843655355589	142.73395945823216	9.870555484264698e-10
0.0588843655355589	167.69777997431484	6.026676000570251e-11
0.0588843655355589	197.02771166060964	7.729389784729369e-13
0.0588843655355589	231.48737668538104	1.0691714717979965e-15
0.0588843655355589	271.97395286701993	0.
0.0588843655355589	319.5415322307008	3.2057395536060495e-20
0.0588843655355589	342.92868594913085	0.
0.0588843655355589	354.111143099646	2.07490971367682e-21
0.0588843655355589	369.0210859669995	6.348453657313717e-20
0.06918309709189366	0.965	0.004625249541847309
0.06918309709189366	1.133776140516646	0.012486947490932574
0.06918309709189366	1.332070815341784	0.028394248231165944
0.06918309709189366	1.5650467439513676	0.05621535240764994
0.06918309709189366	1.8387695928345336	0.08758083146976897
0.06918309709189366	2.1603658987184478	0.11477608693774473
0.06918309709189366	2.538208612179044	0.14784471727214957
0.06918309709189366	2.982135092375615	0.1930308710023238
0.06918309709189366	3.503703228531478	0.2385145962572978
0.06918309709189366	4.11649235643537	0.27650239546587796
0.06918309709189366	4.836456804503178	0.3069048090138006
0.06918309709189366	5.682341274181433	0.33499744102807766
0.06918309709189366	6.6761688693677375	0.3397514985777948
0.06918309709189366	7.84381448098356	0.31631313633786917
0.06918309709189366	9.215678455106858	0.2680866555179345
0.06918309709189366	10.827478084013949	0.20970784997535075
0.06918309709189366	12.721177527069333	0.15613484030445535
0.06918309709189366	14.946080372505453	0.1066106032863454
0.06918309709189366	17.56011328558635	0.06392579420902261
0.06918309709189366	20.631334163696547	0.034472450785940204
0.06918309709189366	24.23970406406746	0.01713475838599187
0.06918309709189366	28.47916903733064	0.007368049606604039
0.06918309709189366	33.46010606866931	0.0028719015394113264
0.06918309709189366	39.31219680809689	0.0010528537704279147
0.06918309709189366	46.18780390913462	0.0004012130687995571
0.06918309709189366	54.26593788086872	0.00014908517015865054
0.06918309709189366	63.756917732733065	0.000036582057142020014
0.06918309709189366	74.90784675466878	5.8506366042691224e-6
0.06918309709189366	88.00904599784533	6.787869525647293e-7
0.06918309709189366	103.40161295542909	7.304096073871518e-8
0.06918309709189366	121.48630223813717	1.8244253069304627e-9
0.06918309709189366	142.73395945823216	7.370466848981577e-12
0.06918309709189366	167.69777997431484	1.279407264024603e-17
0.06918309709189366	197.02771166060964	0.
0.06918309709189366	231.48737668538104	0.
0.06918309709189366	271.97395286701993	0.
0.06918309709189366	319.5415322307008	0.
0.06918309709189366	342.92868594913085	0.
0.06918309709189366	354.111143099646	9.754500556633665e-22
0.06918309709189366	369.0210859669995	2.984515149061321e-20
0.08128305161640995	0.965	0.007191777933365156
0.08128305161640995	1.133776140516646	0.015437538454103408
0.08128305161640995	1.332070815341784	0.032804739630539606
0.08128305161640995	1.5650467439513676	0.06328463452419225
0.08128305161640995	1.8387695928345336	0.0947995504171488
0.08128305161640995	2.1603658987184478	0.12166323753019823
0.08128305161640995	2.538208612179044	0.1610083694271485
0.08128305161640995	2.982135092375615	0.20910254003509687
0.08128305161640995	3.503703228531478	0.2488913423537302
0.08128305161640995	4.11649235643537	0.279897290247229
0.08128305161640995	4.836456804503178	0.30010347243489327
0.08128305161640995	5.682341274181433	0.3052465246058563
0.08128305161640995	6.6761688693677375	0.29005280290405916
0.08128305161640995	7.84381448098356	0.2559513334135446
0.08128305161640995	9.215678455106858	0.20375013874606682
0.08128305161640995	10.827478084013949	0.14737341114169547
0.08128305161640995	12.721177527069333	0.1004276623891322
0.08128305161640995	14.946080372505453	0.062466822611727285
0.08128305161640995	17.56011328558635	0.03375622802466101
0.08128305161640995	20.631334163696547	0.01652321839200891
0.08128305161640995	24.23970406406746	0.007528701878179871
0.08128305161640995	28.47916903733064	0.0028450632949701096
0.08128305161640995	33.46010606866931	0.0009243285850458727
0.08128305161640995	39.31219680809689	0.0003409717932233388
0.08128305161640995	46.18780390913462	0.00013869439003382183
0.08128305161640995	54.26593788086872	0.00004153805365960439
0.08128305161640995	63.756917732733065	6.045492537429362e-6
0.08128305161640995	74.90784675466878	7.193511882867152e-7
0.08128305161640995	88.00904599784533	4.376450444726159e-8
0.08128305161640995	103.40161295542909	2.7064850711443473e-9
0.08128305161640995	121.48630223813717	6.467501356179056e-11
0.08128305161640995	142.73395945823216	2.5956310697297366e-13
0.08128305161640995	167.69777997431484	3.550976263694999e-21
0.08128305161640995	197.02771166060964	0.
0.08128305161640995	231.48737668538104	0.
0.08128305161640995	271.97395286701993	0.
0.08128305161640995	319.5415322307008	0.
0.08128305161640995	342.92868594913085	0.
0.08128305161640995	354.111143099646	3.4485410355984836e-22
0.08128305161640995	369.0210859669995	1.0551255703095919e-20
0.09549925860214359	0.965	0.011697097050046228
0.09549925860214359	1.133776140516646	0.020228387413712814
0.09549925860214359	1.332070815341784	0.03965044393102842
0.09549925860214359	1.5650467439513676	0.0702237325445758
0.09549925860214359	1.8387695928345336	0.09870497755864345
0.09549925860214359	2.1603658987184478	0.12742472151081716
0.09549925860214359	2.538208612179044	0.17249603090699042
0.09549925860214359	2.982135092375615	0.2185158113435157
0.09549925860214359	3.503703228531478	0.24863208943937234
0.09549925860214359	4.11649235643537	0.26988470859438873
0.09549925860214359	4.836456804503178	0.2770357816755536
0.09549925860214359	5.682341274181433	0.26167485438859994
0.09549925860214359	6.6761688693677375	0.22960323611171882
0.09549925860214359	7.84381448098356	0.18824464219093381
0.09549925860214359	9.215678455106858	0.1401559202522041
0.09549925860214359	10.827478084013949	0.09347950805488306
0.09549925860214359	12.721177527069333	0.057492337638617406
0.09549925860214359	14.946080372505453	0.031969928266535046
0.09549925860214359	17.56011328558635	0.015399966318333728
0.09549925860214359	20.631334163696547	0.007112964362726017
0.09549925860214359	24.23970406406746	0.0030375548745798626
0.09549925860214359	28.47916903733064	0.001038776997238997
0.09549925860214359	33.46010606866931	0.0002946768652065525
0.09549925860214359	39.31219680809689	0.00008997546698660808
0.09549925860214359	46.18780390913462	0.000031437851926089296
0.09549925860214359	54.26593788086872	7.348857819988127e-6
0.09549925860214359	63.756917732733065	5.513535359285262e-7
0.09549925860214359	74.90784675466878	3.252482228428725e-8
0.09549925860214359	88.00904599784533	1.293601196070046e-9
0.09549925860214359	103.40161295542909	3.034367397978909e-11
0.09549925860214359	121.48630223813717	5.980475724509248e-13
0.09549925860214359	142.73395945823216	2.401011399507408e-15
0.09549925860214359	167.69777997431484	3.398469583720676e-21
0.09549925860214359	197.02771166060964	0.
0.09549925860214359	231.48737668538104	0.
0.09549925860214359	271.97395286701993	0.
0.09549925860214359	319.5415322307008	0.
0.09549925860214359	342.92868594913085	0.
0.09549925860214359	354.111143099646	3.378599842876342e-23
0.09549925860214359	369.0210859669995	1.0337261610819515e-21
0.11220184543019636	0.965	0.013532588578022284
0.11220184543019636	1.133776140516646	0.023315504383953946
0.11220184543019636	1.332070815341784	0.04601064377743053
0.11220184543019636	1.5650467439513676	0.0766039818758723
0.11220184543019636	1.8387695928345336	0.10738155396700988
0.11220184543019636	2.1603658987184478	0.1396568471911742
0.11220184543019636	2.538208612179044	0.17969663802366492
0.11220184543019636	2.982135092375615	0.22174438879715955
0.11220184543019636	3.503703228531478	0.24374508398294747
0.11220184543019636	4.11649235643537	0.24932906478076894
0.11220184543019636	4.836456804503178	0.23990116347372734
0.11220184543019636	5.682341274181433	0.20987829095760185
0.11220184543019636	6.6761688693677375	0.16874599860237782
0.11220184543019636	7.84381448098356	0.12655848445189874
0.11220184543019636	9.215678455106858	0.08676753820956154
0.11220184543019636	10.827478084013949	0.052518196848770106
0.11220184543019636	12.721177527069333	0.029053921824300954
0.11220184543019636	14.946080372505453	0.014598624706255071
0.11220184543019636	17.56011328558635	0.006270855685446166
0.11220184543019636	20.631334163696547	0.002698231143423939
0.11220184543019636	24.23970406406746	0.0010321904943655295
0.11220184543019636	28.47916903733064	0.00033174633001640646
0.11220184543019636	33.46010606866931	0.00009211942299998456
0.11220184543019636	39.31219680809689	0.000017390545385885817
0.11220184543019636	46.18780390913462	3.5382940158204662e-6
0.11220184543019636	54.26593788086872	5.927396994339515e-7
0.11220184543019636	63.756917732733065	3.061445532800056e-8
0.11220184543019636	74.90784675466878	5.984881927556673e-10
0.11220184543019636	88.00904599784533	1.2501314438425897e-11
0.11220184543019636	103.40161295542909	7.488273520998796e-14
0.11220184543019636	121.48630223813717	4.307878298186037e-19
0.11220184543019636	142.73395945823216	1.188083411380868e-19
0.11220184543019636	167.69777997431484	1.436742336270943e-21
0.11220184543019636	197.02771166060964	0.
0.11220184543019636	231.48737668538104	0.
0.11220184543019636	271.97395286701993	0.
0.11220184543019636	319.5415322307008	0.
0.11220184543019636	342.92868594913085	0.
0.11220184543019636	354.111143099646	0.
0.11220184543019636	369.0210859669995	0.
0.13182567385564073	0.965	0.012743696004531941
0.13182567385564073	1.133776140516646	0.02377278509371971
0.13182567385564073	1.332070815341784	0.049631949454630175
0.13182567385564073	1.5650467439513676	0.08207111572956292
0.13182567385564073	1.8387695928345336	0.11781299671833803
0.13182567385564073	2.1603658987184478	0.15163230036522327
0.13182567385564073	2.538208612179044	0.18266417164656923
0.13182567385564073	2.982135092375615	0.21598293652321113
0.13182567385564073	3.503703228531478	0.2285519800846816
0.13182567385564073	4.11649235643537	0.21733928427829105
0.13182567385564073	4.836456804503178	0.19380704969598964
0.13182567385564073	5.682341274181433	0.15593974294691423
0.13182567385564073	6.6761688693677375	0.11454392566994645
0.13182567385564073	7.84381448098356	0.0773172161780503
0.13182567385564073	9.215678455106858	0.047762331924426554
0.13182567385564073	10.827478084013949	0.025958338696007634
0.13182567385564073	12.721177527069333	0.012821636665174751
0.13182567385564073	14.946080372505453	0.0059020181111336225
0.13182567385564073	17.56011328558635	0.0023115892546796807
0.13182567385564073	20.631334163696547	0.0008725890599818902
0.13182567385564073	24.23970406406746	0.0002924781690625594
0.13182567385564073	28.47916903733064	0.00008237848668313767
0.13182567385564073	33.46010606866931	0.000019774943732514537
0.13182567385564073	39.31219680809689	2.1245182155613332e-6
0.13182567385564073	46.18780390913462	2.02026646063586e-7
0.13182567385564073	54.26593788086872	2.0651386898902325e-8
0.13182567385564073	63.756917732733065	8.817958873372596e-10
0.13182567385564073	74.90784675466878	8.564341412108143e-12
0.13182567385564073	88.00904599784533	1.86546258760851e-15
0.13182567385564073	103.40161295542909	1.7753794199924527e-19
0.13182567385564073	121.48630223813717	2.862305205440899e-19
0.13182567385564073	142.73395945823216	1.252486375594538e-19
0.13182567385564073	167.69777997431484	0.
0.13182567385564073	197.02771166060964	0.
0.13182567385564073	231.48737668538104	0.
0.13182567385564073	271.97395286701993	0.
0.13182567385564073	319.5415322307008	0.
0.13182567385564073	342.92868594913085	0.
0.13182567385564073	354.111143099646	0.
0.13182567385564073	369.0210859669995	0.
0.1548816618912482	0.965	0.012963235358177517
0.1548816618912482	1.133776140516646	0.025434178704276562
0.1548816618912482	1.332070815341784	0.05419108998525573
0.1548816618912482	1.5650467439513676	0.08914558817839824
0.1548816618912482	1.8387695928345336	0.12563805924989002
0.1548816618912482	2.1603658987184478	0.15697576058666243
0.1548816618912482	2.538208612179044	0.18035593115828655
0.1548816618912482	2.982135092375615	0.19919868346983777
0.1548816618912482	3.503703228531478	0.19785276047320122
0.1548816618912482	4.11649235643537	0.17376645957981707
0.1548816618912482	4.836456804503178	0.14286895659966
0.1548816618912482	5.682341274181433	0.10512048183485127
0.1548816618912482	6.6761688693677375	0.06998469986703562
0.1548816618912482	7.84381448098356	0.04201130482991681
0.1548816618912482	9.215678455106858	0.023079597760830663
0.1548816618912482	10.827478084013949	0.011183331498653795
0.1548816618912482	12.721177527069333	0.0048845747183766134
0.1548816618912482	14.946080372505453	0.0021157212096385913
0.1548816618912482	17.56011328558635	0.0007469410780237548
0.1548816618912482	20.631334163696547	0.0002485696247873244
0.1548816618912482	24.23970406406746	0.00008557854444685762
0.1548816618912482	28.47916903733064	0.000018260667958589788
0.1548816618912482	33.46010606866931	2.7011565448071648e-6
0.1548816618912482	39.31219680809689	1.5077372597551538e-7
0.1548816618912482	46.18780390913462	4.630164901853907e-9
0.1548816618912482	54.26593788086872	2.0133528126349216e-10
0.1548816618912482	63.756917732733065	6.412357739179748e-12
0.1548816618912482	74.90784675466878	5.836359960379395e-14
0.1548816618912482	88.00904599784533	2.9720798333968667e-19
0.1548816618912482	103.40161295542909	1.3910639005654063e-21
0.1548816618912482	121.48630223813717	2.4326735216749324e-19
0.1548816618912482	142.73395945823216	8.176254039295045e-20
0.1548816618912482	167.69777997431484	0.
0.1548816618912482	197.02771166060964	0.
0.1548816618912482	231.48737668538104	0.
0.1548816618912482	271.97395286701993	0.
0.1548816618912482	319.5415322307008	4.483848943751954e-21
0.1548816618912482	342.92868594913085	0.
0.1548816618912482	354.111143099646	6.888953457557133e-24
0.1548816618912482	369.0210859669995	2.1077640865247091e-22
0.18197008586099844	0.965	0.014936650460683888
0.18197008586099844	1.133776140516646	0.029243388910768865
0.18197008586099844	1.332070815341784	0.05949638588251644
0.18197008586099844	1.5650467439513676	0.09403308039456203
0.18197008586099844	1.8387695928345336	0.12760144129588535
0.18197008586099844	2.1603658987184478	0.15348115013096222
0.18197008586099844	2.538208612179044	0.16803931459508678
0.18197008586099844	2.982135092375615	0.16896075921222192
0.18197008586099844	3.503703228531478	0.15335356278898468
0.18197008586099844	4.11649235643537	0.12447494266830962
0.18197008586099844	4.836456804503178	0.09295297259008134
0.18197008586099844	5.682341274181433	0.06197307257842786
0.18197008586099844	6.6761688693677375	0.036828510147761354
0.18197008586099844	7.84381448098356	0.01960454603862707
0.18197008586099844	9.215678455106858	0.01014144611809921
0.18197008586099844	10.827478084013949	0.004540475393171468
0.18197008586099844	12.721177527069333	0.00175033183031447
0.18197008586099844	14.946080372505453	0.0006831435375941327
0.18197008586099844	17.56011328558635	0.00019408552063237785
0.18197008586099844	20.631334163696547	0.000053192586843256594
0.18197008586099844	24.23970406406746	0.000017348104281233
0.18197008586099844	28.47916903733064	2.8021340530393637e-6
0.18197008586099844	33.46010606866931	2.327868971248989e-7
0.18197008586099844	39.31219680809689	8.079296153657018e-9
0.18197008586099844	46.18780390913462	8.451985734322462e-11
0.18197008586099844	54.26593788086872	4.967167380475225e-13
0.18197008586099844	63.756917732733065	1.7171729331119734e-15
0.18197008586099844	74.90784675466878	3.851322615554505e-19
0.18197008586099844	88.00904599784533	2.526649281663242e-19
0.18197008586099844	103.40161295542909	2.0401192269695765e-20
0.18197008586099844	121.48630223813717	2.203898853248117e-19
0.18197008586099844	142.73395945823216	9.055361521820786e-20
0.18197008586099844	167.69777997431484	0.
0.18197008586099844	197.02771166060964	0.
0.18197008586099844	231.48737668538104	0.
0.18197008586099844	271.97395286701993	0.
0.18197008586099844	319.5415322307008	1.0149627465240603e-20
0.18197008586099844	342.92868594913085	0.
0.18197008586099844	354.111143099646	0.
0.18197008586099844	369.0210859669995	0.
0.21379620895022325	0.965	0.019249589290715005
0.21379620895022325	1.133776140516646	0.033252898519280705
0.21379620895022325	1.332070815341784	0.06337667648012844
0.21379620895022325	1.5650467439513676	0.09511499306546159
0.21379620895022325	1.8387695928345336	0.12157895503049883
0.21379620895022325	2.1603658987184478	0.13879415767943643
0.21379620895022325	2.538208612179044	0.14425295313912978
0.21379620895022325	2.982135092375615	0.13039704758153556
0.21379620895022325	3.503703228531478	0.10550623739979767
0.21379620895022325	4.11649235643537	0.07912695393882356
0.21379620895022325	4.836456804503178	0.05329213845804536
0.21379620895022325	5.682341274181433	0.0317967010306368
0.21379620895022325	6.6761688693677375	0.01663221076692007
0.21379620895022325	7.84381448098356	0.007620373504715283
0.21379620895022325	9.215678455106858	0.003692121698595476
0.21379620895022325	10.827478084013949	0.001625520041098328
0.21379620895022325	12.721177527069333	0.0005710584210699511
0.21379620895022325	14.946080372505453	0.00017679227916828994
0.21379620895022325	17.56011328558635	0.00003466612353067588
0.21379620895022325	20.631334163696547	6.200529027860122e-6
0.21379620895022325	24.23970406406746	1.4672773392518601e-6
0.21379620895022325	28.47916903733064	1.8521763995410694e-7
0.21379620895022325	33.46010606866931	9.292999698708089e-9
0.21379620895022325	39.31219680809689	2.2656859056988864e-10
0.21379620895022325	46.18780390913462	1.5891007318929372e-12
0.21379620895022325	54.26593788086872	4.825056270542263e-16
0.21379620895022325	63.756917732733065	1.0749283358154247e-21
0.21379620895022325	74.90784675466878	3.931583221169584e-19
0.21379620895022325	88.00904599784533	1.7154176550829648e-19
0.21379620895022325	103.40161295542909	1.5173766985282628e-21
0.21379620895022325	121.48630223813717	1.645978719513e-19
0.21379620895022325	142.73395945823216	9.021783647784158e-20
0.21379620895022325	167.69777997431484	6.058532326379541e-20
0.21379620895022325	197.02771166060964	0.
0.21379620895022325	231.48737668538104	0.
0.21379620895022325	271.97395286701993	0.
0.21379620895022325	319.5415322307008	1.3452608923779418e-20
0.21379620895022325	342.92868594913085	0.
0.21379620895022325	354.111143099646	0.
0.21379620895022325	369.0210859669995	0.
0.25118864315095807	0.965	0.024436690271790854
0.25118864315095807	1.133776140516646	0.03693149338975887
0.25118864315095807	1.332070815341784	0.06761355126034219
0.25118864315095807	1.5650467439513676	0.09549122152093138
0.25118864315095807	1.8387695928345336	0.11083018952169171
0.25118864315095807	2.1603658987184478	0.11645740702312452
0.25118864315095807	2.538208612179044	0.11170417624831577
0.25118864315095807	2.982135092375615	0.0896754754857453
0.25118864315095807	3.503703228531478	0.06465040410111064
0.25118864315095807	4.11649235643537	0.044100385280763314
0.25118864315095807	4.836456804503178	0.026634756204268972
0.25118864315095807	5.682341274181433	0.01422374980613493
0.25118864315095807	6.6761688693677375	0.006511365802590213
0.25118864315095807	7.84381448098356	0.0026026465110179724
0.25118864315095807	9.215678455106858	0.001063334201825812
0.25118864315095807	10.827478084013949	0.00043860473891172515
0.25118864315095807	12.721177527069333	0.00014510288252223556
0.25118864315095807	14.946080372505453	0.00003053523137877545
0.25118864315095807	17.56011328558635	3.6955605921814726e-6
0.25118864315095807	20.631334163696547	2.9812151861843413e-7
0.25118864315095807	24.23970406406746	3.561880700670946e-8
0.25118864315095807	28.47916903733064	3.0840526615157578e-9
0.25118864315095807	33.46010606866931	9.448965233253137e-11
0.25118864315095807	39.31219680809689	1.3643158594582998e-12
0.25118864315095807	46.18780390913462	8.016575850090422e-15
0.25118864315095807	54.26593788086872	2.3603137022360856e-20
0.25118864315095807	63.756917732733065	0.
0.25118864315095807	74.90784675466878	3.53739042978421e-19
0.25118864315095807	88.00904599784533	7.017156873402574e-20
0.25118864315095807	103.40161295542909	4.077771751708854e-21
0.25118864315095807	121.48630223813717	2.390448686441417e-19
0.25118864315095807	142.73395945823216	1.0226235506621178e-19
0.25118864315095807	167.69777997431484	4.825898285797985e-20
0.25118864315095807	197.02771166060964	0.
0.25118864315095807	231.48737668538104	0.
0.25118864315095807	271.97395286701993	0.
0.25118864315095807	319.5415322307008	1.248144247221244e-20
0.25118864315095807	342.92868594913085	0.
0.25118864315095807	354.111143099646	0.
0.25118864315095807	369.0210859669995	0.
0.2951209226666387	0.965	0.028376958059153152
0.2951209226666387	1.133776140516646	0.039725891276414335
0.2951209226666387	1.332070815341784	0.06704850173358917
0.2951209226666387	1.5650467439513676	0.0892647870875536
0.2951209226666387	1.8387695928345336	0.09604432710935507
0.2951209226666387	2.1603658987184478	0.09061035170267352
0.2951209226666387	2.538208612179044	0.07581509529231797
0.2951209226666387	2.982135092375615	0.05313423411772513
0.2951209226666387	3.503703228531478	0.03395831038165458
0.2951209226666387	4.11649235643537	0.020630724438519273
0.2951209226666387	4.836456804503178	0.011169631559132672
0.2951209226666387	5.682341274181433	0.005555417517983115
0.2951209226666387	6.6761688693677375	0.0023011993804556608
0.2951209226666387	7.84381448098356	0.0008467615217426955
0.2951209226666387	9.215678455106858	0.00028796054935102347
0.2951209226666387	10.827478084013949	0.0000859769147125091
0.2951209226666387	12.721177527069333	0.000023500234526564305
0.2951209226666387	14.946080372505453	3.4122327871755427e-6
0.2951209226666387	17.56011328558635	2.60276656167584e-7
0.2951209226666387	20.631334163696547	1.0059298359571035e-8
0.2951209226666387	24.23970406406746	4.930938109469634e-10
0.2951209226666387	28.47916903733064	2.4125256554247038e-11
0.2951209226666387	33.46010606866931	4.04953679357567e-13
0.2951209226666387	39.31219680809689	1.0246855827685968e-15
0.2951209226666387	46.18780390913462	0.
0.2951209226666387	54.26593788086872	0.
0.2951209226666387	63.756917732733065	6.027142371516817e-22
0.2951209226666387	74.90784675466878	1.8842326210768279e-19
0.2951209226666387	88.00904599784533	7.418347874751308e-20
0.2951209226666387	103.40161295542909	9.899498707473315e-22
0.2951209226666387	121.48630223813717	1.2046271045009658e-19
0.2951209226666387	142.73395945823216	2.828863145077352e-20
0.2951209226666387	167.69777997431484	4.765524110787406e-20
0.2951209226666387	197.02771166060964	0.
0.2951209226666387	231.48737668538104	0.
0.2951209226666387	271.97395286701993	0.
0.2951209226666387	319.5415322307008	1.11015415518232e-20
0.2951209226666387	342.92868594913085	0.
0.2951209226666387	354.111143099646	0.
0.2951209226666387	369.0210859669995	0.
0.34673685045253166	0.965	0.02834240183486023
0.34673685045253166	1.133776140516646	0.03937761984341421
0.34673685045253166	1.332070815341784	0.06038630538253201
0.34673685045253166	1.5650467439513676	0.0742391864018212
0.34673685045253166	1.8387695928345336	0.07528285613218139
0.34673685045253166	2.1603658987184478	0.06379075787939784
0.34673685045253166	2.538208612179044	0.045702841349796755
0.34673685045253166	2.982135092375615	0.027245004139184976
0.34673685045253166	3.503703228531478	0.014800196917840076
0.34673685045253166	4.11649235643537	0.007688118518539521
0.34673685045253166	4.836456804503178	0.003662543306849106
0.34673685045253166	5.682341274181433	0.0017163687611687392
0.34673685045253166	6.6761688693677375	0.0006829293503554247
0.34673685045253166	7.84381448098356	0.00023142105388613096
0.34673685045253166	9.215678455106858	0.00006570274969353674
0.34673685045253166	10.827478084013949	0.000011314824373075925
0.34673685045253166	12.721177527069333	1.7065491837944243e-6
0.34673685045253166	14.946080372505453	1.7956290848322196e-7
0.34673685045253166	17.56011328558635	8.344413088390025e-9
0.34673685045253166	20.631334163696547	1.7937627323284994e-10
0.34673685045253166	24.23970406406746	2.373782397539085e-12
0.34673685045253166	28.47916903733064	2.8535690412423515e-14
0.34673685045253166	33.46010606866931	4.749346204392265e-17
0.34673685045253166	39.31219680809689	3.408138280562362e-21
0.34673685045253166	46.18780390913462	0.
0.34673685045253166	54.26593788086872	8.974599832470754e-20
0.34673685045253166	63.756917732733065	0.
0.34673685045253166	74.90784675466878	5.908906059272669e-20
0.34673685045253166	88.00904599784533	4.956035288838306e-21
0.34673685045253166	103.40161295542909	3.3716156414950335e-22
0.34673685045253166	121.48630223813717	1.730195629871954e-20
0.34673685045253166	142.73395945823216	1.4972694045606217e-20
0.34673685045253166	167.69777997431484	0.
0.34673685045253166	197.02771166060964	0.
0.34673685045253166	231.48737668538104	0.
0.34673685045253166	271.97395286701993	6.110976265759094e-23
0.34673685045253166	319.5415322307008	1.2135641791694854e-20
0.34673685045253166	342.92868594913085	0.
0.34673685045253166	354.111143099646	0.
0.34673685045253166	369.0210859669995	0.
0.40738027780411284	0.965	0.026430487700284732
0.40738027780411284	1.133776140516646	0.03613084579818801
0.40738027780411284	1.332070815341784	0.05169998608306802
0.40738027780411284	1.5650467439513676	0.05696680832025501
0.40738027780411284	1.8387695928345336	0.052112834685230494
0.40738027780411284	2.1603658987184478	0.03916118796088815
0.40738027780411284	2.538208612179044	0.024138206242549105
0.40738027780411284	2.982135092375615	0.0122731521563997
0.40738027780411284	3.503703228531478	0.005602593837867044
0.40738027780411284	4.11649235643537	0.002454283842393764
0.40738027780411284	4.836456804503178	0.0009788255153223432
0.40738027780411284	5.682341274181433	0.0003748234352567441
0.40738027780411284	6.6761688693677375	0.00013763569979486408
0.40738027780411284	7.84381448098356	0.000043257735536632086
0.40738027780411284	9.215678455106858	0.000010195703963285398
0.40738027780411284	10.827478084013949	1.113707490370884e-6
0.40738027780411284	12.721177527069333	4.926573488844476e-8
0.40738027780411284	14.946080372505453	2.6299650006704653e-9
0.40738027780411284	17.56011328558635	7.289579630459484e-11
0.40738027780411284	20.631334163696547	7.98158282286152e-13
0.40738027780411284	24.23970406406746	2.495351075940163e-15
0.40738027780411284	28.47916903733064	4.359812528487174e-19
0.40738027780411284	33.46010606866931	2.3827349971696618e-20
0.40738027780411284	39.31219680809689	4.8708093828238165e-19
0.40738027780411284	46.18780390913462	1.2397261679314001e-20
0.40738027780411284	54.26593788086872	1.289502184697678e-19
0.40738027780411284	63.756917732733065	0.
0.40738027780411284	74.90784675466878	7.394404519348379e-20
0.40738027780411284	88.00904599784533	0.
0.40738027780411284	103.40161295542909	7.094656099012478e-23
0.40738027780411284	121.48630223813717	3.1252188448555826e-20
0.40738027780411284	142.73395945823216	0.
0.40738027780411284	167.69777997431484	1.9526171278405154e-20
0.40738027780411284	197.02771166060964	0.
0.40738027780411284	231.48737668538104	0.
0.40738027780411284	271.97395286701993	1.3861397285878509e-22
0.40738027780411284	319.5415322307008	9.909750400332423e-21
0.40738027780411284	342.92868594913085	0.
0.40738027780411284	354.111143099646	0.
0.40738027780411284	369.0210859669995	0.
0.47863009232263853	0.965	0.024764623975101065
0.47863009232263853	1.133776140516646	0.031605545753425376
0.47863009232263853	1.332070815341784	0.04187419632255092
0.47863009232263853	1.5650467439513676	0.04107189906843202
0.47863009232263853	1.8387695928345336	0.031549091125516425
0.47863009232263853	2.1603658987184478	0.02017267462692904
0.47863009232263853	2.538208612179044	0.010669643658343629
0.47863009232263853	2.982135092375615	0.00476991064433941
0.47863009232263853	3.503703228531478	0.0018621366507892017
0.47863009232263853	4.11649235643537	0.0006614866931734442
0.47863009232263853	4.836456804503178	0.00021500237743058234
0.47863009232263853	5.682341274181433	0.00005762608904903315
0.47863009232263853	6.6761688693677375	0.000016274759704707658
0.47863009232263853	7.84381448098356	4.473180074195427e-6
0.47863009232263853	9.215678455106858	8.833273186964323e-7
0.47863009232263853	10.827478084013949	7.902037991468886e-8
0.47863009232263853	12.721177527069333	1.7859987290700486e-9
0.47863009232263853	14.946080372505453	2.3020887401004857e-11
0.47863009232263853	17.56011328558635	3.932386131702672e-13
0.47863009232263853	20.631334163696547	1.410355231820449e-15
0.47863009232263853	24.23970406406746	1.7509577956239114e-18
0.47863009232263853	28.47916903733064	6.376987955919493e-19
0.47863009232263853	33.46010606866931	5.434853768525133e-20
0.47863009232263853	39.31219680809689	7.306321916448365e-21
0.47863009232263853	46.18780390913462	2.6231436800085395e-20
0.47863009232263853	54.26593788086872	2.6577637779597074e-20
0.47863009232263853	63.756917732733065	0.
0.47863009232263853	74.90784675466878	3.7128371903561606e-20
0.47863009232263853	88.00904599784533	0.
0.47863009232263853	103.40161295542909	0.
0.47863009232263853	121.48630223813717	1.554583595730614e-21
0.47863009232263853	142.73395945823216	0.
0.47863009232263853	167.69777997431484	1.9014171530956802e-20
0.47863009232263853	197.02771166060964	0.
0.47863009232263853	231.48737668538104	1.5359691777814986e-21
0.47863009232263853	271.97395286701993	1.6206797919633878e-22
0.47863009232263853	319.5415322307008	7.09742092428202e-21
0.47863009232263853	342.92868594913085	0.
0.47863009232263853	354.111143099646	0.
0.47863009232263853	369.0210859669995	0.
0.5623413251903494	0.965	0.02386906701465534
0.5623413251903494	1.133776140516646	0.027517701860896467
0.5623413251903494	1.332070815341784	0.031162700651838845
0.5623413251903494	1.5650467439513676	0.026434305618158706
0.5623413251903494	1.8387695928345336	0.016872273975149933
0.5623413251903494	2.1603658987184478	0.00891211365700435
0.5623413251903494	2.538208612179044	0.0038698470118966304
0.5623413251903494	2.982135092375615	0.0014446340703071533
0.5623413251903494	3.503703228531478	0.0004709547943056813
0.5623413251903494	4.11649235643537	0.00011671840327005537
0.5623413251903494	4.836456804503178	0.000027139041261673767
0.5623413251903494	5.682341274181433	4.614038470372205e-6
0.5623413251903494	6.6761688693677375	8.152719455257912e-7
0.5623413251903494	7.84381448098356	1.7068883235605483e-7
0.5623413251903494	9.215678455106858	2.7481114707918658e-8
0.5623413251903494	10.827478084013949	2.0553684409496796e-9
0.5623413251903494	12.721177527069333	3.76617614605856e-11
0.5623413251903494	14.946080372505453	9.999501389525051e-14
0.5623413251903494	17.56011328558635	3.3302388118244565e-19
0.5623413251903494	20.631334163696547	8.068391999859785e-19
0.5623413251903494	24.23970406406746	1.6336255454970963e-19
0.5623413251903494	28.47916903733064	8.395893954545804e-19
0.5623413251903494	33.46010606866931	8.106963371063674e-21
0.5623413251903494	39.31219680809689	2.0559725331432014e-19
0.5623413251903494	46.18780390913462	0.
0.5623413251903494	54.26593788086872	2.5982830010534646e-20
0.5623413251903494	63.756917732733065	0.
0.5623413251903494	74.90784675466878	0.
0.5623413251903494	88.00904599784533	1.7834989715791276e-20
0.5623413251903494	103.40161295542909	3.487703158173434e-22
0.5623413251903494	121.48630223813717	0.
0.5623413251903494	142.73395945823216	0.
0.5623413251903494	167.69777997431484	1.7256083442932836e-20
0.5623413251903494	197.02771166060964	0.
0.5623413251903494	231.48737668538104	4.565995331934838e-21
0.5623413251903494	271.97395286701993	6.842438781035836e-22
0.5623413251903494	319.5415322307008	6.686828274403696e-21
0.5623413251903494	342.92868594913085	0.
0.5623413251903494	354.111143099646	0.
0.5623413251903494	369.0210859669995	0.
0.6606934480075964	0.965	0.020881410083831063
0.6606934480075964	1.133776140516646	0.02145347403337203
0.6606934480075964	1.332070815341784	0.019999078211528562
0.6606934480075964	1.5650467439513676	0.014533683957135881
0.6606934480075964	1.8387695928345336	0.007881892333956069
0.6606934480075964	2.1603658987184478	0.0032894807684306047
0.6606934480075964	2.538208612179044	0.001081024230213542
0.6606934480075964	2.982135092375615	0.0002890160547328335
0.6606934480075964	3.503703228531478	0.00007230229282561597
0.6606934480075964	4.11649235643537	0.000011711729866735985
0.6606934480075964	4.836456804503178	1.5143278998572542e-6
0.6606934480075964	5.682341274181433	1.5021789882958172e-7
0.6606934480075964	6.6761688693677375	1.3528803853267702e-8
0.6606934480075964	7.84381448098356	1.7186115550757132e-9
0.6606934480075964	9.215678455106858	2.095776252778947e-10
0.6606934480075964	10.827478084013949	1.2310664199020744e-11
0.6606934480075964	12.721177527069333	2.0191783705932019e-13
0.6606934480075964	14.946080372505453	5.029362210206921e-16
0.6606934480075964	17.56011328558635	4.844838687090257e-19
0.6606934480075964	20.631334163696547	6.62012756794892e-19
0.6606934480075964	24.23970406406746	7.122912133844383e-19
0.6606934480075964	28.47916903733064	3.648702081450412e-19
0.6606934480075964	33.46010606866931	3.967557143071583e-20
0.6606934480075964	39.31219680809689	2.3669920944889593e-19
0.6606934480075964	46.18780390913462	2.037279435568173e-19
0.6606934480075964	54.26593788086872	9.042015763241748e-20
0.6606934480075964	63.756917732733065	1.2752934846126775e-23
0.6606934480075964	74.90784675466878	7.348428627550618e-21
0.6606934480075964	88.00904599784533	3.6457034040444507e-22
0.6606934480075964	103.40161295542909	9.104207852476025e-23
0.6606934480075964	121.48630223813717	0.
0.6606934480075964	142.73395945823216	0.
0.6606934480075964	167.69777997431484	7.030949358367384e-21
0.6606934480075964	197.02771166060964	0.
0.6606934480075964	231.48737668538104	8.183830780497007e-21
0.6606934480075964	271.97395286701993	9.074841120541885e-22
0.6606934480075964	319.5415322307008	7.38330492088482e-21
0.6606934480075964	342.92868594913085	8.762834137759819e-24
0.6606934480075964	354.111143099646	4.7384844817513194e-23
0.6606934480075964	369.0210859669995	8.909387638857077e-24
0.776247116628692	0.965	0.015301740406935155
0.776247116628692	1.133776140516646	0.014126074901200032
0.776247116628692	1.332070815341784	0.010702830765761675
0.776247116628692	1.5650467439513676	0.006531319304871884
0.776247116628692	1.8387695928345336	0.002898060807739129
0.776247116628692	2.1603658987184478	0.0008795778327049245
0.776247116628692	2.538208612179044	0.0002112284249875466
0.776247116628692	2.982135092375615	0.00003565720217975563
0.776247116628692	3.503703228531478	5.747580460446668e-6
0.776247116628692	4.11649235643537	6.784026523152268e-7
0.776247116628692	4.836456804503178	4.609196572677048e-8
0.776247116628692	5.682341274181433	2.661954072776441e-9
0.776247116628692	6.6761688693677375	1.160926799755477e-10
0.776247116628692	7.84381448098356	3.425025090726006e-12
0.776247116628692	9.215678455106858	2.741094905359409e-14
0.776247116628692	10.827478084013949	6.227574080188083e-19
0.776247116628692	12.721177527069333	2.4723685463179846e-19
0.776247116628692	14.946080372505453	1.166482827603815e-19
0.776247116628692	17.56011328558635	5.109577648425448e-19
0.776247116628692	20.631334163696547	7.753316745731052e-19
0.776247116628692	24.23970406406746	5.725812144696857e-19
0.776247116628692	28.47916903733064	2.687912268889955e-19
0.776247116628692	33.46010606866931	0.
0.776247116628692	39.31219680809689	2.712631884044952e-22
0.776247116628692	46.18780390913462	1.1071561842152142e-19
0.776247116628692	54.26593788086872	2.564633831490589e-20
0.776247116628692	63.756917732733065	0.
0.776247116628692	74.90784675466878	0.
0.776247116628692	88.00904599784533	0.
0.776247116628692	103.40161295542909	3.5156980964854145e-22
0.776247116628692	121.48630223813717	0.
0.776247116628692	142.73395945823216	0.
0.776247116628692	167.69777997431484	1.5307761900392574e-20
0.776247116628692	197.02771166060964	0.
0.776247116628692	231.48737668538104	4.3788985429992114e-21
0.776247116628692	271.97395286701993	6.71129887540498e-22
0.776247116628692	319.5415322307008	6.2053465036607855e-21
0.776247116628692	342.92868594913085	2.4842257841104955e-22
0.776247116628692	354.111143099646	1.3433399676538216e-21
0.776247116628692	369.0210859669995	2.525773071261426e-22
0.9120108393559101	0.965	0.009157793997120713
0.9120108393559101	1.133776140516646	0.00766458207948777
0.9120108393559101	1.332070815341784	0.0044376493732437745
0.9120108393559101	1.5650467439513676	0.002048802368284835
0.9120108393559101	1.8387695928345336	0.0007047081343849618
0.9120108393559101	2.1603658987184478	0.00014738684385569935
0.9120108393559101	2.538208612179044	0.00002526052407696955
0.9120108393559101	2.982135092375615	2.6626452679176523e-6
0.9120108393559101	3.503703228531478	1.815794217364132e-7
0.9120108393559101	4.11649235643537	1.4133679227916727e-8
0.9120108393559101	4.836456804503178	5.00484882792149e-10
0.9120108393559101	5.682341274181433	1.072923784496814e-11
0.9120108393559101	6.6761688693677375	1.2020078683493243e-13
0.9120108393559101	7.84381448098356	2.63022497101931e-16
0.9120108393559101	9.215678455106858	1.4133081035151444e-18
0.9120108393559101	10.827478084013949	6.071871157117653e-19
0.9120108393559101	12.721177527069333	8.190683241938646e-19
0.9120108393559101	14.946080372505453	5.074392184772293e-19
0.9120108393559101	17.56011328558635	7.575550081286206e-19
0.9120108393559101	20.631334163696547	4.401380927693581e-19
0.9120108393559101	24.23970406406746	2.5511581179678007e-19
0.9120108393559101	28.47916903733064	1.8864864136630324e-19
0.9120108393559101	33.46010606866931	3.621217674876771e-20
0.9120108393559101	39.31219680809689	2.1521955928066695e-19
0.9120108393559101	46.18780390913462	0.
0.9120108393559101	54.26593788086872	1.3301185938284953e-19
0.9120108393559101	63.756917732733065	3.8909330457575733e-22
0.9120108393559101	74.90784675466878	0.
0.9120108393559101	88.00904599784533	0.
0.9120108393559101	103.40161295542909	5.449263922812172e-22
0.9120108393559101	121.48630223813717	0.
0.9120108393559101	142.73395945823216	0.
0.9120108393559101	167.69777997431484	9.63866008710556e-22
0.9120108393559101	197.02771166060964	0.
0.9120108393559101	231.48737668538104	4.0260121545688187e-22
0.9120108393559101	271.97395286701993	3.1911556759398065e-22
0.9120108393559101	319.5415322307008	3.8778776578590464e-21
0.9120108393559101	342.92868594913085	0.
0.9120108393559101	354.111143099646	0.
0.9120108393559101	369.0210859669995	0.
1.0394627068146698	0.965	0.00548620406954951
1.0394627068146698	1.133776140516646	0.004337911600366925
1.0394627068146698	1.332070815341784	0.0020664518644883437
1.0394627068146698	1.5650467439513676	0.0007139497700325289
1.0394627068146698	1.8387695928345336	0.00019825291073285732
1.0394627068146698	2.1603658987184478	0.00003445383300021692
1.0394627068146698	2.538208612179044	4.653843515617511e-6
1.0394627068146698	2.982135092375615	3.888686734142358e-7
1.0394627068146698	3.503703228531478	1.3791978482719208e-8
1.0394627068146698	4.11649235643537	6.31884469948762e-10
1.0394627068146698	4.836456804503178	1.347219724639629e-11
1.0394627068146698	5.682341274181433	4.974219907136176e-14
1.0394627068146698	6.6761688693677375	1.1135497245013262e-19
1.0394627068146698	7.84381448098356	8.0491245872849275e-19
1.0394627068146698	9.215678455106858	5.353199978744339e-19
1.0394627068146698	10.827478084013949	1.6032328452232645e-19
1.0394627068146698	12.721177527069333	5.21171889838121e-19
1.0394627068146698	14.946080372505453	1.2345185275844954e-19
1.0394627068146698	17.56011328558635	6.913286770447557e-19
1.0394627068146698	20.631334163696547	8.889854249426948e-19
1.0394627068146698	24.23970406406746	1.8804610440695808e-19
1.0394627068146698	28.47916903733064	3.939128549541333e-19
1.0394627068146698	33.46010606866931	8.426153541250201e-20
1.0394627068146698	39.31219680809689	1.5194500883848474e-20
1.0394627068146698	46.18780390913462	8.833599528857458e-20
1.0394627068146698	54.26593788086872	6.774768362566475e-20
1.0394627068146698	63.756917732733065	5.643657159911201e-21
1.0394627068146698	74.90784675466878	6.0733246777887416e-21
1.0394627068146698	88.00904599784533	1.993493186174224e-20
1.0394627068146698	103.40161295542909	6.872375392668852e-23
1.0394627068146698	121.48630223813717	0.
1.0394627068146698	142.73395945823216	0.
1.0394627068146698	167.69777997431484	8.99598364814312e-21
1.0394627068146698	197.02771166060964	0.
1.0394627068146698	231.48737668538104	0.
1.0394627068146698	271.97395286701993	1.9421370538503048e-22
1.0394627068146698	319.5415322307008	2.6584814211030826e-21
1.0394627068146698	342.92868594913085	0.
1.0394627068146698	354.111143099646	0.
1.0394627068146698	369.0210859669995	0.
1.073358229862974	0.965	0.00492118155185313
1.073358229862974	1.133776140516646	0.0038529852368011743
1.073358229862974	1.332070815341784	0.0017692130993345523
1.073358229862974	1.5650467439513676	0.0005705193092465155
1.073358229862974	1.8387695928345336	0.00015015181594557267
1.073358229862974	2.1603658987184478	0.000025377152888741605
1.073358229862974	2.538208612179044	3.273969006689463e-6
1.073358229862974	2.982135092375615	2.634228461421246e-7
1.073358229862974	3.503703228531478	8.821230184397364e-9
1.073358229862974	4.11649235643537	3.819214816952698e-10
1.073358229862974	4.836456804503178	8.06380302814435e-12
1.073358229862974	5.682341274181433	2.968381448240057e-14
1.073358229862974	6.6761688693677375	1.7417503719383924e-19
1.073358229862974	7.84381448098356	8.035188125166003e-19
1.073358229862974	9.215678455106858	4.150096243964275e-19
1.073358229862974	10.827478084013949	2.50768451828407e-19
1.073358229862974	12.721177527069333	5.074465041959197e-19
1.073358229862974	14.946080372505453	1.7417291702911808e-19
1.073358229862974	17.56011328558635	6.786561976371171e-19
1.073358229862974	20.631334163696547	7.409463485287723e-19
1.073358229862974	24.23970406406746	1.9113673492496517e-19
1.073358229862974	28.47916903733064	3.630615092489701e-19
1.073358229862974	33.46010606866931	1.317970427504251e-19
1.073358229862974	39.31219680809689	2.3766363534159164e-20
1.073358229862974	46.18780390913462	1.0107633783947783e-19
1.073358229862974	54.26593788086872	9.523115164415106e-20
1.073358229862974	63.756917732733065	8.827483623840989e-21
1.073358229862974	74.90784675466878	9.499544819319434e-21
1.073358229862974	88.00904599784533	2.033306318328569e-20
1.073358229862974	103.40161295542909	7.092207623397249e-23
1.073358229862974	121.48630223813717	0.
1.073358229862974	142.73395945823216	0.
1.073358229862974	167.69777997431484	6.435841079107318e-21
1.073358229862974	197.02771166060964	0.
1.073358229862974	231.48737668538104	0.
1.073358229862974	271.97395286701993	1.1936924451163963e-22
1.073358229862974	319.5415322307008	2.365438664211054e-21
1.073358229862974	342.92868594913085	0.
1.073358229862974	354.111143099646	0.
1.073358229862974	369.0210859669995	0.
1.1185522605940468	0.965	0.004239145971657961
1.1185522605940468	1.133776140516646	0.0032681727408258093
1.1185522605940468	1.332070815341784	0.0014116109810429168
1.1185522605940468	1.5650467439513676	0.00039837319680892527
1.1185522605940468	1.8387695928345336	0.00009248053266880188
1.1185522605940468	2.1603658987184478	0.000014498881291193313
1.1185522605940468	2.538208612179044	1.6210591833001568e-6
1.1185522605940468	2.982135092375615	1.1320490413912702e-7
1.1185522605940468	3.503703228531478	2.871248843655615e-9
1.1185522605940468	4.11649235643537	8.280577744010779e-11
1.1185522605940468	4.836456804503178	1.5921930739781517e-12
1.1185522605940468	5.682341274181433	5.6825523922284e-15
1.1185522605940468	6.6761688693677375	2.489547683223897e-19
1.1185522605940468	7.84381448098356	8.006845377359926e-19
1.1185522605940468	9.215678455106858	2.7070488476251925e-19
1.1185522605940468	10.827478084013949	3.584325448314797e-19
1.1185522605940468	12.721177527069333	4.903139972915656e-19
1.1185522605940468	14.946080372505453	2.345014139701638e-19
1.1185522605940468	17.56011328558635	6.625320687482698e-19
1.1185522605940468	20.631334163696547	5.630475422770914e-19
1.1185522605940468	24.23970406406746	1.9454999523201352e-19
1.1185522605940468	28.47916903733064	3.25683666262334e-19
1.1185522605940468	33.46010606866931	1.8838234670214127e-19
1.1185522605940468	39.31219680809689	3.3970135002339873e-20
1.1185522605940468	46.18780390913462	1.1614646747229753e-19
1.1185522605940468	54.26593788086872	1.2791921204250941e-19
1.1185522605940468	63.756917732733065	1.2617446080963179e-20
1.1185522605940468	74.90784675466878	1.3578047794701308e-20
1.1185522605940468	88.00904599784533	2.077899869758519e-20
1.1185522605940468	103.40161295542909	7.344454590811588e-23
1.1185522605940468	121.48630223813717	0.
1.1185522605940468	142.73395945823216	0.
1.1185522605940468	167.69777997431484	3.368597707090984e-21
1.1185522605940468	197.02771166060964	0.
1.1185522605940468	231.48737668538104	0.
1.1185522605940468	271.97395286701993	2.9800072524960864e-23
1.1185522605940468	319.5415322307008	2.0119803993580015e-21
1.1185522605940468	342.92868594913085	0.
1.1185522605940468	354.111143099646	0.
1.1185522605940468	369.0210859669995	0.