0.02	1.	0.	0.	0.	0.	0
0.028999999999999998	1.	0.	0.	0.	0.	0
0.038	1.	0.	0.	0.	0.	0
0.047	1.	0.	0.	0.	0.	0
0.055999999999999994	1.	0.	0.	0.	0.	0
0.065	0.9999999999999999	0.	0.	0.	0.	0
0.074	1.	0.	0.	0.	0.	0
0.083	1.	0.	0.	0.	0.	0
0.092	1.	0.	0.	0.	0.	0
0.10099999999999999	1.	0.	0.	0.	0.	0
0.11	1.	0.	0.	0.	0.	0
0.119	1.	0.	0.	0.	0.	0
0.12799999999999997	1.	0.	0.	0.	0.	0
0.131	1.	0.	0.	0.	0.	0
0.135	1.	0.	0.	0.	0.	0
0.139	0.9999999999999999	0.	0.	0.	0.	0
0.145	1.	0.	0.	0.	0.	0
0.151	1.	0.	0.	0.	0.	0
0.155	1.	0.	0.	0.	0.	0
0.164	1.	0.	0.	0.	0.	0
0.173	1.	0.	0.	0.	0.	0
0.182	1.	0.	0.	0.	0.	0
0.191	1.	0.	0.	0.	0.	0
0.2	1.	0.	0.	0.	0.	0
0.209	1.	0.	0.	0.	0.	0
0.218	1.	0.	0.	0.	0.	0
0.22699999999999998	1.	0.	0.	0.	0.	0
0.236	1.	0.	0.	0.	0.	0
0.245	0.9999999999999999	0.	0.	0.	0.	0
0.254	1.	0.	0.	0.	0.	0
0.263	1.	0.	0.	0.	0.	0
0.272	1.	0.	0.	0.	0.	0
0.281	1.	3.6250792901477697e-87	0.	0.	0.	0
0.29	1.	3.695845742184314e-67	0.	0.	0.	0
0.299	1.	9.186934230408534e-48	0.	0.	0.	0
0.308	1.	6.072789127150235e-29	0.	0.	0.	0
0.31699999999999995	0.9999999998852831	1.1471684101439828e-10	0.	0.	0.	0
0.32599999999999996	0.9998565849432605	0.0001434150567394056	0.	0.	0.	0
0.33499999999999996	0.9997849923111186	0.00021500768888154412	0.	0.	0.	0
0.344	0.9996845063632251	0.00031549363677480354	0.	0.	0.	0
0.353	0.9995416403429052	0.0004583596570947906	0.	0.	0.	0
0.362	0.9993546389737672	0.0006453610262328387	0.	0.	0.	0
0.371	0.9991613296724408	0.0008386703275591366	0.	0.	0.	0
0.38	0.9989170009964807	0.0010829990035192425	0.	0.	0.	0
0.389	0.9986269160709447	0.001373083929055327	0.	0.	0.	0
0.398	0.99828808686632	0.00171191313368004	0.	0.	0.	0
0.40700000000000003	0.9972137440332562	0.0021220241730889873	0.0006642317936547623	0.	0.	0
0.4159999999999999	0.980260661859242	0.002563588534017941	0.017175749606739916	0.	0.	0
0.42499999999999993	0.9353486151596722	0.003331777887698848	0.06131960695262892	0.	0.	0
0.43399999999999994	0.8730145170421345	0.004769986386690618	0.12221549657117489	0.	0.	0
0.44299999999999995	0.8055177380925664	0.006422834744434193	0.18805942716299925	0.	0.	0
0.45199999999999996	0.7426948867443127	0.008386264152707268	0.24891884910297998	0.	0.	0
0.46099999999999997	0.6839528295282161	0.010863808111139819	0.30518336236064414	0.	0.	0
0.47	0.6287040354552418	0.014062416569031769	0.3572335479757265	0.	0.	0
0.479	0.5824623428483173	0.017073407530659872	0.40046424962102284	0.	0.	0
0.488	0.5473986638497459	0.021192429852782108	0.4314089062974721	0.	0.	0
0.497	0.5076195739318844	0.02805780658673851	0.46432261948137715	0.	0.	0
0.506	0.46859742972870244	0.03622995837572871	0.4951726118955689	0.	0.	0
0.515	0.4307821193101367	0.045323388095370065	0.5238944925944934	0.	0.	0
0.524	0.3996174516043223	0.06010589364273045	0.5402766547529471	0.	0.	0
0.5329999999999999	0.3573215582372426	0.07378420527481193	0.5688942364879455	0.	0.	0
0.54	0.21175712079028688	0.09185011096781032	0.6963927682419027	0.	0.	0
0.541	0.17613782165412095	0.11911692489801214	0.7047452534478669	0.	0.	0
0.542	0.224204501869794	0.45597513704693615	0.31982036108326994	0.	0.	0
0.543	0.16935894019521394	0.7931379560098815	0.03750310379490451	0.	0.	0
0.544	0.08470256826844105	0.9120411962332076	0.00325623549835147	0.	0.	0
0.545	0.03887006072905895	0.9608294635176357	0.0003004757533054057	0.	0.	0
0.546	0.01734211993123685	0.9826183609022147	0.00003951916654857423	0.	0.	0
0.547	0.7688998870716031	0.23035753341859455	0.0007425795098023951	0.	0.	0
0.548	0.9971799498652232	0.0021279338242089357	0.0006921163105679046	0.	0.	0
0.549	0.9984292805759816	0.0004908823716690468	0.0010798370523493678	0.	0.	0
0.55	0.9969681549579054	0.0002440393114579352	0.0027878057306367173	0.	0.	0
0.551	0.9826071855407725	0.0009930146124803147	0.016399799846747207	0.	0.	0
0.552	0.8648788476803353	0.00977107309856807	0.1253500792210968	0.	0.	0
0.553	0.3985986175968699	0.05228633635217824	0.549115046050952	0.	0.	0
0.554	0.1486302305827994	0.0849384360781784	0.7664313333390224	0.	0.	0
0.555	0.17362679526599553	0.09805277172385977	0.7283204330101448	0.	0.	0
0.56	0.25506111546138877	0.1324169034088441	0.6125219811297673	0.	0.	0
0.5690000000000001	0.28412410999739046	0.15564406953544307	0.5602318204671664	0.	0.	0
0.5780000000000001	0.25447703603927163	0.19605924239934	0.5494637215613883	0.	0.	0
0.5870000000000001	0.22292674806707893	0.24364631582017085	0.5334269361127503	0.	0.	0
0.5960000000000001	0.1890757193775757	0.299359527731601	0.5115647528908233	0.	0.	0
0.6050000000000001	0.16138131566225816	0.35342062614271674	0.4851980581950251	0.	0.	0
0.6140000000000001	0.1353253996994693	0.4163319929970139	0.4483426073035169	0.	0.	0
0.623	0.10594929521659194	0.48292675427812687	0.4111239505052811	0.	0.	0
0.632	0.07846439773931294	0.5530475690718757	0.3684880331888114	0.	0.	0
0.641	0.055108313420106025	0.622550510824792	0.3223411757551019	0.	0.	0
0.65	0.035781906695631735	0.6872450347284446	0.27697305857592364	0.	0.	0
0.659	0.018969310145136392	0.7474184878141973	0.23361220204066657	0.	0.	0
0.668	0.007863247217743216	0.7972046219127267	0.1949321308695301	0.	0.	0
0.677	0.0012447550283937558	0.8365971709830989	0.16215807398850732	0.	0.	0
0.686	0.00004816668351347703	0.8643731524339411	0.13557868088254538	0.	0.	0
0.6950000000000001	0.0037613995996373223	0.8803389614181042	0.11589963898225861	0.	0.	0
0.7040000000000001	0.010987624239610961	0.8868858350942408	0.10212654066614815	0.	0.	0
0.7130000000000001	0.02316797716609287	0.8815056607487011	0.09532636208520591	0.	0.	0
0.722	0.03762001859539002	0.8674008366640328	0.09497914474057721	0.	0.	0
0.7310000000000001	0.05830416272949067	0.8420081565898585	0.09968768068065093	0.	0.	0
0.74	0.08017050547641663	0.8106916735684491	0.10913782095513441	0.	0.	0
0.749	0.10529824004160626	0.7701322759298429	0.12456948402855088	0.	0.	0
0.758	0.13693000680052367	0.7191338323645824	0.14393616083489383	0.	0.	0
0.767	0.17065509971075915	0.6613678872496983	0.16797701303954252	0.	0.	0
0.776	0.21079712870337897	0.5911529153861026	0.19804995591051847	0.	0.	0
0.785	0.2546977561243987	0.513935927160648	0.23136631671495347	0.	0.	0
0.794	0.3072482165880619	0.42040880581020607	0.2723429776017318	0.	0.	0
0.803	0.37392597839218406	0.31231646618683606	0.3137575554209799	0.	0.	0
0.812	0.44440537646988404	0.1969947793980883	0.3585998441320277	0.	0.	0
0.821	0.5021269961473743	0.09807360731478239	0.3996509948243569	0.00014840171348652712	0.	0
0.8300000000000001	0.5488820312907938	0.024141275137384628	0.4268461867148865	0.00013050685693499284	0.	0
0.839	0.5681574957397711	0.0018958506196508874	0.42877424565567157	0.0011724079849063684	0.	0
0.8480000000000001	0.550261508447115	0.04093256286578593	0.400016511602994	0.008789417084105073	0.	0
0.857	0.4815460171494318	0.15207541789587667	0.3346690879894256	0.03170947696526614	0.	0
0.8660000000000001	0.39429246124200706	0.2699755264846879	0.26238825036100455	0.07334376191230048	0.	0
0.875	0.29279279573904654	0.3899196556290503	0.18339637153709387	0.13389117709480922	0.	0
0.884	0.20728936149586566	0.47521643838179173	0.12193721795911026	0.1955569821632323	0.	0
0.893	0.1413286202157289	0.5357401354856457	0.07659282438816638	0.24633841991045904	0.	0
0.902	0.0871346007080235	0.5733806031138389	0.04684089200961295	0.29264390416852476	0.	0
0.911	0.07484762735399204	0.4745770842706289	0.0341854201937649	0.41638986818161416	0.	0
0.92	0.06266109210513714	0.455940630151312	0.021277111072640752	0.46012116667091	0.	0
0.929	0.0451513962069237	0.4607098580274753	0.009346499548305133	0.4847922462172959	0.	0
0.938	0.0258010208068305	0.16277113494281317	0.002506667822953044	0.8089211764274035	0.	0
0.95	0.9959111495637089	0.0010870116310540579	0.00004417785121588053	0.0029576609540212465	0.	0
0.951	0.9963527962740338	0.0009421745825708594	0.0000476999551540201	0.0026573291882413244	0.	0
0.952	0.9967151666930538	0.0008259714140345862	0.00005422157944750307	0.0024046403134642116	0.	0
0.953	0.996971808847712	0.0007607024131719612	0.00006526805138900504	0.002202220687727167	0.	0
0.954	0.997152298989985	0.0007005981519593721	0.00008746771514246075	0.0020596351429130627	0.	0
0.955	0.9971296744347561	0.0006451671439772499	0.0001373656164861444	0.0020877928047805827	0.	0
0.956	0.9969696077253453	0.0005940911498459586	0.00032028754922032925	0.002116013575588552	0.	0
0.957	0.8447959944396919	0.002319285487409312	0.009985743416416979	0.14289897665648196	0.	0
0.958	0.005893499357139506	0.008343397411942729	0.	0.9857631032309179	0.	0
0.959	0.00008291257083062818	0.9332465078865689	0.	0.0666705795426004	0.	0
0.96	0.0004937968116268813	0.9861430165006889	0.	0.013363186687684101	0.	0
0.961	0.002748999826099486	0.9169753994519977	0.	0.08027560072190297	0.	0
0.962	0.01041847302502382	0.6613157178879365	0.	0.3282658090870396	0.	0
0.963	0.013664488510573034	0.5135105941749907	0.	0.4728249173144362	0.	0
0.964	0.016155776882841828	0.36087487153723774	0.	0.6229693515799204	0.	0
0.965	0.01646906953779198	0.2996639065875353	0.	0.6838670238746727	0.	0
0.966	0.01641112030862243	0.29345928957082706	0.	0.6901295901205505	0.	0
0.967	0.01632192712390406	0.2873203351542691	0.	0.6963577377218269	0.	0
0.968	0.016009829695463846	0.28403949399948053	0.	0.6999506763050556	0.	0
0.969	0.015703041443951102	0.280782072768635	0.	0.703514885787414	0.	0
0.97	0.015417236833389395	0.27754386227083516	0.	0.7070389008957754	0.	0
1.	0.008078294383088162	0.20286642622644532	0.	0.7890552793904664	0.	0
1.01	0.006574195317850187	0.1790487449990041	0.	0.8143770596831457	0.	0
1.02	0.005400236560272029	0.15877793856276373	0.	0.8358218248769643	0.	0
1.03	0.004392017726897114	0.14100746450224835	0.	0.8546005177708547	0.	0
1.04	0.0036131166419581112	0.12332577584449082	0.	0.8730611075135511	0.	0
1.05	0.002946710281695312	0.10904287637349447	0.	0.8880104133448102	0.	0
1.06	0.002451243931117003	0.09616314856642545	0.	0.9013856075024576	0.	0
1.07	0.0019844621075245316	0.08282786695826404	0.	0.9151876709342113	0.	0
1.08	0.0016094594541217226	0.07087335496710372	0.	0.9275171855787744	0.	0
1.09	0.0013038809167380957	0.060327302566321135	0.	0.9383688165169407	0.	0
1.1	0.0010457613422011822	0.05062467309330553	0.	0.9483295655644933	0.	0
1.11	0.0008371367187081449	0.042285368664955206	0.	0.9568774946163366	0.	0
1.12	0.0006704301713139475	0.03546102625495879	0.	0.9638685435737274	0.	0
1.13	0.0005437974410649608	0.029761623204619735	0.	0.9696945793543154	0.	0
1.1400000000000001	0.00044284421969770986	0.025390116593465628	0.	0.9718465685370132	0.002320470649823435	0
1.15	0.00036726199993035967	0.022076118438379307	0.	0.9657819506281016	0.01177466893358882	0
1.16	0.0003078643444685649	0.019426212297617044	0.	0.9606688433126629	0.019597080045251476	0
1.17	0.0002656881296859746	0.017513366480992713	0.	0.9537268355227799	0.028494109866541578	0
1.18	0.00023160503505244244	0.015902602929062738	0.	0.9478303671658669	0.03603542487001788	0
1.19	0.00020379733586727965	0.014555307066974273	0.	0.9428081102586046	0.04243278533855412	0
1.2	0.00017928883499453778	0.013307285701823515	0.	0.9369506737894897	0.049562751673692305	0
1.21	0.0001577983390706166	0.012160112009323298	0.	0.9310027797978137	0.05667930985379248	0
1.22	0.00014213134990490636	0.011332390810846525	0.	0.926073357217355	0.06245212062189387	0
1.23	0.00012873301292603341	0.010619127999263187	0.	0.9215590418534033	0.06769309713440734	0
1.24	0.00011716649478055559	0.009988940304560177	0.	0.9173862986269226	0.07250759457373661	0
1.25	0.00010629461437189348	0.009363304961453219	0.	0.9140854494771253	0.07644495094704942	0
1.26	0.00009679087127126916	0.008822632237273325	0.	0.9111888817288799	0.07989169516257569	0
1.27	0.00008886552549605736	0.008338997639739422	0.	0.9081812094156487	0.08339092741911579	0
1.28	0.00008262839759335201	0.007976282831936146	0.	0.9042429195269418	0.08769816924352862	0
1.29	0.00007663807191217055	0.007618293532073851	0.	0.9021258192610617	0.09017924913495215	0
1.3	0.00007091666240995383	0.007298736277040287	0.	0.9003352692316966	0.09229507782885313	0
1.31	0.00006601535024788263	0.0070093715026414115	0.	0.898409797733042	0.09451481541406884	0
1.32	0.00006176670521902594	0.006683748432963141	0.	0.8966015095098026	0.09665297535201531	0
1.33	0.000057920242257440726	0.006407826854326664	0.	0.8949372220517686	0.09859703085164728	0
1.34	0.000054757766617759214	0.0062075867932055145	0.	0.8927506344133017	0.10098702102687514	0
1.35	0.00005168108264314167	0.006012502231324182	0.	0.8917702087281577	0.1021656079578749	0
1.3599999999999999	0.00004859468684236151	0.005803702369422008	0.	0.8912014029948029	0.10294629994893288	0
1.37	0.00004600802537031321	0.005637624768954971	0.	0.8900775799434391	0.1042387872622357	0
1.38	0.0000436970971898925	0.005469301651235719	0.	0.8896295728786944	0.10485742837288009	0
1.3900000000000001	0.000041554186638570676	0.005319349338436152	0.	0.8899539757000902	0.10468512077483509	0
1.4	0.00003988838022574913	0.00522575443478275	0.	0.8900976924275974	0.10463666475739414	0
1.4100000000000001	0.00003825499784285025	0.005106127239087663	0.	0.8910196898271159	0.10383592793595355	0
1.42	0.000036668573368390054	0.004981291549481834	0.	0.8921038968369295	0.10287814304022022	0
1.43	0.000035304900484037006	0.0049010879259645855	0.	0.8924573298423023	0.10260627733124911	0
1.44	0.000033923370440976946	0.004814122556445773	0.	0.8938159982998475	0.10133595577326587	0
1.45	0.000032448476787210765	0.004666212188614957	0.	0.895535320757704	0.09976601857689373	0
1.46	0.00003124333157470926	0.0045524194080453495	0.	0.8964686486169221	0.09894768864345782	0
1.47	0.000030123731784980773	0.0044593624455930465	0.	0.8980476732688076	0.09746284055381446	0
1.48	0.00002911017514938371	0.00438187399448986	0.	0.8994394451557821	0.0961495706745785	0
1.49	0.00002836338723053787	0.00434710382654277	0.	0.8993931810772617	0.09623135170896487	0
1.5	0.00002752565528126375	0.004301198623128509	0.	0.8999395035102425	0.09573177221134752	0
1.51	0.000026656290570758583	0.004248423070585342	0.	0.9007226543960327	0.09500226624281108	0
1.52	0.000025988135028202553	0.004221969306430276	0.	0.9004805621480004	0.09527148041054112	0
1.53	0.000025411613061532476	0.004198818838829187	0.	0.9007605549295815	0.09501521461852767	0
1.54	0.00002487184065681465	0.004134908328276218	0.	0.901204301774606	0.09463591805646088	0
1.55	0.000024335989895194572	0.004095185784194706	0.	0.9012407343647874	0.0946397438611227	0
1.56	0.00002362589829185436	0.004078492402814929	0.	0.9013509295472208	0.0945469521516724	0
1.57	0.000022919532785176202	0.003999707026355091	0.	0.9016034006662026	0.09437397277465709	0
1.58	0.000022244640951343787	0.003943854484533662	0.	0.9021059973497421	0.09392790352477302	0
1.5899999999999999	0.000021593470595029384	0.003908768041296772	0.	0.9031306749613678	0.09293896352674035	0
1.6	0.00002100621538069328	0.0038440109701896054	0.	0.9044367298923984	0.09169825292203124	0
1.6099999999999999	0.000020407778794534145	0.0038424874623452037	0.	0.9041458510391096	0.0919912537197506	0
1.62	0.000019425145509203517	0.003794390574784321	0.	0.9047979005973269	0.09138828368237971	0
1.63	0.000018575109410866916	0.0037307254610007353	0.	0.9059683899345465	0.09028230949504197	0
1.6400000000000001	0.000018244941597680052	0.0037149227450880124	0.	0.905888258238488	0.09037857407482651	0
1.65	0.00001786434362605182	0.003678297265650897	0.	0.9060610417603906	0.09024279663033258	0
1.6600000000000001	0.0000174073638166841	0.0036433672059678936	0.	0.906417623636187	0.08992160179402833	0
1.67	0.000016978023423684998	0.003600396832331847	0.	0.9074632230147113	0.08891940212953331	0
1.6800000000000002	0.000016609392878123382	0.0035750109508963838	0.	0.908084114993189	0.08832426466303654	0
1.69	0.000016334962153136548	0.0035536750746293106	0.	0.9085811906036511	0.0878487993595663	0
1.7000000000000002	0.0000159311249338841	0.0035234442931045677	0.	0.9096413491689994	0.08681927541296224	0
1.71	0.00001557563161713022	0.00351050892129525	0.	0.9105140302156527	0.0859598852314348	0
1.72	0.000015232084600186971	0.003478443622981462	0.	0.9113960555648718	0.08511026872754639	0
1.73	0.000014864829717797424	0.0034416175938960956	0.	0.9134481879972329	0.08309532957915317	0
1.74	0.000014600860410829824	0.003428101433949314	0.	0.9149785454324022	0.08157875227323763	0
1.75	0.000014363186342401127	0.003424344700855924	0.	0.9160514893858515	0.08050980272695024	0
1.76	0.000014100901276495729	0.0034060579165213207	0.	0.9167025481976315	0.07987729298457061	0
1.77	0.00001376462993996876	0.003377800141128789	0.	0.917481061668318	0.0791273735606133	0
1.78	0.000013447381022542812	0.0033382460860397565	0.	0.9187299445703988	0.07791836196253894	0
1.79	0.000013160059590895382	0.0033222025254745777	0.	0.9197149884544974	0.0769496489604371	0
1.8	0.000012877378000434516	0.0033092735496961993	0.	0.9204947701265511	0.07618307894575212	1.
1.81	0	0	0	0	0	0.9999999999999998
1.82	0	0	0	0	0	0.9999999999999998
1.83	0	0	0	0	0	1.
1.8399999999999999	0	0	0	0	0	0.9999999999999999
1.85	0	0	0	0	0	0.9999999999999999
1.8599999999999999	0	0	0	0	0	1.0000000000000002
1.87	0	0	0	0	0	0.9999999999999998
1.88	0	0	0	0	0	0.9999999999999999
1.8900000000000001	0	0	0	0	0	1.
1.9	0	0	0	0	0	1.
1.9100000000000001	0	0	0	0	0	1.0000000000000002
1.92	0	0	0	0	0	0.9999999999999998
1.9300000000000002	0	0	0	0	0	1.
1.94	0	0	0	0	0	0.9999999999999999
1.9500000000000002	0	0	0	0	0	1.
1.96	0	0	0	0	0	0.9999999999999997
1.97	0	0	0	0	0	1.
1.98	0	0	0	0	0	1.0000000000000002
1.99	0	0	0	0	0	0.9999999999999999
2.	0	0	0	0	0	0.9999999999999999
2.01	0	0	0	0	0	0.9999999999999999
2.02	0	0	0	0	0	1.0000000000000004
2.0300000000000002	0	0	0	0	0	1.
2.04	0	0	0	0	0	1.0000000000000002
2.05	0	0	0	0	0	1.
2.06	0	0	0	0	0	0.9999999999999998
2.0700000000000003	0	0	0	0	0	1.
2.08	0	0	0	0	0	0.9999999999999997
2.09	0	0	0	0	0	1.0000000000000002
2.1	0	0	0	0	0	1.0000000000000002
2.1100000000000003	0	0	0	0	0	1.0000000000000002
2.12	0	0	0	0	0	1.
2.13	0	0	0	0	0	1.
2.14	0	0	0	0	0	1.
2.1500000000000004	0	0	0	0	0	0.9999999999999999
2.16	0	0	0	0	0	1.
2.17	0	0	0	0	0	1.0000000000000002
2.1799999999999997	0	0	0	0	0	1.
2.19	0	0	0	0	0	1.
2.2	0	0	0	0	0	1.
2.21	0	0	0	0	0	0.9999999999999999
2.2199999999999998	0	0	0	0	0	0.9999999999999999
2.23	0	0	0	0	0	0.9999999999999999
2.24	0	0	0	0	0	1.0000000000000002
2.25	0	0	0	0	0	1.0000000000000002
2.26	0	0	0	0	0	1.
2.27	0	0	0	0	0	1.0000000000000004
2.2800000000000002	0	0	0	0	0	1.
2.29	0	0	0	0	0	0.9999999999999999
2.3	0	0	0	0	0	1.
2.31	0	0	0	0	0	1.0000000000000002
2.3200000000000003	0	0	0	0	0	1.0000000000000002
2.33	0	0	0	0	0	0.9999999999999999
2.34	0	0	0	0	0	0.9999999999999999
2.35	0	0	0	0	0	0.9999999999999999
2.3600000000000003	0	0	0	0	0	0.9999999999999999
2.37	0	0	0	0	0	1.
2.38	0	0	0	0	0	0.9999999999999999
2.39	0	0	0	0	0	0.9999999999999998
2.4000000000000004	0	0	0	0	0	1.
2.41	0	0	0	0	0	1.0000000000000002
2.42	0	0	0	0	0	1.
2.4299999999999997	0	0	0	0	0	0.9999999999999998
2.44	0	0	0	0	0	0.9999999999999999
2.45	0	0	0	0	0	1.0000000000000002
2.46	0	0	0	0	0	0.9999999999999999
2.4699999999999998	0	0	0	0	0	0.9999999999999998
2.48	0	0	0	0	0	1.
2.49	0	0	0	0	0	1.0000000000000002
2.5	0	0	0	0	0	0.9999999999999999
2.51	0	0	0	0	0	0.9999999999999999
2.52	0	0	0	0	0	1.
2.5300000000000002	0	0	0	0	0	1.
2.54	0	0	0	0	0	0.9999999999999999
2.55	0	0	0	0	0	1.0000000000000002
2.56	0	0	0	0	0	1.
2.5700000000000003	0	0	0	0	0	1.
2.58	0	0	0	0	0	0.9999999999999999
2.59	0	0	0	0	0	1.0000000000000002
2.6	0	0	0	0	0	1.
2.6100000000000003	0	0	0	0	0	0.9999999999999999
2.62	0	0	0	0	0	1.
2.63	0	0	0	0	0	0.9999999999999998
2.64	0	0	0	0	0	1.
2.6500000000000004	0	0	0	0	0	0.9999999999999998
2.66	0	0	0	0	0	1.
2.67	0	0	0	0	0	0.9999999999999999
2.6799999999999997	0	0	0	0	0	1.
2.69	0	0	0	0	0	0.9999999999999997
2.7	0	0	0	0	0	1.
2.71	0	0	0	0	0	0.9999999999999999
2.7199999999999998	0	0	0	0	0	0.9999999999999998
2.73	0	0	0	0	0	0.9999999999999998
2.74	0	0	0	0	0	1.
2.75	0	0	0	0	0	1.
2.76	0	0	0	0	0	1.0000000000000002
2.77	0	0	0	0	0	1.
2.7800000000000002	0	0	0	0	0	0.9999999999999998
2.79	0	0	0	0	0	1.
2.8	0	0	0	0	0	1.0000000000000002
2.81	0	0	0	0	0	0.9999999999999999
2.8200000000000003	0	0	0	0	0	0.9999999999999999
2.83	0	0	0	0	0	1.
2.84	0	0	0	0	0	1.
2.85	0	0	0	0	0	0.9999999999999998
2.8600000000000003	0	0	0	0	0	1.
2.87	0	0	0	0	0	1.0000000000000002
2.88	0	0	0	0	0	1.
2.89	0	0	0	0	0	0.9999999999999996
2.9000000000000004	0	0	0	0	0	0.9999999999999999
2.91	0	0	0	0	0	1.
2.92	0	0	0	0	0	1.0000000000000002
2.9299999999999997	0	0	0	0	0	1.
2.94	0	0	0	0	0	0.9999999999999998
2.95	0	0	0	0	0	0.9999999999999999
2.96	0	0	0	0	0	1.
2.9699999999999998	0	0	0	0	0	1.
2.98	0	0	0	0	0	1.
2.99	0	0	0	0	0	0.9999999999999999
3.	0	0	0	0	0	0.9999999999999998
3.0100000000000002	0	0	0	0	0	1.
3.02	0	0	0	0	0	1.
3.0300000000000002	0	0	0	0	0	1.
3.04	0	0	0	0	0	0.9999999999999999
3.05	0	0	0	0	0	0.9999999999999998
3.06	0	0	0	0	0	0.9999999999999996
3.07	0	0	0	0	0	1.
3.08	0	0	0	0	0	0.9999999999999999
3.09	0	0	0	0	0	1.
3.1	0	0	0	0	0	1.
3.11	0	0	0	0	0	0.9999999999999998
3.12	0	0	0	0	0	0.9999999999999997
3.13	0	0	0	0	0	1.
3.14	0	0	0	0	0	0.9999999999999998
3.15	0	0	0	0	0	1.
3.16	0	0	0	0	0	1.
3.17	0	0	0	0	0	0.9999999999999999
3.18	0	0	0	0	0	0.9999999999999999
3.19	0	0	0	0	0	1.0000000000000002
3.2	0	0	0	0	0	0.9999999999999998
3.21	0	0	0	0	0	1.0000000000000002
3.22	0	0	0	0	0	0.9999999999999998
3.23	0	0	0	0	0	1.0000000000000002
3.24	0	0	0	0	0	1.
3.25	0	0	0	0	0	1.
3.2600000000000002	0	0	0	0	0	1.
3.27	0	0	0	0	0	0.9999999999999999
3.2800000000000002	0	0	0	0	0	0.9999999999999998
3.29	0	0	0	0	0	1.
3.3000000000000003	0	0	0	0	0	0.9999999999999999
3.31	0	0	0	0	0	1.
3.32	0	0	0	0	0	1.
3.33	0	0	0	0	0	1.
3.34	0	0	0	0	0	0.9999999999999997
3.35	0	0	0	0	0	1.
3.36	0	0	0	0	0	1.
3.37	0	0	0	0	0	1.
3.38	0	0	0	0	0	1.
3.39	0	0	0	0	0	1.0000000000000002
3.4	0	0	0	0	0	0.9999999999999998
3.41	0	0	0	0	0	0.9999999999999998
3.42	0	0	0	0	0	0.9999999999999998
3.43	0	0	0	0	0	0.9999999999999998
3.44	0	0	0	0	0	1.
3.45	0	0	0	0	0	1.
3.46	0	0	0	0	0	0.9999999999999999
3.47	0	0	0	0	0	0.9999999999999999
3.48	0	0	0	0	0	1.
3.49	0	0	0	0	0	0.9999999999999998
3.5	0	0	0	0	0	1.0000000000000002
3.5100000000000002	0	0	0	0	0	1.
3.52	0	0	0	0	0	1.
3.5300000000000002	0	0	0	0	0	1.
3.54	0	0	0	0	0	1.
3.5500000000000003	0	0	0	0	0	0.9999999999999998
3.56	0	0	0	0	0	0.9999999999999998
3.57	0	0	0	0	0	0.9999999999999999
3.58	0	0	0	0	0	0.9999999999999999
3.59	0	0	0	0	0	0.9999999999999998
3.6	0	0	0	0	0	0.9999999999999998
3.61	0	0	0	0	0	1.
3.62	0	0	0	0	0	1.
3.63	0	0	0	0	0	1.0000000000000002
3.64	0	0	0	0	0	1.
3.65	0	0	0	0	0	1.
3.66	0	0	0	0	0	1.
3.67	0	0	0	0	0	1.
3.68	0	0	0	0	0	1.
3.69	0	0	0	0	0	1.
3.7	0	0	0	0	0	1.
3.71	0	0	0	0	0	1.
3.72	0	0	0	0	0	1.
3.73	0	0	0	0	0	1.0000000000000002
3.74	0	0	0	0	0	1.
3.75	0	0	0	0	0	1.
3.7600000000000002	0	0	0	0	0	0.9999999999999999
3.77	0	0	0	0	0	0.9999999999999999
3.7800000000000002	0	0	0	0	0	0.9999999999999999
3.79	0	0	0	0	0	0.9999999999999999
3.8000000000000003	0	0	0	0	0	0.9999999999999998
3.81	0	0	0	0	0	1.
3.82	0	0	0	0	0	0.9999999999999999
3.83	0	0	0	0	0	1.
3.84	0	0	0	0	0	1.
3.85	0	0	0	0	0	1.0000000000000002
3.86	0	0	0	0	0	0.9999999999999999
3.87	0	0	0	0	0	0.9999999999999999
3.88	0	0	0	0	0	0.9999999999999998
3.89	0	0	0	0	0	1.0000000000000002
3.9	0	0	0	0	0	1.
3.91	0	0	0	0	0	1.
3.92	0	0	0	0	0	0.9999999999999997
3.93	0	0	0	0	0	1.
3.94	0	0	0	0	0	0.9999999999999999
3.95	0	0	0	0	0	1.
3.96	0	0	0	0	0	0.9999999999999999
3.97	0	0	0	0	0	0.9999999999999999
3.98	0	0	0	0	0	1.
3.99	0	0	0	0	0	0.9999999999999998
4.	0	0	0	0	0	1.
4.01	0	0	0	0	0	1.0000000000000002
4.02	0	0	0	0	0	1.
4.03	0	0	0	0	0	0.9999999999999998
4.04	0	0	0	0	0	0.9999999999999999
4.050000000000001	0	0	0	0	0	1.
4.0600000000000005	0	0	0	0	0	1.
4.07	0	0	0	0	0	1.
4.08	0	0	0	0	0	1.
4.09	0	0	0	0	0	1.
4.1	0	0	0	0	0	1.
4.109999999999999	0	0	0	0	0	1.
4.12	0	0	0	0	0	1.
4.13	0	0	0	0	0	1.
4.140000000000001	0	0	0	0	0	0.9999999999999999
4.15	0	0	0	0	0	1.
4.16	0	0	0	0	0	0.9999999999999998
4.17	0	0	0	0	0	1.
4.18	0	0	0	0	0	0.9999999999999999
4.1899999999999995	0	0	0	0	0	1.0000000000000002
4.2	0	0	0	0	0	0.9999999999999999
4.21	0	0	0	0	0	1.0000000000000002
4.220000000000001	0	0	0	0	0	1.
4.23	0	0	0	0	0	1.
4.24	0	0	0	0	0	0.9999999999999999
4.25	0	0	0	0	0	0.9999999999999999
4.26	0	0	0	0	0	1.
4.27	0	0	0	0	0	1.
4.28	0	0	0	0	0	0.9999999999999999
4.29	0	0	0	0	0	0.9999999999999998
4.300000000000001	0	0	0	0	0	0.9999999999999998
4.3100000000000005	0	0	0	0	0	0.9999999999999999
4.32	0	0	0	0	0	1.0000000000000004
4.33	0	0	0	0	0	1.
4.34	0	0	0	0	0	0.9999999999999998
4.35	0	0	0	0	0	1.
4.359999999999999	0	0	0	0	0	0.9999999999999996
4.37	0	0	0	0	0	1.0000000000000002
4.38	0	0	0	0	0	0.9999999999999999
4.390000000000001	0	0	0	0	0	1.
4.4	0	0	0	0	0	1.
4.41	0	0	0	0	0	1.
4.42	0	0	0	0	0	1.
4.43	0	0	0	0	0	0.9999999999999999
4.4399999999999995	0	0	0	0	0	1.
4.45	0	0	0	0	0	0.9999999999999997
4.46	0	0	0	0	0	1.
4.470000000000001	0	0	0	0	0	1.
4.48	0	0	0	0	0	1.
4.49	0	0	0	0	0	1.
4.5	0	0	0	0	0	0.9999999999999998
4.51	0	0	0	0	0	1.
4.52	0	0	0	0	0	0.9999999999999998
4.53	0	0	0	0	0	0.9999999999999998
4.54	0	0	0	0	0	0.9999999999999999
4.550000000000001	0	0	0	0	0	1.
4.5600000000000005	0	0	0	0	0	1.0000000000000002
4.57	0	0	0	0	0	1.0000000000000002
4.58	0	0	0	0	0	1.
4.59	0	0	0	0	0	1.
4.6	0	0	0	0	0	1.
4.609999999999999	0	0	0	0	0	1.
4.62	0	0	0	0	0	1.
4.63	0	0	0	0	0	0.9999999999999999
4.640000000000001	0	0	0	0	0	1.0000000000000002
4.65	0	0	0	0	0	1.
4.66	0	0	0	0	0	1.
4.67	0	0	0	0	0	1.0000000000000002
4.68	0	0	0	0	0	1.
4.6899999999999995	0	0	0	0	0	0.9999999999999998
4.7	0	0	0	0	0	0.9999999999999999
4.71	0	0	0	0	0	0.9999999999999999
4.720000000000001	0	0	0	0	0	0.9999999999999999
4.73	0	0	0	0	0	0.9999999999999998
4.74	0	0	0	0	0	1.
4.75	0	0	0	0	0	1.
4.76	0	0	0	0	0	0.9999999999999999
4.77	0	0	0	0	0	1.
4.78	0	0	0	0	0	1.
4.79	0	0	0	0	0	1.
4.800000000000001	0	0	0	0	0	1.
4.8100000000000005	0	0	0	0	0	0.9999999999999998
4.82	0	0	0	0	0	1.
4.83	0	0	0	0	0	1.
4.84	0	0	0	0	0	1.
4.85	0	0	0	0	0	1.
4.859999999999999	0	0	0	0	0	1.
4.87	0	0	0	0	0	1.
4.88	0	0	0	0	0	0.9999999999999998
4.890000000000001	0	0	0	0	0	1.
4.9	0	0	0	0	0	1.
4.91	0	0	0	0	0	1.
4.92	0	0	0	0	0	0.9999999999999999
4.93	0	0	0	0	0	1.
4.9399999999999995	0	0	0	0	0	1.
4.95	0	0	0	0	0	1.
4.96	0	0	0	0	0	1.
4.970000000000001	0	0	0	0	0	1.
4.98	0	0	0	0	0	0.9999999999999999
4.99	0	0	0	0	0	1.
5.	0	0	0	0	0	1.
5.01	0	0	0	0	0	1.
5.0200000000000005	0	0	0	0	0	1.0000000000000002
5.03	0	0	0	0	0	1.
5.04	0	0	0	0	0	0.9999999999999999
5.05	0	0	0	0	0	1.
5.0600000000000005	0	0	0	0	0	1.0000000000000002
5.07	0	0	0	0	0	0.9999999999999998
5.08	0	0	0	0	0	0.9999999999999998
5.09	0	0	0	0	0	0.9999999999999999
5.1	0	0	0	0	0	1.
5.11	0	0	0	0	0	1.
5.12	0	0	0	0	0	1.
5.13	0	0	0	0	0	1.
5.14	0	0	0	0	0	1.
5.15	0	0	0	0	0	1.
5.16	0	0	0	0	0	1.
5.17	0	0	0	0	0	1.
5.18	0	0	0	0	0	1.
5.19	0	0	0	0	0	1.
5.2	0	0	0	0	0	1.
5.21	0	0	0	0	0	0.9999999999999998
5.22	0	0	0	0	0	1.
5.23	0	0	0	0	0	0.9999999999999999
5.24	0	0	0	0	0	0.9999999999999998
5.25	0	0	0	0	0	1.
5.26	0	0	0	0	0	1.
5.2700000000000005	0	0	0	0	0	0.9999999999999997
5.28	0	0	0	0	0	1.
5.29	0	0	0	0	0	0.9999999999999999
5.3	0	0	0	0	0	1.
5.3100000000000005	0	0	0	0	0	0.9999999999999998
5.32	0	0	0	0	0	1.
5.33	0	0	0	0	0	0.9999999999999999
5.34	0	0	0	0	0	0.9999999999999999
5.3500000000000005	0	0	0	0	0	0.9999999999999999
5.36	0	0	0	0	0	1.
5.37	0	0	0	0	0	1.
5.38	0	0	0	0	0	1.
5.39	0	0	0	0	0	0.9999999999999999
5.4	0	0	0	0	0	1.0000000000000002
5.41	0	0	0	0	0	0.9999999999999999
5.42	0	0	0	0	0	1.
5.43	0	0	0	0	0	0.9999999999999998
5.44	0	0	0	0	0	1.
5.45	0	0	0	0	0	0.9999999999999998
5.46	0	0	0	0	0	1.
5.47	0	0	0	0	0	0.9999999999999997
5.48	0	0	0	0	0	1.
5.49	0	0	0	0	0	1.
5.5	0	0	0	0	0	1.0000000000000002