0.02	0.36732276468295855	0.11046362801309433	0.11046362801309433	0.36732276468295855	0.11046362801309433	0.11046362801309433
0.03	0.36847795028812713	0.11117125361943872	0.11117125361943872	0.36847795028812713	0.11117125361943872	0.11117125361943872
0.04	0.3688826767069994	0.1114206270289329	0.1114206270289329	0.3688826767069994	0.1114206270289329	0.1114206270289329
0.05	0.3690700957523254	0.11153638433299742	0.11153638433299742	0.3690700957523254	0.11153638433299742	0.11153638433299742
0.06	0.36917193034699186	0.11159935977375189	0.11159935977375189	0.36917193034699186	0.11159935977375189	0.11159935977375189
0.07	0.3692333433700784	0.11163736606194817	0.11163736606194817	0.3692333433700784	0.11163736606194817	0.11163736606194817
0.08	0.36927320709774647	0.11166204792588208	0.11166204792588208	0.36927320709774647	0.11166204792588208	0.11166204792588208
0.09000000000000001	0.36930053961695614	0.11167897647836358	0.11167897647836358	0.36930053961695614	0.11167897647836358	0.11167897647836358
0.1	0.36932009149574024	0.11169108884220681	0.11169108884220681	0.36932009149574024	0.11169108884220681	0.11169108884220681
0.11	0.36933501774259614	0.11170096405640724	0.11170005253328162	0.36933501774259614	0.11170096405640724	0.11170005253328162
0.12000000000000001	0.3694485602586396	0.11191120090029628	0.11170687126917246	0.3694485602586396	0.11191120090029627	0.11170687126917246
0.13	0.37022145935199174	0.11343198154721089	0.11171217852859346	0.37022145935199174	0.11343198154721092	0.11171217852859346
0.13999999999999999	0.32124948156885835	0.09616813125799993	0.09117939357084712	0.4585436353698338	0.27899057960634105	0.2750109380461066
0.15	0.44848206715298156	0.05208259963107009	0.045966683753503323	0.7887196272987328	0.6368634096699137	0.634520470466919
0.16	0.5333999345645377	0.03590624290400263	0.028743864585367904	0.8902097202834869	0.7731502177014719	0.7714649210688952
0.16999999999999998	0.5708140958242263	0.03004981895851066	0.021478231462606707	0.9251018479729857	0.8307319149779842	0.8292360688722878
0.18	0.5907286858108228	0.028157190088292424	0.01785843895124331	0.9408343170049149	0.8595070271997837	0.8580182039573655
0.19	0.6028217862181272	0.028165770466204512	0.015866796205865782	0.9490900354255974	0.875431117616816	0.8738546455894776
0.19999999999999998	0.6108314397409172	0.0292633187211819	0.014721211940480273	0.9537727467660984	0.8846913780521257	0.8829639989127154
0.21	0.6164637270017825	0.031073070056087063	0.014066933078449162	0.9564960105834529	0.8900959573492975	0.8881669747336299
0.22	0.6205988127837812	0.03340530668398381	0.01372380458851342	0.9580324618456518	0.8930799348068139	0.890902861518807
0.22999999999999998	0.623734861144529	0.036218699788287116	0.013598541165567003	0.9587938431683393	0.8944528224731434	0.8919756070537185
0.24	0.6261741950000461	0.039521381071559086	0.013641135358147857	0.9590180857825743	0.8947042931704468	0.8918670839795161
0.25	0.6281101547357809	0.19640967459106506	0.013821085280481007	0.9588516783914406	0.911085517465633	0.8908827233031111
0.26	0.6296718010186945	0.29860541789556005	0.014118026904041354	0.9583895768937286	0.9211906481707447	0.8892253786068304
0.27	0.6309483868649501	0.3599414806095092	0.01451735668031721	0.9576960301061476	0.9266308143064784	0.8870352368337864
0.28	0.6320034871982982	0.40336427355270915	0.015007970333872607	0.9568161273846952	0.9299856376016167	0.8844125722487122
0.29000000000000004	0.6328835340091153	0.4360761217113763	0.015581013818687943	0.955782533152134	0.9320779978483278	0.8814313224322585
0.30000000000000004	0.6336231741275031	0.4616470031515523	0.01622915496315571	0.9546195851880566	0.9333181560977396	0.8781475085894083
0.31	0.6342487452625185	0.4821660992684287	0.016946138423690502	0.9533458809020022	0.9339466805245776	0.8746046354081645
0.32	0.6347805966144211	0.49896695700788174	0.0177265021790017	0.9519759613932844	0.934117327894294	0.8708372557853756
0.33	0.6352346773375612	0.5129491772524364	0.018565389975347582	0.9505214383661909	0.9339340319517868	0.8668733845442961
0.34	0.6356236480630842	0.5247441902267418	0.01945842289177578	0.9489917664946699	0.9334699982838728	0.8627361697295871
0.35000000000000003	0.6359576740382462	0.5348090090991525	0.02040160857230501	0.9473947840975654	0.9327784964356656	0.8584450729936673
0.36000000000000004	0.6362450010471739	0.5434827432034726	0.02139127521064978	0.945737098800736	0.9318993529363933	0.8540167181238687
0.37000000000000005	0.6364923802125737	0.5510223107973834	0.022424022274879364	0.9440243672792992	0.9308630442319439	0.849465510743018
0.38	0.6367053857991695	0.5576258583787588	0.023496682859238477	0.9422615012429754	0.9296933732906423	0.8448040973935433
0.39	0.6368886560427096	0.5634485896899688	0.024606294313727663	0.940452821177049	0.9284092735527412	0.8400437100579459
0.4	0.637046077796399	0.5686137399734463	0.025750074902072925	0.9386021725007876	0.9270260560408459	0.8351944277689094
0.41000000000000003	0.6371809296249253	0.5732203525249879	0.026925404941595534	0.9367130143086034	0.9255562905907665	0.8302653774222519
0.42000000000000004	0.6372959937920156	0.5773488955076009	0.028129811337906138	0.9347884878528806	0.9240104405717678	0.8252648894729353
0.43000000000000005	0.6373936447005879	0.5810653879287444	0.029360954734211252	0.932831469883052	0.9223973278551478	0.8202006197856445
0.44	0.6374759193235218	0.5844244765567491	0.030616618704267032	0.9308446145435645	0.9207244786157384	0.8150796458445616
0.45	0.6375445737289831	0.5874717618977536	0.031894700563555735	0.9288303865440519	0.9189983840290271	0.8099085433638158
0.46	0.6376011287738813	0.5902455782982473	0.03319320347645359	0.9267910876125819	0.9172246992458104	0.804693447794736
0.47000000000000003	0.6376469072901121	0.5927783716701608	0.03451022961164287	0.9247288777378507	0.9154083969738658	0.7994401041087804
0.48000000000000004	0.637683064537994	0.5950977768225406	0.03584397415271918	0.9226457923389613	0.9135538872502695	0.7941539074182936
0.49000000000000005	0.6377106132929494	0.5972274679113903	0.03719272001178694	0.9205437562314882	0.911665111739056	0.7888399363939953
0.5	0.6377520661589268	0.5991878356854556	0.0385548331247892	0.9184294637679097	0.909745618629737	0.7835029809882377
0.51	0.6378776362835402	0.600996531192103	0.039928758231087665	0.9163210765685873	0.9077986226186602	0.7781475656345092
0.52	0.6380751269425502	0.6026689055760521	0.041313015058339356	0.9142188158634409	0.9058270533162528	0.772777968836783
0.53	0.6383280332598589	0.6042183683359917	0.042706194848271276	0.9121215079401618	0.9038335945992597	0.7673982398657889
0.54	0.6386227739196052	0.6056566810794646	0.044106957170626584	0.9100282537821649	0.9018207168242415	0.7620122131279364
0.55	0.6389455708219067	0.6069916002176535	0.04551855448255657	0.9079390599102607	0.8997915000530834	0.7566282198155604
0.56	0.6392166487621175	0.6081621939153367	0.0470606850851219	0.9058720089422193	0.8977699348357158	0.7513791503816571
0.5700000000000001	0.6394118266866193	0.6091598828810831	0.0487574449026158	0.9038324831409927	0.895764402900856	0.746307169162671
0.5800000000000001	0.6395426268741202	0.6100092781408162	0.05057396446568366	0.9018169897757832	0.8937725626206622	0.7413910406503186
0.5900000000000001	0.6396189719447167	0.6107315403110744	0.052480918363052936	0.8998225214237812	0.8917924925423572	0.7366119048678585
0.6	0.6396493941848568	0.611643640690032	0.05445378514427845	0.8978465019557229	0.8899073292758535	0.7319531260630444
0.61	0.6396412216412369	0.6131607169303392	0.056472171340075934	0.8958867362387591	0.8882361059861732	0.7274001145781922
0.62	0.6396007420274598	0.6142340069983296	0.05851920662452188	0.8939413640807977	0.8864764172048017	0.722940137970152
0.63	0.6395333460726212	0.6151633027768063	0.060581010901753676	0.8920088185776921	0.8847078664975088	0.7185621322306606
0.64	0.639443652218688	0.6159941051705112	0.0626462302582792	0.890087788791095	0.8829394149411478	0.7142565200937634
0.65	0.6393356146521009	0.6167463376192881	0.06470563655652059	0.8881771865422246	0.8811734550555415	0.7100150406296325
0.66	0.6392126166101092	0.6174320710527865	0.06675178441068959	0.8862761170269609	0.8794106657166163	0.7058305923636403
0.67	0.6390775507856127	0.6180599278821224	0.06877871898628538	0.8843838529201973	0.8776511695247281	0.701697090818611
0.68	0.6389328885002018	0.6186366470701237	0.07078172821897452	0.8824998116276572	0.8758949115541537	0.6976093404913886
0.6900000000000001	0.6387807391460715	0.6191677719922192	0.07275713346478153	0.8806235353512183	0.8741418026923213	0.6935629207144128
0.7000000000000001	0.6386229012276508	0.619658002755473	0.07470211314263786	0.8787546736521114	0.8723917765226995	0.6895540845223677
0.7100000000000001	0.63846090617146	0.6201113998435401	0.0766145545290133	0.8768929682203467	0.8706448105599095	0.6855796694717147
0.7200000000000001	0.6382960559225751	0.6205315140028564	0.07849292946103555	0.8750382395852155	0.8689009318018781	0.6816370192950655
0.73	0.6381294552102038	0.6209214759401419	0.08033619026903903	0.8731903755286212	0.867160215239075	0.6777239152757116
0.74	0.6379620392438667	0.6212840622653315	0.08214368277580762	0.87134932098904	0.8654227793127574	0.6738385162739018
0.75	0.6377945974951652	0.6216217463468814	0.08391507366150008	0.869515069268384	0.8636887802422605	0.6699793064076093
0.76	0.6376277941271281	0.6219367389601203	0.08565028989908251	0.8676876543764839	0.8619584061592983	0.6690061206239041
0.77	0.6374621855525319	0.6222310216463807	0.0873494683176046	0.86586714436825	0.860231871500395	0.6695803189179526
0.78	0.6374786834150357	0.6225325572395799	0.089165380571679	0.8641212702701889	0.8585192255180802	0.6701348318163921
0.79	0.6388925913228047	0.623025894528049	0.0921683753569499	0.8629149662684563	0.8568915875920535	0.6706705183088936
0.8	0.6416524164245668	0.6237248960000837	0.0964362054929162	0.8622507151565616	0.8553593526061319	0.6711881933966912
0.81	0.645431343330531	0.6245849791925315	0.10167952053080893	0.8620199879412991	0.8539076477187886	0.6716886305471299
0.8200000000000001	0.6499450289240376	0.6255674923191401	0.10764601587268972	0.8621245514975623	0.8525230201082095	0.6721725640146896
0.8300000000000001	0.6549555180816723	0.6266400458736683	0.11412506484795436	0.8624792505689064	0.8511938506781708	0.6726406910334277
0.8400000000000001	0.6602694917581055	0.6277756809453244	0.120943180858663	0.863012452826206	0.8499101634127312	0.6730936738859806
0.8500000000000001	0.6657339253551295	0.6289521085169163	0.12795924917123735	0.8636653666718117	0.8486634388898493	0.6735321418547496
0.86	0.6712305907999239	0.6301510273562322	0.13505988600687271	0.8643907428161278	0.847446437998989	0.6739566930607397
0.87	0.6766703411784933	0.631357521513156	0.14215513464541096	0.8651513179970576	0.8462530392805944	0.674367896195798
0.88	0.6819877276919811	0.6325595342983875	0.14917460425119175	0.8659182295922916	0.8450780914738214	0.674766292153759
0.89	0.6871362240777631	0.6521015174763765	0.15606408794074456	0.8666695324756566	0.8517390925518536	0.675152395565976
0.9	0.692084156403186	0.6621643551593026	0.16278265334569822	0.8673888825255688	0.8545032244469948	0.6755266962466022
0.91	0.6968113316855193	0.6702880131371916	0.16930017400736608	0.8680644086381689	0.8565225204237908	0.6758896605526126
0.92	0.7013063040560578	0.6773759319453085	0.1755952574325355	0.8686877702021154	0.8581674593806062	0.6762417326636241
0.93	0.7055641939702663	0.6837389512781852	0.18165352114091038	0.8692533839685472	0.8595617073191162	0.6765833357862032
0.9400000000000001	0.7095849712878193	0.68952822354105	0.18746616842311614	0.8697577987069387	0.8607629646967891	0.6769148732870472
0.9500000000000001	0.7133721182975582	0.6948333069609183	0.19302881867847296	0.8701991949015091	0.8618038056505674	0.6772367297594368
0.9600000000000001	0.7169317084466289	0.6997150759295074	0.19834342137979574	0.8705772134528253	0.8627055279909995	0.6775492720268943
0.9700000000000001	0.7202738096770885	0.7042220617573668	0.2034784727323764	0.870897440579636	0.8634890469028971	0.6778528500879203
0.98	0.7234073528652676	0.7083905680097013	0.20845370583059586	0.8711621699543262	0.8641672986332838	0.6781477980053832
0.99	0.7263408608700231	0.7122495347988087	0.2132601198483071	0.8713718222084982	0.864748467326331	0.678434434743994
1.	0.7290833788579941	0.7158240079468386	0.21789187632146756	0.871527328360578	0.8652395384197709	0.6787130649590256
1.03	0.736240132899168	0.7250349391285849	0.23100615737746727	0.8803088823213444	0.874937522705231	0.6782060193161106
1.06	0.8405057995395137	0.8337585795603133	0.5717742606562454	0.879962019001574	0.8748839493205632	0.677710205048381
1.09	0.8400646324849599	0.8336756628683031	0.5711293542678552	0.8796303825990808	0.8748219537925459	0.6772258922879653
1.12	0.8396422340675399	0.8335834159932591	0.5704994904861282	0.8793128426149482	0.8747529042406127	0.676752820250111
1.15	0.8392376256415487	0.833483756589225	0.5698851759660413	0.8790086653609015	0.8746782472592939	0.6762913784049004
1.18	0.8388495725313014	0.8333779715413494	0.5692859848575537	0.878716924113476	0.8745989542854777	0.6758412533900515
1.21	0.8384769872109064	0.8332671859959381	0.5687015551481113	0.8784368026017432	0.8745158746635813	0.6754021790223105
1.24	0.8381189491570618	0.833152428560216	0.5681316724376432	0.8781676099887075	0.8744297847694907	0.6749739994698277
1.27	0.837774605732991	0.8330345672853571	0.5675760680837305	0.877908706309808	0.87434133987604	0.6745565174379505
1.3	0.837444546457832	0.8329157442324765	0.5670376778197296	0.8776605367790185	0.8742521538474656	0.6741519466973552
1.33	0.8371339525878733	0.8328026011449066	0.5665300454936864	0.8774270021792289	0.8741672268029881	0.6737704841904578
1.3599999999999999	0.836825283342727	0.8326784305201722	0.5660131042325933	0.8771949025422775	0.8740739860458434	0.6733819790106849
1.3900000000000001	0.8365218668261699	0.832547656396178	0.5654956314403399	0.8769667437292007	0.8739757623617574	0.6729930401704614
1.42	0.8362287636776858	0.832415696513867	0.5649887926948906	0.8767463353685101	0.8738766342416179	0.672612073645205
1.45	0.8359513907303436	0.8322870279350585	0.5645014838978057	0.8765377550350691	0.8737799720883802	0.6722457769301049
1.48	0.8356953027355118	0.8321654613736101	0.5640414356904515	0.8763451839909806	0.8736886446989579	0.6718999702700225
1.51	0.8354652488400591	0.83205713707625	0.5636139708701997	0.876172197109158	0.8736072739622619	0.6715786615383508
1.54	0.8352602333770559	0.83196428823878	0.5632109684314851	0.8760180456753199	0.873537541253302	0.6712757406935249
1.57	0.8350798541203465	0.8318877207067348	0.562826085366521	0.8758824275402874	0.8734800536632104	0.6709864356619437
1.6	0.8349254627317078	0.8318298814976849	0.5624576927172099	0.8757663604657676	0.8734366533556305	0.6707095219924778
1.63	0.8347980129508907	0.8317926787811445	0.5621039573262633	0.8756705626916772	0.8734087769049422	0.6704436214257958
1.6600000000000001	0.8346983766598404	0.8317778124728863	0.5617636451080156	0.8755956908095374	0.8733977041063049	0.6701878064421971
1.69	0.8346270548036192	0.8317864932053932	0.5614354572357071	0.8755421222095059	0.8734043464818707	0.6699411006934354
1.72	0.8345841648073381	0.8318194424742087	0.5611179797823149	0.875509945615603	0.8734292473970307	0.6697024411139484
1.75	0.8345697495859512	0.831877217911395	0.5608103634589984	0.8754991936472393	0.8734728268626061	0.669471189493605
1.78	0.834583948045711	0.8319603970657252	0.5605126640384135	0.8755099711395288	0.8735355198492416	0.6692473886827588
1.81	0.8346268046178815	0.8320693944303517	0.5602253414479813	0.875542311803139	0.8736176385876545	0.6690313856216001
1.8399999999999999	0.8346978125023607	0.8322039998155092	0.5599483765795025	0.8755958344781908	0.8737190251572016	0.6688231666690662
1.87	0.8347959396353313	0.8323633929566611	0.559681848132612	0.8756697626804569	0.8738390624834865	0.6686227917344645
1.9	0.8349204444283393	0.8325472435368538	0.559430062995451	0.8757635385175284	0.8739775022023456	0.6684335027468596
1.93	0.8350701320515567	0.8327543158434446	0.559195373506668	0.8758762629795239	0.8741334145459501	0.6682570706151838
1.96	0.8352440356800301	0.8329838717236677	0.558984497031413	0.876007208636716	0.8743062441888142	0.6680985512526918
1.99	0.8354409708605988	0.8332348521964179	0.5588045172942907	0.8761554842637598	0.8744951943419549	0.6679632762391968
2.02	0.8356598621089739	0.8335062969541343	0.5586637826198445	0.8763202806327749	0.8746995424649255	0.667857528826189
2.05	0.8358996103066008	0.8337971784023392	0.5585712032929918	0.8765007707191012	0.8749185153675021	0.6677880151438603
2.08	0.8361589988939981	0.8341063630622862	0.5585356683808776	0.8766960391048437	0.875151260162962	0.6677614253140907
2.1100000000000003	0.8364371112993697	0.8344329994385468	0.5585667099094501	0.8769053961293592	0.875397136171491	0.6677849333019242
2.1399999999999997	0.8367332054264306	0.8347763941143497	0.5586739337516309	0.8771282834311687	0.8756556216719622	0.667865768614254
2.17	0.8370459748184397	0.835135300529029	0.5588650465343793	0.877363717913593	0.8759257786490039	0.6680097313883004
2.2	0.8373744675433159	0.8355087987378768	0.5591478431650266	0.877610983282392	0.876206914885695	0.6682226881732708
2.23	0.8377174849445904	0.8358957228495894	0.5595286467832608	0.8778691775568087	0.8764981530636133	0.6685093978691542
2.26	0.8380737922796092	0.8362948663553516	0.5600127061313662	0.8781373715927374	0.8767985852904844	0.6688738107841306
2.29	0.8384425251238573	0.8367053925070947	0.5606050906376264	0.8784149149353419	0.8771075819435407	0.669319742260399
2.3200000000000003	0.8388225707084362	0.8371262114480877	0.5613091939309153	0.8787009702254553	0.877424322909924	0.6698497464497154
2.3499999999999996	0.8392128950245674	0.837556310500407	0.5621274898377651	0.878994759372723	0.8777480461552912	0.6704656852653271
2.38	0.8396124964123002	0.8379947078475879	0.5630614484513887	0.8792955286276006	0.8780780128665355	0.6711686652192417
2.41	0.8400204592210064	0.8384405069376066	0.5641116861439547	0.8796025889654365	0.8784135483946658	0.671959150320426
2.44	0.8404359254978689	0.8388928682495795	0.5652779456459246	0.8799152947799793	0.8787540210071918	0.6728369470845161
2.4699999999999998	0.8408579606377402	0.8393508742586966	0.5665588447182281	0.8802329427744009	0.8790987402636993	0.673801015391081
2.5	0.8412857321375915	0.8398137096409154	0.5679523561627465	0.8805549064885353	0.879447092634529	0.6748498297312082
2.5300000000000002	0.8417186752334733	0.8402808280554398	0.5694562763701974	0.8808807609539395	0.8797986670179394	0.6759817318278758
2.56	0.8421561142500774	0.8407515711059224	0.5710674230605589	0.8812099977294631	0.8801529679782597	0.6771943268726306
2.59	0.8425973749527446	0.8412252820810641	0.5727822119609408	0.8815421094553079	0.8805095013449801	0.6784849175222901
2.62	0.8430418795840217	0.8417014017945748	0.574597049474506	0.8818766613756979	0.8808678463400594	0.6798507994137222
2.65	0.8434891375518494	0.8421794586328928	0.5765081465488481	0.8822132843311041	0.8812276480881515	0.6812891210853212
2.6799999999999997	0.8439387524302862	0.8426590774668575	0.5785115078560347	0.8825516800269324	0.8815886243234392	0.6827968758344263
2.71	0.8443901151979072	0.8431396625861135	0.5806022465138221	0.8828913901715051	0.8819503267730595	0.6843703859917031
2.74	0.844842979442424	0.8436210317141527	0.5827759654852255	0.883232229362756	0.8823126183032451	0.6860063425329294
2.77	0.845296821081066	0.8441025497541224	0.5850273266704646	0.8835738032277876	0.8826750209953745	0.6877007282088731
2.8	0.8457513626054122	0.8445840856513778	0.5873513209430786	0.8839159029582161	0.8830374362599327	0.6894497733469873
2.83	0.8462062131735104	0.845065222993495	0.589742493624988	0.8842582344514915	0.8833995507514961	0.6912493729610559
2.86	0.8466609558644909	0.8455455615419772	0.5921952028481906	0.8846004839769492	0.8837610632950308	0.6930952811887312
2.8899999999999997	0.8471153358157035	0.8460248636042211	0.5947040999695902	0.8849424597636844	0.8841217950422183	0.6949834728410095
2.92	0.8475689809320944	0.846502773295734	0.5972635390052102	0.8852838818127742	0.8844814781945817	0.6969096989556841
2.95	0.8480216323974837	0.8469790482457994	0.5998681444617953	0.8856245553749608	0.8848399303800417	0.6988699141346325
2.98	0.8484729499534163	0.8474533639066838	0.6025124079706126	0.8859642244080072	0.8851969073805448	0.7008599729795454
3.01	0.8489226887446889	0.8479254912761919	0.605191121232304	0.8863027046666837	0.8855522368820822	0.7028759559163248
3.04	0.849370607284309	0.8483952044058749	0.6078991960048652	0.8866398144393545	0.8859057488675416	0.7049140337220744
3.0700000000000003	0.8498165414096331	0.8488623546975909	0.6106318591213395	0.8869754302057112	0.8862573315306357	0.7069706142908376
3.0999999999999996	0.850260233336913	0.8493266991755877	0.6133843793970615	0.8873093579872559	0.8866068020375243	0.7090421371102564
3.13	0.8507015381892201	0.8497881079570395	0.6161525516306432	0.8876414887754713	0.8869540626643747	0.7111254375093564
3.16	0.8511402633203456	0.850246402849453	0.6189328733977114	0.8879716776107852	0.8872989793295863	0.7132178797091233
3.1900000000000004	0.8515761684504182	0.8507013575106944	0.6217317541461859	0.8882997436847135	0.8876413817143052	0.7153242873689724
3.2199999999999998	0.8520091449048366	0.8511528774469015	0.6245524737674865	0.888625605230889	0.8879811987246444	0.717447128913354
3.25	0.8524389042343798	0.8516006873286566	0.6273947108552427	0.8889490451879828	0.8883182231732969	0.719586162512263
3.2800000000000002	0.852865443220221	0.8520448154645567	0.630258281552592	0.8892700611514569	0.8886524763828555	0.7217412498498562
3.3099999999999996	0.8532885660832011	0.8524850438147953	0.6331421203899795	0.889588505799678	0.8889837942791823	0.7239115891275723
3.34	0.8537081471983551	0.8529212763183469	0.6360448859874592	0.8899042846066512	0.8893121045857025	0.7260961709015422
3.37	0.8541240121056508	0.8533533525328638	0.6389647518834027	0.8902172662935953	0.8896372865732944	0.7282936206655468
3.4000000000000004	0.85453612972892	0.8537812530991298	0.641899870218004	0.8905274274882929	0.8899593256879069	0.7305025478082224
3.4299999999999997	0.8549444169926297	0.8542048896076522	0.6448480043629079	0.8908347056844154	0.8902781554092605	0.7327212691391516
3.46	0.8553487373357396	0.8546241718617629	0.6478065851266732	0.8911389981231435	0.8905937078714744	0.7349478511879278
3.49	0.8557490077240922	0.8550390108274412	0.6507729866965117	0.8914402423281168	0.890905916083062	0.7371803178713098
3.5199999999999996	0.8561451775454793	0.8554493671331894	0.6537445281582459	0.8917384002223886	0.8912147504267744	0.7394166516371664
3.55	0.8565371915201163	0.8558551964169613	0.6567184393323395	0.892033430215783	0.8915201775290588	0.7416547677535751
3.58	0.8569250418823303	0.8562565016905389	0.6596920294254809	0.8923253264755674	0.8918221996682201	0.7438926412318955
3.6100000000000003	0.8573086684990779	0.8566532331411985	0.6626627023986689	0.8926140437581394	0.8921207793676522	0.7461283183924181
3.6399999999999997	0.857687983204311	0.8570453125637231	0.6656280171158762	0.8928995157225044	0.8924158577828049	0.7483599621307528
3.67	0.858062986128444	0.8574327500575464	0.6685857995112873	0.8931817424769636	0.892707442524575	0.7505859363320813
3.7	0.8584337021372366	0.8578155802449277	0.6715339772224541	0.8934607427445995	0.8929955596586947	0.7528046814201536
3.7299999999999995	0.8588001422592063	0.8581938235779578	0.6744704940898426	0.8937365248345256	0.8932802245863661	0.7550146500117947
3.76	0.8591622605242677	0.8585674430561735	0.6773932277497926	0.8940090541597558	0.8935614094710502	0.7572142448994675
3.79	0.8595200036834136	0.8589363941134985	0.6803000977032371	0.8942782906550173	0.8938390807821577	0.7594019003811214
3.8200000000000003	0.8598734228083867	0.8593007365507884	0.6831892936006133	0.8945442727638689	0.8941132835326783	0.7615762540616788
3.8499999999999996	0.8602225571350778	0.8596605180276763	0.6860590512778539	0.8948070300221654	0.8943840535980767	0.7637359783033403
3.88	0.8605674157142249	0.8600157620729164	0.6889076256470185	0.8950665692488587	0.8946514086932009	0.7658797598237796
3.91	0.8609080039686028	0.8603664691019841	0.6917333506196259	0.8953228945322862	0.8949153491381235	0.768006344792951
3.9399999999999995	0.8612443117316495	0.8607126429024402	0.6945346219933364	0.8955759982283616	0.8951758777903734	0.7701145259540485
3.9699999999999998	0.8615764588310222	0.8610544109518563	0.6973101816272222	0.8958259705230655	0.8954330905931537	0.772203356486588
4.	0.861904438885821	0.8613917739372577	0.7000586257539915	0.8960728066207574	0.8956869880700508	0.7742717799746851
4.03	0.8622282912619913	0.8617247781926175	0.7027787393102224	0.8963165361534576	0.8959376050971262	0.7763188820155031
4.06	0.8625480563224102	0.8620534708312849	0.7054694100905312	0.8965571895032086	0.896184977136733	0.7783438256138631
4.09	0.8628637325807758	0.8623778567980601	0.7081295481581806	0.8967947655572024	0.8964291079160187	0.7803457905327417
4.12	0.8631754012355894	0.8626980237279662	0.7107583192988948	0.8970293254288733	0.8966700633924488	0.7823241489846325
4.15	0.8634830877779477	0.8630140032051513	0.7133548822256081	0.8972608883074781	0.8969078673408202	0.7842782678585796
4.18	0.8637868348023671	0.8633258437665243	0.7159185233497837	0.8974894862536663	0.8971425562939364	0.7862076101456247
4.21	0.8640866967443247	0.8636336056297232	0.7184486433153662	0.8977151602390945	0.8973741755750183	0.7881117248046074
4.24	0.8643827280306854	0.8639373488196856	0.7209447313862497	0.8979379512287488	0.8976027703620739	0.7899902274868394
4.27	0.8646749359940434	0.8642370859801729	0.7234062761288186	0.8981578647455101	0.8978283501750842	0.7918427333181086
4.3	0.8649633530150574	0.8645328546940623	0.7258328941513839	0.8983749251626165	0.898050943302393	0.7936689537846616
4.33	0.8652480347483019	0.8648247157063512	0.7282243215640453	0.8985891743684887	0.8982705954633904	0.7954686903061182
4.36	0.8655290514981221	0.8651127442824783	0.7305803931937802	0.8988006652764265	0.8984873633050109	0.7972418185932895
4.39	0.8658064346842274	0.8653969765602776	0.7329009422810379	0.8990094215360117	0.8987012740276187	0.7989882131624558
4.42	0.8660802539542332	0.8656774868394127	0.7351859345718027	0.8992154955660095	0.89891238355103	0.800707848249576
4.45	0.8663505396565025	0.8659543098891237	0.737435325658493	0.8994189102094536	0.8991207180453552	0.8024006904487768
4.4799999999999995	0.8666172820235232	0.8662274401407201	0.7396490571237213	0.8996196581190905	0.8993262733233018	0.8040666958102701
4.51	0.8668805958430836	0.8664969967079525	0.7418273414935792	0.8998178256846023	0.8995291390301937	0.8057060242887508
4.54	0.8671404972772999	0.8667629997395706	0.7439702653170827	0.9000134250724479	0.8997293303327594	0.8073187410313787
4.57	0.867397018240186	0.8670254850443353	0.7460779872170855	0.9002064803034373	0.8999268741829264	0.8089049654257324
4.6	0.8676502784240883	0.8672845762613829	0.7481508572744864	0.900397081457935	0.9001218636313397	0.8104649609452307
4.63	0.8679002490915857	0.8675402481847171	0.7501890058105782	0.9005852069118548	0.9003142797116006	0.8119988256775483
4.66	0.8681469669900995	0.8677925411123385	0.7521927103454177	0.9007708843231825	0.9005041527537954	0.8135067684878602
4.6899999999999995	0.868390507511001	0.86804153394943	0.7541623441616555	0.9009541704322228	0.900691542142657	0.8149890703093334
4.72	0.868630903011693	0.8682872623766423	0.7560982340458647	0.9011350895929539	0.9008764747331781	0.8164459770830105
4.75	0.8688682093150067	0.8685297854810949	0.758000770741556	0.9013136838187248	0.901058994995349	0.8178777828818532
4.78	0.8691024838838707	0.868769163891868	0.7598703688871605	0.9014899963570894	0.9012391485595092	0.8192847997611332
4.81	0.8693337663582852	0.8690054402852644	0.7617074321454251	0.9016640570424524	0.9014169675451261	0.8206673315157516
4.84	0.8695620950309791	0.8692386558949988	0.7635123787734307	0.901835894695218	0.901592482985933	0.8220256929235727
4.87	0.8697875047129224	0.869468848377222	0.7652856359951968	0.9020055355154325	0.9017657232232041	0.8233602055104069
4.8999999999999995	0.8700100186662982	0.8696960437329606	0.7670276248750817	0.9021729970117596	0.9019367078268031	0.8246711861661457
4.93	0.8702296892007452	0.8699202969775578	0.7687388250540386	0.902338318553134	0.9021054782019245	0.8259589958635583
4.96	0.8704465581554324	0.8701416525559199	0.7704197077624182	0.9025015316286236	0.9022720677986623	0.8272239892455179
4.99	0.8706606229356185	0.8703601073663076	0.7720706797164452	0.9026626342874541	0.902436474284706	0.8284664724029961
5.5	0.873906922369347	0.8736688745965437	0.7960297380952984	0.9051057582639704	0.9049266099449542	0.8464974945187579
6.	0.8764699950854471	0.8762762647376285	0.8134451741627585	0.9070346907171667	0.9068888945463103	0.8596039310922017
6.5	0.8785487167461932	0.8783880525811543	0.8265843460373352	0.9085991053001758	0.9084781938693753	0.8694921494240707
7.	0.8802530884819881	0.8801176902356544	0.8366886304991171	0.9098817884619174	0.9097798914889573	0.8770963830575217
7.5	0.8816630566782598	0.8815473857165541	0.8446056712856839	0.9109429073540343	0.9108558566050128	0.8830545496570547
8.	0.8828392956767407	0.8827393234689394	0.8509170431320185	0.9118281249562322	0.9117528886637821	0.8878043289339506
8.5	0.8838285391687619	0.8837412423744979	0.8560275514135542	0.9125726125432723	0.912506915421094	0.8916503678649068
9.	0.8846671616290569	0.8845902503340701	0.8602239455136287	0.9132037450974183	0.9131458638169534	0.8948084671647796
9.5	0.8853829476181561	0.8853146582712703	0.8637123227090701	0.9137424329138515	0.91369104027377	0.8974337306479193
10.	0.8859977373547399	0.8859366821092258	0.866643909357542	0.9142051126340508	0.9141591641783762	0.8996399675694624
10.5	0.8865288746451285	0.8864739494288523	0.8691316215874945	0.9146048369493893	0.914563501783418	0.9015121558215414
11.	0.8869901025730023	0.8869404180906468	0.8712609446838465	0.9149519486938663	0.9149145575582164	0.9031146295066388
11.5	0.8873927879732905	0.8873476199623213	0.8730979557645423	0.9152550023635693	0.9152210101981126	0.9044971166123781
12.	0.8877460758025109	0.8877048283703595	0.8746940616650527	0.9155208803018956	0.9154898386542837	0.9056983046324708
12.5	0.888057374319297	0.8880195526322012	0.8760897345353742	0.9157551578401525	0.9157266943121604	0.9067486518868417
13.	0.8883326548090041	0.8882978444548424	0.8773171102758093	0.915962328867204	0.9159361315837451	0.9076723430414823
13.5	0.8885769697951537	0.888544821055054	0.878402193058255	0.9161461958246375	0.9161220015970002	0.9084889481761453
14.	0.8887945689715441	0.8887647846326437	0.8793661607933092	0.9163099569569013	0.9162875421109575	0.9092144052471787
14.5	0.8889889063293501	0.888961232130193	0.8802262632346082	0.916456211677159	0.9164353848628294	0.9098616959792268
15.	0.8891629565013733	0.8891371736231259	0.8809968223992045	0.9165871986406539	0.9165677951809995	0.9104415987560228
15.5	0.8893192877330902	0.8892952068128761	0.8816898105564027	0.9167048506619206	0.916686728047742	0.910963123600469
16.	0.8894601203451324	0.8894375766634687	0.882315296059439	0.9168108387129805	0.9167938729810131	0.9114338476964737
16.5	0.8895873141904368	0.8895661637647855	0.8828817277448441	0.9169065624847313	0.9168906452777603	0.9118601294210424
17.	0.8897023798579801	0.8896824962530123	0.8833961802187159	0.9169931588191809	0.9169781949855322	0.9122472929406886
17.5	0.8898067366818627	0.8897880084173104	0.883864808202088	0.9170716958802136	0.9170576015229753	0.9125999701395379
18.	0.8899015189834585	0.8898838473652592	0.884292787989384	0.9171430273373532	0.9171297281821559	0.912922056563212
18.5	0.8899877789914915	0.8899710763285491	0.8846846463848702	0.9172079450779397	0.9171953751309373	0.9132169589674747
19.	0.8900663640783801	0.8900505521765416	0.885044225990238	0.9172670868189633	0.9172551872334446	0.9134875691950243
19.5	0.8901381019877952	0.8901231109006302	0.8853749542451387	0.9173210755042462	0.917309793640504	0.9137364666480123
20.	0.8902036452655494	0.890189412223007	0.8856797433046244	0.9173704022277466	0.9173596908468157	0.9139658429389027
20.5	0.8902636150151714	0.8902500835262563	0.8859611904590852	0.917415534420039	0.9174053510083957	0.914177652720987
21.	0.8903185127933323	0.8903056318727498	0.8862215282936275	0.9174568495434506	0.9174471557310057	0.914373576179915
21.5	0.8903688565366535	0.8903565800529551	0.8864628021694233	0.917494737386788	0.9174854984563208	0.914555152601215
22.	0.8904150897801152	0.8904033758876195	0.8866868021791081	0.9175295317457913	0.9175207162054286	0.9147237291619826
22.5	0.8904575851806332	0.8904463958292472	0.8868950935316736	0.9175615130749476	0.9175530922892687	0.9148804837977708
23.	0.8904966740449463	0.890485974557485	0.8870890670528212	0.9175909307093933	0.9175828785813336	0.9150264632077902
23.5	0.8905326512116253	0.8905224099165631	0.8872699615862792	0.9176180065390265	0.9176102992334947	0.9151625997135623
24.	0.8905658140630389	0.890556001976519	0.8874389187259997	0.9176429643678363	0.9176355800724061	0.9152897524488577
24.5	0.8905963900879336	0.890586980631014	0.8875969211072199	0.9176659753996134	0.9176588941117277	0.9154086609193629
25.	0.8906245961786059	0.8906155649326594	0.8877448640175702	0.9176872028633334	0.9176804062062286	0.9155199988951876
25.5	0.8906506037655734	0.8906419282550126	0.8878835289599832	0.9177067757745387	0.9177002468337268	0.9156243545151029
26.	0.8906746273516816	0.8906662868569469	0.8880136820865188	0.9177248555635927	0.9177185787461225	0.9157223043650441
26.5	0.8906967637021703	0.890688739085858	0.8881359168135675	0.9177415150547509	0.9177354759583575	0.9158142950348493
27.	0.8907172453273483	0.8907095188926986	0.8882509185306426	0.9177569292299801	0.917751114536586	0.9159008423305327
27.5	0.8907361036603587	0.8907286590090667	0.888359126181795	0.9177711217462062	0.9177655191149141	0.9159822765901698
28.	0.8907535573755412	0.8907463792992467	0.8884611326962264	0.9177842571726044	0.9177788551580358	0.9160590440365244
28.5	0.8907696313959828	0.8907627057620595	0.8885573007288851	0.9177963542666084	0.9177911422329517	0.9161314175944407
29.	0.8907844816254642	0.8907777952890429	0.8886480968417543	0.9178075303578798	0.9178024984126812	0.9161997483861202
29.5	0.8907981605259231	0.8907917012410185	0.8887338559381971	0.9178178249286331	0.9178129638559127	0.9162642884511694
30.	0.8908107882499886	0.8908045445966278	0.888814958012946	0.9178273284030846	0.9178226296084974	0.916325323763586
30.5	0.8908223894777542	0.8908163507899509	0.888891664703497	0.917836059355492	0.9178315148121201	0.9163830512250326
31.	0.8908331050205942	0.8908272613293898	0.8889643362986672	0.9178441237571274	0.9178397259626175	0.9164377419792619
31.5	0.8908429330318544	0.8908372750043242	0.8890331708664123	0.9178515202188665	0.9178472621495259	0.916489545087198
32.	0.8908519528903963	0.8908464717824847	0.8890981786540635	0.9178583084795323	0.917854183554834	0.916538468261294
32.5	0.8908602741822551	0.8908549617941106	0.8891604042462918	0.917864571010956	0.9178605730599263	0.9165852976265872
33.	0.8908678801997799	0.8908627288300416	0.8892192241560422	0.9178702952399219	0.9178664184667364	0.9166295639651061
33.5	0.8908748772255836	0.8908698796378954	0.8892751268526151	0.9178755611521254	0.917871800110909	0.9166716348853179
34.	0.8908812751835213	0.8908764245690811	0.889328313641771	0.9178803762163893	0.9178767257830321	0.9167116618846058
34.5	0.8908871094887871	0.8908823994359689	0.889378888283231	0.917884767085558	0.9178812224348535	0.9167497230499677
35.	0.8908924409315745	0.8908878653981221	0.889427046965474	0.9178887795089449	0.9178853360936637	0.9167859660276049
35.5	0.8908972701363436	0.8908928234214902	0.8894728978850266	0.9178924139568325	0.9178890674867406	0.9168204722434706
36.	0.8909016591319269	0.8908973358542611	0.8895166038398029	0.9178957171106507	0.9178924635358515	0.9168533642149321
36.5	0.8909056051901351	0.8909014002638592	0.8895582552662401	0.9178986869175302	0.9178955224105978	0.9168847100021612
37.	0.8909091731353458	0.8909050817519751	0.8895980045565053	0.9179013721627064	0.9178982931049128	0.9169146242914146
37.5	0.8909123528075104	0.8909083704153746	0.8896359225144502	0.9179037652002693	0.9179007681661574	0.9169431603679032
38.	0.890915160964173	0.8909112832521346	0.8896721018070589	0.9179058786416993	0.9179029603868303	0.9169703879703868
38.5	0.890917684815681	0.890913907699129	0.8897067012912104	0.917907778119222	0.9179049355696343	0.9169964266502251
39.	0.8909198796517308	0.8909161992548768	0.8897397420724362	0.9179094299853499	0.917906660224236	0.9170212922910506
39.5	0.8909217639199178	0.8909181765640125	0.8897713048385072	0.9179108481234056	0.9179081483822443	0.9170450456163647
40.	0.890923421328521	0.8909199235209286	0.8898015322200196	0.9179120955300192	0.9179094631803526	0.9170677939660518
40.5	0.8909247703578879	0.8909213587769483	0.889830396552973	0.9179131108560074	0.9179105433980492	0.9170895165211536
41.	0.8909259228370224	0.8909225943257221	0.8898580618808428	0.9179139782608293	0.9179114733187015	0.9171103367362499
41.5	0.890926829862145	0.8909235814148009	0.8898845270361163	0.9179146609410521	0.917912216252763	0.9171302537328584
42.	0.890927513253865	0.890924342008546	0.8899098593166505	0.9179151753183803	0.9179127887301234	0.9171493181575616
42.5	0.8909279985631074	0.8909249017932216	0.8899341271049809	0.9179155406218398	0.9179132100816594	0.9171675814732317
43.	0.8909283026663026	0.8909252777725278	0.8899573875529043	0.9179157695522716	0.9179134931039924	0.9171850866907995
43.5	0.8909284116327482	0.8909254561351225	0.8899796644644637	0.9179158516259458	0.9179136274032196	0.9172018517246268
44.	0.890928376159387	0.8909254876916997	0.8900010446041475	0.9179158249960381	0.9179136512181223	0.9172179418712924
44.5	0.8909281597741278	0.8909253360759368	0.8900215249185016	0.917915662214803	0.9179135371805538	0.9172333548329623
45.	0.890927801466217	0.8909250403782992	0.8900411764945951	0.9179153926245276	0.9179133147089752	0.9172481441078275
45.5	0.8909272860328681	0.8909245854907057	0.8900600140938889	0.9179150047841235	0.9179129724335712	0.9172623208050358
46.	0.8909266612909457	0.8909240193206293	0.8900781142943252	0.91791453467928	0.9179125464082196	0.9172759425550404
46.5	0.8909258957217612	0.8909233104337954	0.8900954722731321	0.9179139585900187	0.9179120129764708	0.9172890057284477
47.	0.890925021213741	0.8909224907995763	0.8901121456076236	0.9179133005147341	0.9179113961976356	0.9173015536563734
47.5	0.8909240515304898	0.8909215742579587	0.8901281722838739	0.9179125708115946	0.9179107064873662	0.9173136149261237
48.	0.890922945625225	0.890920519833717	0.8901435338846102	0.9179117385900405	0.917909913008954	0.9173251756774615
48.5	0.8909217468069882	0.8909193709050381	0.8901582956956069	0.9179108364432808	0.9179090484076452	0.917336285042656
49.	0.8909204794998685	0.8909181519613306	0.8901725028822628	0.9179098827522482	0.9179081311135299	0.9173469770119563
49.5	0.8909191453935822	0.8909168647539897	0.8901861766976021	0.917908878788635	0.9179071624447183	0.91735726757984
50.	0.8909177378104555	0.8909155026638178	0.8901993290055175	0.9179078195270735	0.9179061374198502	0.9173671656747924
50.5	0.8909162225105366	0.8909140315060655	0.8902119430429098	0.9179066791996128	0.9179050303125185	0.9173766586814419
51.	0.8909146771805185	0.8909125290214475	0.8902241137276262	0.9179055162710812	0.9179038996282062	0.91738581803229
51.5	0.8909130516194036	0.8909109450586377	0.8902358065692663	0.9179042929616978	0.9179027076245145	0.9173946177709019
52.	0.8909113725990645	0.8909093064378123	0.8902470637039839	0.9179030294192531	0.9179014744855851	0.9174030896077865
52.5	0.8909096476332495	0.8909076207184656	0.8902579071791394	0.917901731298423	0.9179002059005217	0.9174112501352003
53.	0.8909078457120228	0.8909058569337657	0.8902683196424215	0.9179003752620626	0.9178988785646176	0.9174190862943354
53.5	0.8909060060035808	0.8909040542938699	0.8902783536314379	0.9178989907870737	0.9178975219863534	0.91742663762353
54.	0.8909041320697866	0.8909022164002168	0.8902880252846046	0.9178975805540505	0.917896138876107	0.9174339162681323
54.5	0.8909022206512295	0.8909003400310747	0.8902973433118029	0.9178961421100922	0.9178947268093329	0.9174409287829871
55.	0.8909002464406734	0.8908983999149174	0.89030629373156	0.9178946564097337	0.9178932667674409	0.9174476646460756
55.5	0.8908982434104225	0.8908964300588352	0.8903149216063369	0.9178931490195901	0.9178917843432255	0.9174541577701472
56.	0.89089618259634	0.8908944015312085	0.8903232082838994	0.9178915981421163	0.9178902577636123	0.9174603941180988
56.5	0.8908940983549298	0.8908923487203259	0.8903311982592875	0.9178900296330618	0.9178887129082711	0.9174664071756525
57.	0.8908919602891362	0.8908902412588117	0.8903388705480811	0.917888420616504	0.9178871269236165	0.9174721811505657
57.5	0.8908898382760295	0.8908881490531992	0.8903463044603567	0.9178868236799497	0.9178855524193272	0.917477775729355
58.	0.8908876384441454	0.8908859782584899	0.8903534144636058	0.9178851681784553	0.9178839187703778	0.9174831265427367
58.5	0.8908854165472092	0.8908837846553042	0.8903602649176743	0.9178834960707009	0.9178822679556882	0.9174882820261101
59.	0.8908831857589566	0.8908815814426886	0.89036687706212	0.9178818172708861	0.9178806099085068	0.9174932581637827
59.5	0.8908809181801436	0.8908793407452369	0.890373230562249	0.9178801107828648	0.9178789236506271	0.9174980396524712
60.	0.890878631600301	0.8908770803757771	0.8903793506386628	0.9178783899945498	0.9178772225874945	0.9175026454724998
60.5	0.8908763210252619	0.8908747953622542	0.8903852393335656	0.9178766511474968	0.9178755029773054	0.9175070771607952
61.	0.8908739859627421	0.890872485233634	0.8903909029212462	0.9178748938712477	0.9178737644655932	0.9175113394392281
61.5	0.8908716385142477	0.8908701621119247	0.890396360042485	0.917873127273068	0.9178720161750545	0.9175154463363356
62.	0.8908692619272824	0.8908678092640416	0.8904016001152817	0.9178713387455303	0.917870245512869	0.9175193898884276
62.5	0.8908668833877381	0.8908654538949092	0.8904066564091383	0.9178695487479742	0.9178684729527001	0.9175231951331951
63.	0.8908644731461914	0.8908630662728733	0.8904115048146625	0.9178677348918558	0.9178666761193766	0.9175268439266198
63.5	0.890862062317631	0.8908606775305271	0.8904161820795263	0.9178659205934395	0.9178648784424114	0.9175303639239624
64.	0.8908596330890035	0.8908582698713111	0.8904206756344576	0.917864092447149	0.9178630665286414	0.9175337456659657
64.5	0.8908571771064661	0.890855834957319	0.890424982200231	0.9178622441661379	0.917861234103213	0.9175369866847954
65.	0.8908546958545285	0.8908533742884687	0.8904291081748289	0.9178603768676207	0.9178593822949366	0.9175400917954044
65.5	0.8908522018234066	0.8908509003698855	0.890433070810948	0.9178584999513903	0.9178575205148257	0.9175430739816922
66.	0.8908497394816091	0.8908484576846786	0.8904369192617493	0.9178566468831835	0.9178556822396051	0.9175459702349313
66.5	0.8908472328369871	0.8908459702537878	0.8904405816597795	0.9178547604735042	0.9178538102896286	0.9175487264697526
67.	0.8908447203198011	0.8908434765209817	0.8904441007689669	0.9178528696438764	0.9178519335965861	0.9175513748690747
67.5	0.8908422061370282	0.890840980705973	0.8904474831447996	0.9178509775603627	0.9178500553361248	0.9175539203663822
68.	0.8908396709223978	0.8908384634545858	0.8904507167192462	0.9178490696484758	0.9178481609428595	0.9175563538796334
68.5	0.8908371206971689	0.8908359307999191	0.8904538095606062	0.9178471504396543	0.917846254957139	0.9175586814808109
69.	0.8908345828638966	0.8908334101560992	0.8904567927801065	0.9178452405562858	0.9178443580100588	0.9175609265833422
69.5	0.8908320129771724	0.890830857088345	0.8904596252981617	0.9178433065500422	0.9178424366612897	0.9175630582719217
70.	0.890829441522789	0.8908283020932415	0.8904623410635201	0.9178413713636666	0.9178405138616961	0.9175651020954134
70.5	0.8908268953231488	0.890825772003571	0.890464970227046	0.9178394551829396	0.9178386098048698	0.9175670807445027
71.	0.8908243094656974	0.8908232019161504	0.8904674508315662	0.9178375091565453	0.9178366756465481	0.9175689475920092
71.5	0.8908217317455966	0.8908206396359697	0.8904698338371501	0.9178355692537601	0.9178347473634035	0.9175707409890276
72.	0.8908191544906081	0.8908180774998937	0.8904721144744716	0.9178336297006864	0.9178328191883898	0.9175724573463097
72.5	0.8908165667416394	0.8908155045576005	0.8904742845793366	0.917831682249835	0.9178308828806176	0.9175740905197257
73.	0.8908139703856373	0.8908129227045924	0.8904763487726053	0.9178297283212763	0.9178289398665955	0.9175756439868111
73.5	0.890811366371615	0.8908103328981406	0.89047831064205	0.9178277686292181	0.9178269908667477	0.9175771204476287
74.	0.8908087539592877	0.8908077344059303	0.8904801719929805	0.9178258026165518	0.9178250353299618	0.9175785212608112
74.5	0.8908061391701187	0.8908051332571687	0.8904819413244626	0.9178238348148651	0.9178230777936541	0.9175798528225184
75.	0.8908035388224127	0.8908025462777133	0.8904836378767093	0.9178218778811388	0.9178211309204896	0.9175811296123902
75.5	0.8908009533150328	0.8907999738736275	0.8904852643494586	0.9178199321155527	0.9178191950160668	0.9175823536621794
76.	0.8907983699726346	0.8907974033764516	0.8904868102611565	0.9178179879790138	0.9178172605464736	0.9175835170837761
76.5	0.890795782357046	0.8907948283547118	0.8904882713115436	0.9178160406263453	0.917815322671574	0.917584616640935
77.	0.8907932289214343	0.8907922872683224	0.8904896881288623	0.9178141189963029	0.917813410335202	0.917585682909312
77.5	0.89079069485131	0.890789765309008	0.8904910478778932	0.9178122119399337	0.9178115123930809	0.9175867062294956
78.	0.8907881720415001	0.8907872543776525	0.8904923443856678	0.9178103133575232	0.9178096227500544	0.9175876819558927
78.5	0.8907856630914934	0.8907847570796692	0.8904935821472698	0.9178084252053779	0.9178077433668875	0.9175886134713807
79.	0.8907831692619257	0.8907822746814242	0.8904947642560689	0.9178065484322221	0.9178058751966167	0.917589503103946
79.5	0.8907806822547168	0.8907797988903338	0.8904958841680906	0.9178046767931637	0.9178040119984873	0.9175903459287873
80.	0.8907781894808153	0.8907773171226498	0.8904969309847526	0.9178028008140496	0.917802144302337	0.9175911337439496
80.5	0.8907757272102541	0.8907748656538084	0.8904979427203301	0.9178009477906707	0.9178002994080222	0.9175918951578905
81.	0.8907732826689538	0.8907724317147019	0.8904989081852586	0.9177991081096264	0.9177984677058848	0.9175926217496696
81.5	0.8907708310949978	0.8907699905481704	0.8904998041289661	0.9177972631358139	0.9177966305644013	0.9175932960215794
82.	0.8907684105933588	0.8907675802641295	0.8905006702537257	0.9177954415459467	0.9177948166640051	0.9175939478524151
82.5	0.8907660091508034	0.8907651888538768	0.8905014959908529	0.9177936342992145	0.917793016967296	0.9175945692884928
83.	0.8907636022924496	0.8907627918468625	0.8905022582418054	0.9177918229765282	0.917791213058445	0.9175951429465173
83.5	0.8907611907399877	0.8907603899691094	0.8905029591150564	0.9177900081210155	0.9177894054838406	0.9175956704132693
84.	0.8907587901717219	0.8907579989031987	0.8905036156642214	0.9177882015317221	0.9177876060457469	0.9175961645228147
84.5	0.8907564260512304	0.8907556441169057	0.8905042547062885	0.9177864223718103	0.9177858339104851	0.9175966454568524
85.	0.8907540498675582	0.8907532771029892	0.8905048288998397	0.9177846341333318	0.9177840525729015	0.9175970775875945
85.5	0.8907516657306519	0.8907509019752569	0.8905053435927246	0.9177828399093181	0.9177822651289333	0.9175974649396832
86.	0.8907493199745576	0.8907485650717031	0.8905058464008264	0.9177810745694458	0.9177805064512291	0.9175978433474685
86.5	0.8907469826102845	0.8907462364068112	0.890506308435754	0.9177793155448651	0.9177787539735531	0.9175981910703807
87.	0.8907446421708978	0.8907439045171077	0.8905067193349014	0.9177775542058936	0.9177769990688275	0.9175985003098228
87.5	0.8907423006438034	0.890741571393425	0.8905070821835384	0.9177757920481991	0.9177752432352998	0.9175987733876845
88.	0.8907399667225876	0.8907392457327072	0.8905074067540981	0.9177740356143285	0.917773493018043	0.9175990176584214
88.5	0.8907376491093661	0.8907369362403343	0.8905077027969311	0.9177722914532475	0.9177717549684794	0.9175992404598708
89.	0.8907353493921567	0.8907346445074625	0.8905079729061185	0.9177705607600556	0.917770030284071	0.9175994437442664
89.5	0.8907330581582694	0.8907323611244068	0.8905082086277667	0.9177688364510358	0.9177683118833615	0.9175996211494538
90.	0.8907307480384599	0.8907300587247656	0.8905083834941346	0.9177670979288832	0.9177665791711862	0.9175997527565742
90.5	0.8907284429680417	0.8907277612468396	0.8905085224057092	0.917765363206631	0.9177648501628255	0.9175998573050218
91.	0.8907261568443658	0.890725482590839	0.8905086401809446	0.9177636427430288	0.9177631353191814	0.9175999459467425