0.01	7.153665859501277e-24
0.015	5.471740186519328e-23
0.02	2.311672479027097e-22
0.025	7.063019205436761e-22
0.03	1.7586373297385304e-21
0.035	3.802585871969307e-21
0.04	7.415635725456313e-21
0.045000000000000005	1.3365530146099223e-20
0.05	2.2637446763705723e-20
0.05500000000000001	3.646117687846518e-20
0.060000000000000005	5.633830475741242e-20
0.065	8.406938693097702e-20
0.07	1.2178113148957458e-19
0.07500000000000001	1.7195357738020272e-19
0.08	2.374472737030526e-19
0.08499999999999999	3.2153045900813076e-19
0.09	4.27906240591885e-19
0.09499999999999999	5.607397737938364e-19
0.09999999999999999	7.246854412932141e-19
0.105	9.249140324055922e-19
0.11	1.167140772676872e-18
0.115	1.4576849807404523e-18
0.12	1.8036166718943823e-18
0.125	2.2129097764180352e-18
0.13	2.6945573775045114e-18
0.135	3.258673391390699e-18
0.14	4.539784605705349e-18
0.14500000000000002	8.587588345828877e-18
0.15000000000000002	1.642690227470004e-17
0.155	2.8098368705148014e-17
0.16	4.36510358659256e-17
0.165	6.314349047542084e-17
0.17	8.664271186352249e-17
0.175	1.1422312564948285e-16
0.18	1.4596582146891218e-16
0.185	1.8195790409151727e-16
0.19	2.2229195349995585e-16
0.195	2.6706557446188127e-16
0.2	3.163810199989942e-16
0.21	4.2906779809991545e-16
0.22	5.612526992534221e-16
0.22999999999999998	7.138970731964713e-16
0.24	8.880194971241813e-16
0.25	1.0846920330452846e-15
0.26	1.3050379486413653e-15
0.27	1.5502303277508456e-15
0.28	1.821491307706785e-15
0.29	2.1200917845441967e-15
0.3	2.447351474812853e-15
0.31	2.804639252853688e-15
0.32	3.19337370312065e-15
0.32999999999999996	3.615023841921304e-15
0.33999999999999997	4.071109973731606e-15
0.35	4.563204655216317e-15
0.36	5.092933746057189e-15
0.37	5.661977530205389e-15
0.38	6.2720718946191835e-15
0.39	6.925009555197655e-15
0.4	7.622641321675382e-15
0.41000000000000003	8.366877394846786e-15
0.42	9.159688690749421e-15
0.43	1.0003108187432634e-14
0.44	1.0899232290731494e-14
0.44999999999999996	1.1850222216100978e-14
0.45999999999999996	1.28583053840764e-14
0.47	1.3925776827339354e-14
0.48	1.505500060770444e-14
0.49	1.6248411241616246e-14
0.5	1.750903764933249e-14
0.51	1.8841384976400802e-14
0.52	2.0248286761988783e-14
0.53	2.1732479898345428e-14
0.54	2.3296781444636714e-14
0.5499999999999999	2.49442723507874e-14
0.5599999999999999	2.668322834236481e-14
0.57	2.85191614490512e-14
0.58	3.045523446295006e-14
0.59	3.2494703241479885e-14
0.6	3.464091750390601e-14
0.61	3.689732169577541e-14
0.62	3.9267455913589884e-14
0.63	4.175495688302621e-14
0.64	4.436355898484782e-14
0.6499999999999999	4.7097095323373846e-14
0.6599999999999999	4.995949883299263e-14
0.6699999999999999	5.295480341874587e-14
0.6799999999999999	5.608714512747845e-14
0.69	5.936076334645205e-14
0.7	6.278000202667891e-14
0.71	6.634931092853852e-14
0.72	7.00732468875109e-14
0.73	7.395647509810001e-14
0.74	7.80037704142256e-14
0.75	8.222001866454746e-14
0.76	8.661021798134786e-14
0.77	9.117948014173917e-14
0.78	9.598134694284088e-14
0.79	1.0137349221634791e-13
0.8	1.0741886614388463e-13
0.8099999999999999	1.1410193459047847e-13
0.82	1.214086593511058e-13
0.83	1.2932674254271364e-13
0.84	1.378454902531882e-13
0.85	1.4695568925549953e-13
0.86	1.5664949543182533e-13
0.87	1.6692033269536632e-13
0.88	1.77762801333789e-13
0.89	1.8917259481871306e-13
0.9	2.0114642423166719e-13
0.9099999999999999	2.1368194955018974e-13
0.9199999999999999	2.2677771711992172e-13
0.9299999999999999	2.404331027110185e-13
0.94	2.5464825962123505e-13
0.95	2.694240713446553e-13
0.96	2.847626099884013e-13
0.97	3.006785390954575e-13
0.98	3.1718006777584065e-13
0.99	3.34270614032424e-13
1.	3.5195414961253026e-13
1.01	4.0213846411706995e-13
1.02	4.2201686698026885e-13
1.03	4.4267269397370476e-13
1.04	4.641275293800209e-13
1.05	4.864053901774152e-13
1.06	5.095293163826887e-13
1.07	5.335229430970506e-13
1.08	5.584105133573553e-13
1.09	5.842169352199528e-13
1.1	6.109668430100652e-13
1.1099999999999999	6.386864162001677e-13
1.12	6.674021288889579e-13
1.13	6.971400014404416e-13
1.14	7.279266451255648e-13
1.15	7.597898138620927e-13
1.16	7.927581658921398e-13
1.17	8.268586138899607e-13
1.18	8.621212826362395e-13
1.19	8.985750298093282e-13
1.2	9.36249592278833e-13
1.21	9.751765955333919e-13
1.22	1.015385642466454e-12
1.23	1.0569080690139903e-12
1.24	1.0997758895368097e-12
1.25	1.1440218193860963e-12
1.26	1.189679545596049e-12
1.27	1.2367799660056965e-12
1.28	1.2853592042130145e-12
1.29	1.335450371636135e-12
1.3	1.3871030395416019e-12
1.31	1.4403566249259986e-12
1.32	1.4952330267586296e-12
1.33	1.5517506264672523e-12
1.34	1.6099509258600357e-12
1.35	1.669873519463118e-12
1.36	1.7315565529775151e-12
1.37	1.7950390546147856e-12
1.38	1.860362257532746e-12
1.3900000000000001	1.9275693646274307e-12
1.4	1.99670212915953e-12
1.41	2.067803938371932e-12
1.42	2.140919873724949e-12
1.43	2.2160966437108064e-12
1.44	2.2933797626609015e-12
1.45	2.3728177039098035e-12
1.46	2.4544598609421155e-12
1.47	2.5383559456864617e-12
1.48	2.624557391059098e-12
1.49	2.7131161520427054e-12
1.5	2.804083799462762e-12
1.51	2.8975110560818083e-12
1.52	2.9934449558677844e-12
1.53	3.091935365931443e-12
1.54	3.193034851671049e-12
1.55	3.2968021336517024e-12
1.56	3.4032913024867538e-12
1.57	3.5125581418648765e-12
1.58	3.624662104648354e-12
1.59	3.7396623299878276e-12
1.6	3.857618158498021e-12
1.61	3.978588733297283e-12
1.62	4.1026373234739354e-12
1.63	4.229826818108295e-12
1.6400000000000001	4.360220233973788e-12
1.65	4.493882834467564e-12
1.66	4.630880229013572e-12
1.67	4.7712784074846e-12
1.68	4.9151468334734386e-12
1.69	5.062553948962903e-12
1.7	5.2135662286729115e-12
1.71	5.3682581357471895e-12
1.72	5.526702793392832e-12
1.73	5.6889697629133686e-12
1.74	5.855133872702322e-12
1.75	6.02527136989218e-12
1.76	6.199459311641998e-12
1.77	6.377776552606087e-12
1.78	6.560304176439951e-12
1.79	6.747120702006827e-12
1.8	6.938306551579559e-12
1.81	7.133943692239288e-12
1.82	7.334116620730384e-12
1.83	7.538912668604303e-12
1.84	7.748412358427444e-12
1.85	7.96270042384223e-12
1.86	8.181869261867568e-12
1.87	8.406008069286271e-12
1.8800000000000001	8.635205821624482e-12
1.8900000000000001	8.86955314155792e-12
1.9	9.109141827461127e-12
1.9100000000000001	9.354066105359992e-12
1.92	9.604421019219508e-12
1.93	9.860302417360814e-12
1.94	1.0121808290223696e-11
1.95	1.0389038634456394e-11
1.96	1.0662092653263006e-11
1.97	1.0941071003639987e-11
1.98	1.1226074482078724e-11
1.99	1.1517206011999178e-11
2.	1.1814573788217498e-11
2.01	1.211828521380412e-11
2.02	1.2428447685320879e-11
2.0300000000000002	1.274516948605201e-11
2.04	1.306855909358248e-11
2.0500000000000003	1.339872860575108e-11
2.06	1.3735791854266929e-11
2.0700000000000003	1.4079863316305258e-11
2.08	1.4431058248737117e-11
2.0900000000000003	1.4789495874287544e-11
2.1	1.5155296319323312e-11
2.1100000000000003	1.5528581792567604e-11
2.12	1.590947634631944e-11
2.1300000000000003	1.6298100964344238e-11
2.14	1.6694579079706316e-11
2.1500000000000004	1.7099035042869246e-11
2.16	1.7511594677800753e-11
2.1700000000000004	1.7932392087059174e-11
2.18	1.8361560932790123e-11
2.1900000000000004	1.879922513305875e-11
2.2	1.9245512956850242e-11
2.2100000000000004	1.9700566584070936e-11
2.22	2.0164526793853225e-11
2.2300000000000004	2.0637522798997316e-11
2.24	2.11196873719388e-11
2.2500000000000004	2.1611167571770076e-11
2.2600000000000002	2.2112110054326022e-11
2.2700000000000005	2.262265490417057e-11
2.2800000000000002	2.3142945122332753e-11
2.29	2.3673127722733844e-11
2.3	2.421335081657919e-11
2.31	2.4763763103187707e-11
2.32	2.532451459641306e-11
2.33	2.5895757786880366e-11
2.34	2.6477646958567315e-11
2.35	2.7070337117536075e-11
2.36	2.767398427743244e-11
2.37	2.8288746655873236e-11
2.38	2.8914784468238865e-11
2.39	2.955225942820092e-11
2.4	3.0201335861843336e-11
2.41	3.086217980869475e-11
2.42	3.1534956419339074e-11
2.43	3.221983311292275e-11
2.44	3.291697880882735e-11
2.45	3.3626563573539834e-11
2.46	3.4348760081907816e-11
2.47	3.508374292678222e-11
2.48	3.5831688114849794e-11
2.49	3.6592772892255006e-11
2.5	3.7367174581939255e-11
2.5100000000000002	3.815508117334117e-11
2.52	3.895668425488928e-11
2.5300000000000002	3.9772164588695916e-11
2.54	4.060170363248358e-11
2.55	4.144548832362175e-11
2.5599999999999996	4.2303711181294405e-11
2.57	4.317656603014703e-11
2.5799999999999996	4.406424505468004e-11
2.59	4.496694242950721e-11
2.5999999999999996	4.5884857031978667e-11
2.61	4.681819015256532e-11
2.6199999999999997	4.7767144024484474e-11
2.63	4.873192101555687e-11
2.6399999999999997	4.971272414206451e-11
2.65	5.070976407138581e-11
2.6599999999999997	5.172325487010047e-11
2.67	5.275340616207356e-11
2.6799999999999997	5.380042343865579e-11
2.69	5.486451094831803e-11
2.6999999999999997	5.5945897545400595e-11
2.71	5.704481306484098e-11
2.7199999999999998	5.816147577269284e-11
2.73	5.929609821742664e-11
2.7399999999999998	6.044889382901006e-11
2.75	6.162009915230237e-11
2.76	6.280994864998102e-11
2.77	6.401867289468381e-11
2.78	6.524650081844707e-11
2.79	6.64936642320347e-11
2.8	6.776040009475347e-11
2.81	6.904694710208388e-11
2.82	7.03535444119763e-11
2.83	7.168043087601621e-11
2.84	7.302784481945741e-11
2.85	7.43960355941994e-11
2.86	7.578525403642831e-11
2.87	7.719575260158171e-11
2.88	7.862777908371723e-11
2.89	8.008158515507214e-11
2.9	8.15574254006628e-11
2.91	8.305555682304876e-11
2.92	8.457623477691354e-11
2.93	8.611972577160244e-11
2.94	8.768629863178112e-11
2.95	8.927622479016595e-11
2.96	9.088975846071288e-11
2.97	9.252715459612309e-11
2.98	9.418868469769063e-11
2.99	9.587463626997171e-11
3.	9.758530267918276e-11
3.0100000000000002	9.932095271976888e-11
3.02	1.0108185779126409e-10
3.0300000000000002	1.0286828251604072e-10
3.04	1.0468052749191618e-10
3.05	1.0651888677936279e-10
3.06	1.0838365892636069e-10
3.07	1.1027512208147187e-10
3.0799999999999996	1.1219356119593015e-10
3.09	1.1413926742567994e-10
3.0999999999999996	1.1611254616399991e-10
3.11	1.181137027747326e-10
3.1199999999999997	1.2014303911883064e-10
3.13	1.2220085489798052e-10
3.1399999999999997	1.2428745524745677e-10
3.15	1.2640314570948317e-10
3.1599999999999997	1.2854823353260026e-10
3.17	1.3072302423048026e-10
3.1799999999999997	1.3292783532520567e-10
3.19	1.351629861679375e-10
3.1999999999999997	1.3742880517499503e-10
3.21	1.3972560277611513e-10
3.2199999999999998	1.4205369474313988e-10
3.23	1.4441338759991444e-10
3.2399999999999998	1.468050224815983e-10
3.25	1.4922893530272556e-10
3.26	1.5168547324745373e-10
3.27	1.5417495913142548e-10
3.28	1.5669772490643384e-10
3.29	1.592541022519639e-10
3.3	1.6184443362414383e-10
3.3099999999999996	1.644690614676052e-10
3.32	1.671283331878657e-10
3.3299999999999996	1.6982259061307259e-10
3.34	1.725521793139601e-10
3.3499999999999996	1.7531744025822518e-10
3.36	1.7811873364817797e-10
3.3699999999999997	1.809564200867524e-10
3.38	1.838308646288732e-10
3.3899999999999997	1.8674242644074306e-10
3.4	1.8969146645729295e-10
3.4099999999999997	1.926783519571768e-10
3.42	1.9570344781619577e-10
3.4299999999999997	1.987671189009347e-10
3.44	2.0186973179351863e-10
3.4499999999999997	2.0501165801239746e-10
3.46	2.0819327624711704e-10
3.4699999999999998	2.1141496457940447e-10
3.48	2.146771033672536e-10
3.4899999999999998	2.1798007721614945e-10
3.5	2.21324272355366e-10
3.51	2.2471007829501652e-10
3.52	2.2813788422890194e-10
3.53	2.3160808273549282e-10
3.54	2.351210647277166e-10
3.55	2.3867723289252664e-10
3.5599999999999996	2.4227699103053526e-10
3.57	2.459207527004688e-10
3.5799999999999996	2.4960892051955517e-10
3.59	2.533418900772036e-10
3.5999999999999996	2.571200631022658e-10
3.61	2.609438425145222e-10
3.6199999999999997	2.64813650122864e-10
3.63	2.6872990295005045e-10
3.6399999999999997	2.7269301655884374e-10
3.65	2.767034186932512e-10
3.6599999999999997	2.807615368277367e-10
3.67	2.8486780192775713e-10
3.6799999999999997	2.8902264553633077e-10
3.69	2.932265005555195e-10
3.6999999999999997	2.974798049735531e-10
3.71	3.017830026873811e-10
3.7199999999999998	3.0613652355581867e-10
3.73	3.1054080672806293e-10
3.7399999999999998	3.1499629434339927e-10
3.75	3.195034295072145e-10
3.76	3.2406265771052327e-10
3.77	3.2867442163692566e-10
3.78	3.3333916704375604e-10
3.79	3.3805736810590476e-10
3.8	3.4282948974076743e-10
3.8099999999999996	3.4765600779016696e-10
3.82	3.525373828429861e-10
3.8299999999999996	3.57474080982395e-10
3.84	3.624665732284046e-10
3.8499999999999996	3.675153331639509e-10
3.86	3.7262083504492754e-10
3.8699999999999997	3.7778355659989534e-10
3.88	3.830039811856449e-10
3.8899999999999997	3.8828258833567165e-10
3.9	3.936198603026808e-10
3.9099999999999997	3.9901627913531037e-10
3.92	4.044723193682269e-10
3.9299999999999997	4.0998850170724566e-10
3.94	4.1556533135262344e-10
3.9499999999999997	4.2120333093553817e-10
3.96	4.26903003574634e-10
3.9699999999999998	4.3266483902364986e-10
3.98	4.384893414796747e-10
3.9899999999999998	4.4437700281911734e-10
4.	4.5032835174212486e-10
4.01	4.5634391008035837e-10
4.02	4.62424204441033e-10
4.03	4.685697690605084e-10
4.04	4.747811113204695e-10
4.05	4.810587544112251e-10
4.06	4.874032141296527e-10
4.07	4.938150223123119e-10
4.08	5.002947290805476e-10
4.09	5.068428774304991e-10
4.1000000000000005	5.13460023000725e-10
4.11	5.201467047675044e-10
4.12	5.26903465299123e-10
4.13	5.337308533790963e-10
4.140000000000001	5.406294139446035e-10
4.15	5.475997102708466e-10
4.16	5.546423029975923e-10
4.17	5.61757755234164e-10
4.180000000000001	5.689466326061368e-10
4.19	5.76209505170486e-10
4.2	5.835469453071904e-10
4.21	5.909595326393713e-10
4.220000000000001	5.984478508119864e-10
4.23	6.060124638073616e-10
4.24	6.136539491580549e-10
4.25	6.213728834288809e-10
4.260000000000001	6.291698485875668e-10
4.2700000000000005	6.370454399700233e-10
4.28	6.45000250008242e-10
4.29	6.530348680023929e-10
4.300000000000001	6.611498930020908e-10
4.3100000000000005	6.693459387061441e-10
4.32	6.776236147983256e-10
4.33	6.85983541122764e-10
4.34	6.94426331708669e-10
4.3500000000000005	7.029525927966641e-10
4.36	7.11562940839243e-10
4.37	7.202579892397506e-10
4.38	7.290383619898864e-10
4.390000000000001	7.379046955381191e-10
4.4	7.468576232325074e-10
4.41	7.558977979124442e-10
4.42	7.650258578949551e-10
4.430000000000001	7.742424122658387e-10
4.44	7.835480925989082e-10
4.45	7.929435130159856e-10
4.46	8.024293028491641e-10
4.470000000000001	8.120061549309933e-10
4.48	8.216747323358797e-10
4.49	8.314357141875414e-10
4.5	8.412897900143947e-10
4.510000000000001	8.512375805852797e-10
4.5200000000000005	8.612797444973858e-10
4.53	8.714169374838054e-10
4.54	8.816497832069405e-10
4.550000000000001	8.919790146299124e-10
4.5600000000000005	9.02405321750478e-10
4.57	9.129293982219746e-10
4.58	9.235520051853224e-10
4.59	9.342737652601661e-10
4.6000000000000005	9.450953507109956e-10
4.61	9.560174427552788e-10
4.62	9.670406865247748e-10
4.63	9.781658006870743e-10
4.640000000000001	9.893935124906945e-10
4.65	1.0007245344662967e-9
4.66	1.0121595915745385e-9
4.67	1.0236994042953032e-9
4.680000000000001	1.035344675759564e-9
4.69	1.0470961246865966e-9
4.7	1.0589544711757349e-9
4.71	1.070920427928444e-9
4.720000000000001	1.0829947431016918e-9
4.73	1.0951781539616498e-9
4.74	1.1074714012224285e-9
4.75	1.1198752407116518e-9
4.760000000000001	1.1323904087820926e-9
4.7700000000000005	1.145017647580678e-9
4.78	1.1577577063018232e-9
4.79	1.1706113391471424e-9
4.800000000000001	1.183579302589727e-9
4.8100000000000005	1.1966623513117598e-9
4.82	1.2098612460997321e-9
4.83	1.2231767509792583e-9
4.84	1.2366096410050614e-9
4.8500000000000005	1.2501606771413214e-9
4.86	1.2638306299119087e-9
4.87	1.277620273490583e-9
4.88	1.2915303735869796e-9
4.890000000000001	1.305561712403663e-9
4.9	1.31971509402172e-9
4.91	1.3339913132046442e-9
4.92	1.348391168202472e-9
4.930000000000001	1.3629155029987627e-9
4.94	1.3775650704978022e-9
4.95	1.392340663543596e-9
4.96	1.4072430797458836e-9
4.970000000000001	1.4222730965118197e-9
4.98	1.437431512962149e-9
4.99	1.4527191853353493e-9
5.	1.468136940618956e-9
5.010000000000001	1.4836856094403114e-9
5.0200000000000005	1.4993660460857335e-9
5.03	1.5151790679236329e-9
5.04	1.531125504435297e-9
5.050000000000001	1.5472061931710242e-9
5.0600000000000005	1.5634219815050252e-9
5.07	1.5797737354737094e-9
5.08	1.5962622633462088e-9
5.09	1.612888405434908e-9
5.1000000000000005	1.6296530050386863e-9
5.11	1.6465568765691353e-9
5.12	1.6636008763172208e-9
5.13	1.6807859068700219e-9
5.140000000000001	1.6981128424041023e-9
5.15	1.7155825608047917e-9
5.16	1.733195977033345e-9
5.17	1.7509539449254286e-9
5.180000000000001	1.7688573311987627e-9
5.19	1.7869070158747677e-9
5.2	1.8051038821374116e-9
5.21	1.8234487909587029e-9
5.220000000000001	1.8419426644019165e-9
5.23	1.8605864029644989e-9
5.24	1.8793809107043016e-9
5.25	1.8983271008618117e-9
5.260000000000001	1.9174259008275847e-9
5.2700000000000005	1.936678195120396e-9
5.28	1.9560848941468886e-9
5.29	1.975646911602771e-9
5.300000000000001	1.9953651353370673e-9
5.3100000000000005	2.0152404643440798e-9
5.32	2.035273900592347e-9
5.33	2.0554663943153198e-9
5.34	2.075818899920862e-9
5.3500000000000005	2.096332441512853e-9
5.36	2.1170079866770354e-9
5.37	2.137846380543183e-9
5.38	2.158848554341932e-9
5.390000000000001	2.1800154420716735e-9
5.4	2.201347917521253e-9
5.41	2.2228469308311165e-9
5.42	2.2445135218200576e-9
5.430000000000001	2.266348669252786e-9
5.44	2.288353355857648e-9
5.45	2.310528599461994e-9
5.46	2.332875384616986e-9
5.470000000000001	2.3553946593129547e-9
5.48	2.3780874061162773e-9
5.49	2.4009546110285996e-9
5.5	2.4239972350604922e-9
5.510000000000001	2.4472162718746348e-9
5.5200000000000005	2.4706127658633286e-9
5.53	2.494187732388291e-9
5.54	2.517942190814007e-9
5.550000000000001	2.5418772020252035e-9
5.5600000000000005	2.5659938108659944e-9
5.57	2.5902929635087725e-9
5.58	2.6147756707837142e-9
5.59	2.6394429466982294e-9
5.6000000000000005	2.6642957900625134e-9
5.61	2.689335186344577e-9
5.62	2.714562232445402e-9
5.63	2.739977973250301e-9
5.640000000000001	2.7655834574490064e-9
5.65	2.791379735306458e-9
5.66	2.8173678332979003e-9
5.67	2.8435488514067387e-9
5.680000000000001	2.8699238619048635e-9
5.69	2.896493941197722e-9
5.7	2.9232601698295696e-9
5.71	2.950223700553441e-9
5.720000000000001	2.9773855541839333e-9
5.73	3.004746791378558e-9
5.74	3.032308489857901e-9
5.75	3.0600717308704155e-9
5.760000000000001	3.0880375917414938e-9
5.7700000000000005	3.116207163747953e-9
5.78	3.1445815475059388e-9
5.79	3.1731618414438414e-9
5.800000000000001	3.201949147625963e-9
5.8100000000000005	3.2309445542344925e-9
5.82	3.260149135214869e-9
5.83	3.2895640745701205e-9
5.84	3.3191905054213903e-9
5.8500000000000005	3.3490295651008457e-9
5.86	3.3790823951605155e-9
5.87	3.40935025130096e-9
5.88	3.4398341707900277e-9
5.890000000000001	3.4705352621221375e-9
5.9	3.5014546549643683e-9
5.91	3.5325934822857046e-9
5.92	3.5639528150530815e-9
5.930000000000001	3.5955337858917095e-9
5.94	3.6273376513994114e-9
5.95	3.6593655899348665e-9
5.96	3.691618784218968e-9
5.970000000000001	3.724098421346936e-9
5.98	3.7568057985897955e-9
5.99	3.789741990423614e-9
6.	3.8229081699192555e-9
6.010000000000001	3.856305510855257e-9
6.0200000000000005	3.889935211167091e-9
6.03	3.923798402682553e-9
6.04	3.957896271888494e-9
6.050000000000001	3.992230098423488e-9
6.0600000000000005	4.026801104450602e-9
6.07	4.06161051654244e-9
6.08	4.096659565702316e-9
6.09	4.131949578931504e-9
6.1000000000000005	4.167481703112174e-9
6.11	4.203257146632564e-9
6.12	4.239277136128887e-9
6.13	4.275542902012087e-9
6.140000000000001	4.3120556173408195e-9
6.15	4.34881639717781e-9
6.16	4.38582672311949e-9
6.17	4.423087891599136e-9
6.180000000000001	4.4606012044682225e-9
6.19	4.498367969035839e-9
6.2	4.536389682290196e-9
6.21	4.574667594708254e-9
6.220000000000001	4.613202822636394e-9
6.23	4.651996630373716e-9
6.24	4.691050285727341e-9
6.25	4.730365060016539e-9
6.260000000000001	4.769942120174032e-9
6.2700000000000005	4.809782847137491e-9
6.28	4.849888570443469e-9
6.29	4.890260601122995e-9
6.300000000000001	4.9309002544935024e-9
6.3100000000000005	4.971808848791049e-9
6.32	5.012987679301144e-9
7.9564086025391365	1.651442956879525e-8
10.016524976354239	5.372224569324971e-8
12.610057830603324	1.7308002708351264e-7
15.875122247140547	5.53788986472795e-7
19.985594812264164	1.763604246655198e-6
25.16037317898104	5.5990020629844185e-6
31.67503316524363	0.000017740149253742052
39.876504171148206	0.000056138815143333566
50.20154443457459	0.00017751691648089555
63.20000000000002	0.0005610819326285667
79.5640860253914	0.0017729461463155294
100.16524976354245	0.005601670112828188
126.1005783060333	0.017697679990890655
158.75122247140547	0.055912979198430544
199.85594812264162	0.17665014551318983