0.02	0.0966665259243141
0.025	0.12083326129489874
0.03	0.14499995831789156
0.035	0.16916664042045648
0.04	0.19333331575154494
0.045	0.2174999876522882
0.05	0.2416666576654664
0.05500000000000001	0.2658333265707549
0.06	0.2899999947911843
0.065	0.3141666625698482
0.07	0.3383333300532268
0.075	0.3624999973331752
0.08	0.38666666446928655
0.085	0.41083333150137424
0.09000000000000001	0.43499999845672666
0.095	0.4591666653544736
0.1	0.4833333322082959
0.10500000000000001	0.5074999990281532
0.11	0.5316666658214142
0.115	0.555833332593609
0.12000000000000001	0.5799999993489433
0.125	0.6041666660906543
0.13	0.6283333328212612
0.135	0.6524999995427443
0.13999999999999999	0.6766666662566743
0.145	0.7008333332529952
0.15	0.7250000018756326
0.155	0.7491666735140958
0.16	0.7733333493505412
0.16499999999999998	0.7975000304093901
0.16999999999999998	0.8216667175953528
0.175	0.8458334117228502
0.18	0.8700001135390067
0.185	0.8941668237418003
0.19	0.918333542994547
0.195	0.9425002719375893
0.19999999999999998	0.9666670111978544
0.205	0.9908337613967712
0.21	1.0150005231569357
0.215	1.0618629667606554
0.22	1.0951503059318093
0.225	1.1261544004454287
0.22999999999999998	1.1559709955403008
0.235	1.1850307829532072
0.24	1.2135574706527137
0.245	1.2416853615728192
0.25	1.269502685841114
0.255	1.2970710892544208
0.26	1.3244356142974538
0.265	1.3516303073448883
0.27	1.3786815955937868
0.275	1.4056104343086833
0.28	1.4324337329995183
0.28500000000000003	1.4591653371588178
0.29000000000000004	1.4858167245269747
0.29500000000000004	1.5123975115225579
0.30000000000000004	1.5389158296463028
0.30500000000000005	1.5653786105243164
0.31	1.5917918053172966
0.315	1.618160556050198
0.32	1.6444893311096334
0.325	1.6707820336240087
0.33	1.6970420890382756
0.335	1.7232725165278364
0.34	1.7494759877185262
0.34500000000000003	1.7756548753344523
0.35000000000000003	1.8018112937799342
0.35500000000000004	1.827947133207493
0.36000000000000004	1.8540640882843917
0.36500000000000005	1.8801636826136956
0.37000000000000005	1.9062472895699913
0.375	1.932316150158891
0.38	1.9583713883920022
0.385	1.9844140245769268
0.39	2.0104449868490564
0.395	2.036465121213959
0.4	2.0624752003227136
0.405	2.088475931165076
0.41000000000000003	2.1144679618349898
0.41500000000000004	2.140451887498141
0.42000000000000004	2.166428255689245
0.42500000000000004	2.192397570940281
0.43000000000000005	2.218360300514961
0.43500000000000005	2.244316873565693
0.44	2.270267698902434
0.445	2.296213136748793
0.45	2.322153559749834
0.455	2.348089259645712
0.46	2.374020598959036
0.465	2.3999477934029674
0.47000000000000003	2.425871216431217
0.47500000000000003	2.4517910019258617
0.48000000000000004	2.4777075832706497
0.48500000000000004	2.5036209762816855
0.49000000000000005	2.5295316914017514
0.49500000000000005	2.555439620138213
0.5	2.5813453920680898
0.505	2.607248741823657
0.51	2.6331505771217256
0.515	2.659050325277795
0.52	2.6849491467529316
0.525	2.7108461949586267
0.53	2.7367431679085414
0.535	2.7626386681697865
0.54	2.788534307679861
0.545	2.814428769941904
0.55	2.8403252208774474
0.555	2.866220793815178
0.56	2.8921204253156603
0.5650000000000001	2.9180194922846656
0.5700000000000001	2.943921808434514
0.5750000000000001	2.969823900494845
0.5800000000000001	2.9957338048959623
0.5850000000000001	3.0216438690147904
0.5900000000000001	3.047563928222062
0.5950000000000001	3.0734845962280266
0.6	3.0994194246823508
0.605	3.1253554065987226
0.61	3.151317163837625
0.615	3.177280758015326
0.62	3.2032714394672697
0.625	3.2292648436013924
0.63	3.2552965397578015
0.635	3.2813321424146027
0.64	3.3074356801197715
0.645	3.333544755196212
0.65	3.359742176951238
0.655	3.385947453136434
0.66	3.4122591083705154
0.665	3.4385820189700094
0.67	3.4651510423873733
0.675	3.4917364945996257
0.68	3.518553790186224
0.685	3.545395710207634
0.6900000000000001	3.572819362068215
0.6950000000000001	3.600281254029819
0.7000000000000001	3.6285906947989357
0.7050000000000001	3.6569623321041993
0.7100000000000001	3.6866668523606294
0.7150000000000001	3.7164788399963595
0.7200000000000001	3.7490644735637835
0.725	3.7818513585596207
0.73	3.8204699701652345
0.735	3.8595096069977672
0.74	3.9098802002386956
0.745	3.96573063381121
0.75	4.044934023732936
0.755	4.161814932815835
0.76	4.353901875520176
0.761	4.409036118402161
0.762	4.481450884622707
0.763	4.555102211301135
0.764	4.641823781179094
0.765	4.744216382340929
0.766	4.869064207753499
0.767	5.026417241399771
0.768	5.203235521335264
0.769	5.431395270088295
0.77	5.699554999967883
0.771	6.066774637824249
0.772	6.536470791726296
0.773	7.168206018247638
0.774	7.9439200371951815
0.775	9.12684689446891
0.776	10.602077329598309
0.777	12.493068076674845
0.778	14.486182786626294
0.779	16.375158364358427
0.78	17.21106366643438
0.781	16.734693066345386
0.782	15.190259669739675
0.783	13.13778939028483
0.784	11.489544071779807
0.785	9.938945610117237
0.786	8.72272080785119
0.787	7.967848143848635
0.788	7.206409760360702
0.789	6.771995404485056
0.79	6.35230957065739
0.791	6.039656500838807
0.792	5.782868256570735
0.793	5.619931687635174
1.001	5.241437038076285
1.0019999999999998	5.25126246201174
1.003	5.263615460523103
1.0039999999999998	5.279025507754213
1.005	5.298328719105526
1.0059999999999998	5.322740122309449
1.007	5.354011721264717
1.0079999999999998	5.394698797937079
1.009	5.448602583829611
1.0099999999999998	5.521522772939942
1.011	5.622580368317081
1.0119999999999998	5.7665914455973875
1.013	5.9788350560059245
1.0139999999999998	6.304204967125616
1.015	6.82677463231955
1.0159999999999998	7.711926364345529
1.017	9.292405070894795
1.0179999999999998	12.171300101006722
1.019	16.753965849999872
1.0199999999999998	20.370516267680042
1.021	18.577363132549046
1.0219999999999998	14.533924686016496
1.023	11.531533778207411
1.0239999999999998	9.689124463909323
1.025	8.55737445166223
1.0259999999999998	7.831186475193254
1.027	7.342492996751891
1.0279999999999998	6.999348588730509
1.029	6.749585342165604
1.0299999999999998	6.562255708308588
1.033	6.214648351007083
1.043	5.940125556892942
1.053	5.830642744552619
1.063	5.80834454977273
1.073	5.8232013561456775
1.083	5.8540098340084885
1.093	5.893286547292233
1.103	5.936494403392203
1.113	5.982323383816875
1.123	6.029092458173817
1.133	6.078162433554983
1.143	6.12878766114124
1.153	6.178949574957371
1.1629999999999998	6.228996849164073
1.173	6.279660271132493
1.1829999999999998	6.331630708675627
1.1929999999999998	6.384357897064644
1.2029999999999998	6.436756938565219
1.2129999999999999	6.491366202470993
1.2229999999999999	6.546451731362387
1.2329999999999999	6.602474571474937
1.2429999999999999	6.657798523687791
1.253	6.713109336573716
1.263	6.767311429721076
1.273	6.820806814128162
1.283	6.873796722664301
1.293	6.926080622221763
1.303	6.976906900087623
1.313	7.026553298572861
1.323	7.075959113218833
1.333	7.125052787837047
1.343	7.174306448307708
1.353	7.224192367104785
1.363	7.276302805399079
1.373	7.327267153879938
1.383	7.378048063054349
1.3929999999999998	7.427760644567676
1.403	7.478380061432392
1.4129999999999998	7.5295490587208
1.423	7.58056762635703
1.4329999999999998	7.632148029128741
1.443	7.685030099915245
1.4529999999999998	7.738127940676573
1.4629999999999999	7.791311226262246
1.4729999999999999	7.845337467258163
1.4829999999999999	7.90142092474937
1.4929999999999999	7.961139581624412
1.503	8.02547548172081
1.513	8.094670741366661
1.523	8.166119156286133
1.533	8.237576423407683
1.543	8.30859020901668
1.553	8.380972102705162
1.563	8.456594955324865
1.573	8.534240649401768
1.583	8.605329299231464
1.593	8.676599190880108
1.603	8.804495083204936
1.613	8.859744132070885
1.6229999999999998	8.914986044202607
1.633	8.97022108611922
1.6429999999999998	9.0254495118203
1.653	9.080671563507334
1.6629999999999998	9.13588747225521
1.673	9.191097458637836
1.6829999999999998	9.246301733311553
1.693	9.301500497559747
1.7029999999999998	9.356693943801629
1.713	9.411882256068008
1.7229999999999999	9.46706561044655
1.733	9.522244175498823
1.7429999999999999	9.577418112651213
1.753	9.63258757656165
1.763	9.687752715463906
1.773	9.74291367149102
1.783	9.7980705809794
1.793	9.853223574754884
1.85	10.167526746417968
1.87	10.277783213474052
1.8900000000000001	10.388027782448532
1.9100000000000001	10.498261154650844
1.9300000000000002	10.608483980852519
1.9500000000000002	10.718696865623803
1.9700000000000002	10.828900371235852
1.9900000000000002	10.939095021178389
2.0100000000000002	11.049281303336446
2.0300000000000002	11.159459672864049
2.0500000000000003	11.269630554787977
2.0700000000000003	11.379794346370716
2.09	11.489951419258013
2.1100000000000003	11.600102121433606
2.13	11.710246779000803
2.15	11.820385697808566
2.17	11.930519164937492
2.19	12.040647450059542
2.21	12.150770806683726
2.23	12.260889473298636
2.25	12.371003674421617
2.27	12.481113621563171
2.29	12.591219514114508
2.31	12.70132154016511
2.33	12.811419877256661
2.35	12.921514693078914
2.37	13.031606146112633
2.39	13.141694386224149
2.41	13.251779555215643
2.43	13.361861787334993
2.45	13.471941209748419
2.47	13.582017942979139
2.49	13.692092101314707
2.5100000000000002	13.802163793185649
2.5300000000000002	13.9122331215176
2.5500000000000003	14.022300184059134
2.5700000000000003	14.132365073687133
2.59	14.242427878691442
2.6100000000000003	14.352488683040432
2.63	14.462547566628858
2.6500000000000004	14.57260460550945
2.67	14.68265987210931
2.69	14.79271343543238
2.71	14.902765361248889
2.73	15.012815712272776
2.75	15.122864548327955
2.77	15.232911926504194
2.79	15.342957901303327
2.81	15.45300252477656
2.83	15.56304584665335
2.85	15.673087914462549
2.87	15.78312877364632
2.89	15.893168467667252
2.91	16.0032070381092
2.93	16.11324452477223
2.95	16.223280965762086
2.97	16.333316397574468
2.99	16.443350855174575
3.01	16.553384372072077
3.0300000000000002	16.66341698039195
3.05	16.7734487109413
3.0700000000000003	16.883479593272554
3.09	16.9935096557431
3.1100000000000003	17.103538925571815
3.13	17.21356742889237
3.1500000000000004	17.32359519080383
3.17	17.433622235418415
3.1900000000000004	17.54364858590687
3.21	17.653674264541355
3.2300000000000004	17.76369929273613
3.25	17.87372369108614
3.27	17.983747479403622
3.29	18.093770676752783
3.31	18.20379330148282
3.33	18.31381537125917
3.35	18.42383690309328
3.37	18.533857913370852
3.39	18.643878417878692
3.41	18.75389843183025
3.43	18.863917969889936
3.45	18.97393704619623
3.47	19.08395567438367
3.49	19.193973867603834
3.5100000000000002	19.30399163854527
3.5300000000000002	19.41400899945254
3.55	19.65691156455555
3.5700000000000003	19.86367635740524
3.59	20.03984420456579
3.6100000000000003	20.20327634117259
3.63	20.359186298789304
3.6500000000000004	20.50996873743812
3.67	20.656962432859533
3.6900000000000004	20.80100689970862
3.71	20.942670272710178
3.7300000000000004	21.082358596637164
3.75	21.265906370963446
3.77	21.435641356616724
3.79	21.593641034930634
3.81	21.746171448979666
3.83	21.895139390569142
3.85	22.04146581908705
3.87	22.18569425896089
3.89	22.328184738651114
3.91	22.469194290959624
3.93	22.608916246253564
3.95	22.747501678805907
3.97	22.885072115370626
3.99	23.02172755692657
4.1	23.760174961121766
4.199999999999999	24.41695418501902
4.3	25.06379000370982
4.3999999999999995	25.703016731862267
4.5	26.33622457713411
4.6	26.964556248317926
4.699999999999999	27.588864966318624
4.8	28.20980652268173
4.8999999999999995	28.827896543580387
5.	29.44354794607504
5.1	30.0570964352035
5.199999999999999	30.668818433046624
5.3	31.27894403052102
5.3999999999999995	31.887666558739078
5.5	32.49514980095843
5.6	33.1015335187038
5.699999999999999	33.706937748591315
5.8	34.31146618664083
5.8999999999999995	34.915208884490454
6.	35.51824441943356
6.1	36.12064165703356
6.199999999999999	36.72246119470283
6.3	37.32375655290469
6.4	37.92457516485863
6.5	38.524959204010486
6.6	39.124946279868595
6.699999999999999	39.724570026274066
6.8	40.32386060119727
6.9	40.922845113321245
7.	41.52154798769958
7.1	42.11999128044832
7.199999999999999	42.71819495059428
7.3	43.31617709574342
7.4	43.913954157064396
7.5	44.51154109814384
7.6	45.10895156150745
7.699999999999999	45.70619800598253
7.8	46.30329182756923
7.9	46.900243466071956
8.	47.49706249939589
8.1	48.093757727129436
8.2	48.69033724479306
8.3	49.28680850993681
8.399999999999999	49.88317840110052
8.5	50.47945327050984
8.6	51.07563899126134
8.7	51.67174099964906
8.8	52.26776433319836
8.9	52.8637136648991
9.	53.45959333406773
9.1	54.05540737421299
9.2	54.6511595382339
9.3	55.24685332123852
9.4	55.84249198123664
9.5	56.43807855793031
9.6	57.03361588979917
9.7	57.62910662965509
9.8	58.22455325882079
9.9	58.8199581000696
10.	59.41532332944831