0.0009466976647670762 1.209061353976597e-7
0.0009576054288946133 2.7113691968192627e-9
0.0009604201464410768 1.7826599968624402e-9
0.000968807018648152 1.3527343329343242e-8
0.0009656172042911339 9.258516351547608e-9
0.0009656172042911339 7.150398239764115e-9
0.0009656172042911339 5.522288134067573e-9
0.0009656172042911339 4.264890599529677e-9
0.0009592690485590426 3.6843322258437744e-9
0.0009691620922752837 4.268426837451958e-11
0.00096880701864815 2.5971650301965592e-11
0.0009767429576270671 3.683550469717609e-8
0.0009752182938143423 2.535434832315458e-8
0.0009752182938143423 1.9766131988220308e-8
0.0009697203280653885 1.2871349916514952e-9
0.0009720073702196957 9.242396297887433e-10
0.0009752182938143413 7.036837605573885e-10
0.0009720073702196957 5.512673247873304e-10
0.0009720073702196957 4.2574649750874254e-10
0.0009720073702196957 3.288061381306951e-10
0.0009720073702196947 2.5393861630112805e-10
0.0009720073702196947 1.9611805672344193e-10
0.0009720073702196947 1.5146295090215598e-10
0.0009720073702196947 1.1697559051556102e-10
0.0009752182938143403 7.464669042269164e-11
0.00096880701864815 5.56662232422771e-11
0.0009705000076192849 1.5843735862527605e-11
0.0009705000076192849 9.391500581415276e-12
0.0009885758588652946 9.71093933375031e-8
0.0009784398243556495 7.018557363355825e-8
0.0009784398243556495 5.420466769304167e-8
0.0009797314143620694 6.207923414120243e-12
0.000986214983912587 4.553748869624215e-12
0.0009856369333368499 3.389764690643768e-12
0.0009919358762314825 2.1941318904265637e-12
0.00098550560546495 1.475043327086379e-12
0.0009752182938143383 2.954887700909411e-12
0.000996897215446249 9.937968445321957e-13
0.000992159583846132 7.017960753308018e-13
0.0010019511496199085 2.2594979435491982e-13
0.0010012904905536445 5.362399845567062e-13
0.0009979937237870596 4.117662901292281e-13
0.0009979937237870596 3.1800915441944334e-13
0.0010112462779980067 2.57071596698528e-13
0.0009914327185045386 9.903371583411036e-11
0.0010520692189131201 1.2163468056834632e-7
0.0010873444184702865 2.415853202404931e-13
0.0011312393606968904 1.2543370299667417e-7
0.0011691690838350022 2.641982300332916e-13
0.001216367201116247 1.2661857392247197e-7
0.0012571512056121642 2.883114573578125e-13
0.001307901067940131 1.289110222359803e-7
0.0013517541437104512 3.2038819200416744e-13
0.0014063230264258451 1.2915982533719368e-7
0.0014534761267230472 3.590877270691774e-13
0.0015121514181270451 1.2940910863771095e-7
0.0015628528758602064 4.0246176029493257e-13
0.0016259435907517 1.2800827714269058e-7
0.0016804604263375893 4.568912836505281e-13
0.0017482988334468622 1.2581405619427488e-7
0.0018069181610792314 5.209017942969137e-13
0.0018798615329690279 1.2822877134617013e-7
0.0019428920727122508 5.938801833420173e-13
0.0020213245673621136 1.2603077085309443e-7
0.0020890982710326414 6.720414139546992e-13
0.0021734329550159226 1.261392681264339e-7
0.0022463067544143244 7.59678013574446e-13
0.0023369877783229777 1.2638272163840118e-7
0.002415345465023637 8.596600807925113e-13
0.0025128504025977473 1.251481957402939e-7
0.0025971046491961936 9.717628243811163e-13
0.0027019470124772693 1.2392572888137626e-7
0.0027925415459400865 1.093802901653447e-12
0.0029052734896942802 1.2416491017969358e-7
0.0030026854282575893 1.2324847209505463e-12
0.0031239006579117353 1.245374468521625e-7
0.0032286430238355713 1.4172092708717966e-12
0.0033589799222407384 1.2557970248452743e-7
0.003471604343652829 1.6348483480896267e-12
0.0036117493331425865 1.2329540141714347e-7
0.003732848949200822 1.869870374492305e-12
0.0038835401066505655 1.209234767752034e-7
0.004013752691324303 2.1204892194327945e-12
0.00417578363525044 1.2102757728513442e-7
0.004315794956172065 2.438307696217225e-12
0.004490019026342535 1.2100250786378302e-7
0.004640566456418798 2.8157602914674057e-12
0.004827901207987011 1.200766672981789e-7
0.004989777608790726 3.2136778773771907e-12
0.005191209644621286 1.2030841976347572e-7
0.00536526754201542 3.675668794044918e-12
0.005581857708651265 1.20540619519711e-7
0.005769013782636393 4.199588296621265e-12
0.006001902757272005 1.2077326743017273e-7
0.006203142669703058 4.880855861000779e-12
0.006453556967587672 1.2100636435981514e-7
0.006669940553185191 5.64846598980441e-12
0.0069391989870941275 1.212399111752625e-7
0.007171865835088711 6.508940833156444e-12
0.007461386460881824 1.222545696854843e-7
0.00771156191668754 7.500498515172701e-12
0.00802286950153364 1.2393757824686845e-7
0.0082918711200584 8.717247871097611e-12
0.008626605172657344 1.2444222498090236e-7
0.008915849657236746 1.0218287574777463e-11
0.009275773062330465 1.233582896213007e-7
0.009586783725829141 1.2029056832895253e-11
0.009973792028475526 1.224144239886684e-7
0.010308206815850094 1.3965521571677022e-11
0.010724338204355468 1.2265068841193739e-7
0.011083918318930071 1.607582549028757e-11
0.011531364359015767 1.2275627584249762e-7
0.011918003537900713 1.836722848830018e-11
0.012399120714635354 1.2220782256126687e-7
0.01281485520213802 2.121049477139373e-11
0.013332177330421411 1.2336222119894194e-7
0.013779196601974686 2.457248154056515e-11
0.014335448170933462 1.2360031490632602e-7
0.014816106464019476 2.8406640209263516e-11
0.015414216985592994 1.238388681434833e-7
0.015931045698390066 3.2909257878935226e-11
0.016574165135673766 1.2407788179732318e-7
0.017129886158724274 3.816629383567241e-11
0.017821401515324242 1.2431735675646684e-7
0.018418941566435074 4.4121558309899294e-11
0.019162494724201996 1.24291605896475e-7
0.019837685654751098 5.112187014397464e-11
0.02060450766115791 1.24797694153731e-7
0.021260276872637637 5.931470998531817e-11
0.022155034721158658 1.2503855837768301e-7
0.02289787868706448 7.038398911972818e-11
0.023822241791346038 1.2689530232483585e-7
0.024620986130579715 8.312245870475393e-11
0.0256149092568732 1.2850492327255777e-7
0.026546618263531174 9.819104549613757e-11
0.027542478243009 1.3027397686788882e-7
0.02846595970112525 1.1463192910438145e-10
0.02961510033704584 1.2900144058913242e-7
0.03069905994700566 1.3482261665340795e-10
0.031843691051872285 1.2925041820115394e-7
0.032870712003981124 1.6674083533123916e-10
0.0342399873127778 1.2949987634929179e-7
0.03534686483052078 2.0195618474523192e-10
0.03681660927024516 1.2974981596099908e-7
0.03810900910736774 2.455987962779214e-10
0.039587126764269176 1.291701167821628e-7
0.04077974590711725 2.8636652646187856e-10
0.04256613079023722 1.2873037561053846e-7
0.044148378497869956 3.452123303072238e-10
0.04576931034274903 1.2856637108635682e-7
0.0472259869616239 4.083135026183679e-10
0.049213535042074694 1.2922776402984612e-7
0.05075192536562219 4.968161346553017e-10
0.05291694397840562 1.3100676855941326e-7
0.05469121483933076 5.679166663071743e-10
0.05689904124179886 1.318213822328378e-7
0.05880682924503463 6.164504854188479e-10
0.06118079864092472 1.3377884684808744e-7
0.06340617061303053 6.180151998117635e-10
0.06578476615158926 1.350425476105632e-7
0.06740656298746975 5.408158926300871e-10
0.06881765176117341 4.074049439168481e-10
0.0700387979793675 3.1688991669064086e-10
0.0707351906767113 1.367555134137516e-7
0.07096885690155087 2.321018645682781e-10
0.07202994396249782 1.7037862427521878e-10
0.07347876592971656 1.2555545342729996e-10
0.07484950386287016 9.22942385554599e-11
0.07605814374320503 1.370194566767496e-7
0.07770617856909018 8.210298107283148e-11
0.0817816588082885 1.3728390936013105e-7
0.0822270987543735 1.084859713247559e-10
0.08521270395124055 1.4844318695150531e-10
0.087935878898344 1.3681654594318036e-7
0.08818480897591088 1.939412659331978e-10
0.08984128157762308 2.618235321372298e-10
0.09153218670960657 3.489484525875911e-10
0.09402015486999227 4.811071348202357e-10
0.09455321535787335 1.3562482591447517e-7
0.09596692269046188 6.460020655249337e-10
0.10166851854460432 1.3387054620856806e-7
0.10301859472388744 6.984386925908534e-10
0.10931926136971772 1.335573219399352e-7
0.11077093326210707 7.248818242078803e-10
0.11754573664981267 1.3496294892024178e-7
0.11910664951939051 7.50721346268243e-10
0.126391269309971 1.3682090645170097e-7
0.12806964374098903 7.925681296188013e-10
0.135902444555492 1.375247637767878e-7
0.13770711974627098 8.14708751969297e-10
0.14612935321396858 1.3589091777785322e-7
0.14806983352874428 8.294591763864641e-10
0.1571258555398063 1.348511597893859e-7
0.15921236056368646 8.444766594549074e-10
0.16894986487051739 1.3511142757856227e-7
0.17119338323116604 8.46106531037105e-10
0.18166365262867082 1.3638771615536622e-7
0.18407599986817458 8.540990163484897e-10
0.19533417627580069 1.3723578911899265e-7
0.19792805707749792 8.677077793706815e-10
0.21003343194544896 1.3706094856416318e-7
0.2128225070434421 8.601497407386506e-10
0.22583883361249102 1.3615753170553092e-7
0.22883779173622446 8.563067441633621e-10
0.24283362079565113 1.3642032084143493e-7
0.24605825602844883 8.543031962488861e-10
0.2611072969403817 1.3756202441220756e-7
0.2645745918993569 8.559520334151442e-10
0.28075610079085733 1.3694742167076873e-7
0.28448431606626556 8.576040528988896e-10
0.3018835132335798 1.364812037779879e-7
0.30589228355864506 8.592592608421176e-10
0.32460080228189564 1.360165730572827e-7
0.32891123993959276 8.609176633986676e-10
0.3490276090715974 1.3774189402046495e-7
0.35366241508298757 8.579867924557103e-10
0.3752925779537734 1.377133624274479e-7
0.38027616163346295 8.43279832597388e-10
0.4035340340033021 1.3665966015621362e-7
0.4088926415116708 8.261744845567871e-10
0.43390071151110254 1.3692341841883444e-7
0.4396625640803232 8.233618917926448e-10
0.466552537296768 1.3718768574478076e-7
0.47378852281367434 7.69961008151494e-10
0.5016614729669153 1.3745246311656443e-7
0.5059338748341052 6.816314285075536e-10
0.5394124205550184 1.3742399147571236e-7
0.5400057316899182 5.996428066545558e-10
0.5800041963123068 1.371024530160458e-7
0.5800041963123056 5.593572212896237e-10
0.6236505777782196 1.3824986536051644e-7
0.6236505777782184 5.200784638125163e-10
0.6705814296448298 1.3970487911754523e-7
0.6705814296448285 4.934673907654466e-10
0.7210439143446392 1.3775067416134163e-7
0.7210439143446379 4.92312798011891e-10
0.7753037937373315 1.3625954664445472e-7
0.7796994876086805 5.127854632986224e-10
0.833646828750837 1.3872654621827543e-7
0.8313588695014696 5.708473361753312e-10
0.8963802843479668 1.3854980641544347e-7
0.9004828683420765 5.762530909490755e-10
0.9638345477445516 1.380781334331837e-7
0.9594737600674635 5.107774130752539e-10
1.0102674767141562 4.3058819581140916e-10
1.0363648684014604 1.384924144751907e-7
1.0603625997003137 3.28873575455727e-10
1.0847406368168935 2.4923229029550215e-10
1.1143532289542242 1.3920487065550213e-7
1.1286190857856269 1.985108454752119e-10
1.1982103569335512 1.4066993538682026e-7
1.2122388002409772 1.8614404886700215e-10
1.2883778878714989 1.4260645772863893e-7
1.2994223851570572 1.7768412921729743e-10
1.30979904697804 1.6204530299767405e-10
1.3853306911853678 1.4136430554063896e-7
1.3915967956290909 2.2863628776691914e-10
1.4501948613230873 3.240206883960741e-10
1.489579371088635 1.414860031355583e-7
1.5405932734998609 4.17812955237563e-10
1.5888127267728993 6.229548769349309e-10
1.6016729557000136 1.417590764208975e-7
1.7103155516903972 6.769510598546009e-10
1.7021251134255255 5.350302929568516e-10
1.7222017885129353 1.4112572199503468e-7
1.8187867623638603 7.959982201299173e-10
1.8484724612830905 6.377537069316439e-10
1.8518006374533977 1.3900315362153577e-7
1.982143239356451 6.702959041622932e-10
2.000265210761231 1.3741354773709756e-7
2.1021199623703675 8.179608929044971e-10
2.115546596639168 8.606034666198222e-8
2.119911698208954 5.97487201247179e-8
2.114199202721408 4.5954104003473e-8
2.1199116982089516 1.0542554397232008e-8
2.1129318512008313 7.1937009856513855e-9
2.1129318512008313 5.555731060149087e-9
2.1073645237446934 4.2926579615172634e-9
2.119911698208954 1.466433636730577e-7
2.099041025329969 1.1776703915143977e-7
2.1379659343537813 3.3075516083437995e-8
2.130424724738626 1.6848101923411422e-8
2.1398133976793834 3.2042765364599386e-9
2.1409898872732636 2.378060867530973e-8
2.148062421037475 2.365055119449966e-9
2.1393291487150594 1.5595390500094388e-9
2.1551583181693243 1.0937132983481728e-9
2.1694205115045544 2.035489937479211e-9
2.1909909645286674 8.537792326138875e-10
