0.010296867331720425 3.6894989240130135e-13
0.010618460095145933 3.860531244394144e-13
0.010905709013135739 4.109133408131027e-13
0.01122908338107803 4.3237792785194834e-13
0.011550550788665761 4.602066580453902e-13
0.011887132081316885 4.921975432148143e-13
0.012233521301627517 5.254654951791476e-13
0.01259000425111745 5.622176515793252e-13
0.012956875059519283 5.993785342941151e-13
0.01333443642746127 6.360628130186855e-13
0.013722999876221931 6.737783365646558e-13
0.014122886004762431 7.16161188560435e-13
0.014534424754248897 7.656382041401065e-13
0.014957955680282822 8.131485183112052e-13
0.015393828233064294 8.617090263629944e-13
0.015842402045719045 9.133521892760602e-13
0.01630404723102738 9.711934426486902e-13
0.016779144686799707 1.0287806312159183e-12
0.01726808641015069 1.0882577383192145e-12
0.017771275820931264 1.1639070748350715e-12
0.018289128094585445 1.2378631657604299e-12
0.018822070504706523 1.3073344548697245e-12
0.019370542775575317 1.3867935017243602e-12
0.019934997444971226 1.4749120710893148e-12
0.020515900237555746 1.570827570030466e-12
0.02111373044913613 1.6759948607594046e-12
0.02172898134212653 1.7799957347404272e-12
0.022362160552532817 1.891584884087591e-12
0.023013790508796823 2.0117785204227243e-12
0.0236844088628457 2.1468969505416057e-12
0.024374568933701955 2.2920071113044582e-12
0.025084840164020218 2.4410593903973186e-12
0.025815808589927464 2.5889077279477526e-12
0.02656807732455423 2.759474694803177e-12
0.027342267055655897 2.9536594364656493e-12
0.02813901655773466 3.1338079230546885e-12
0.02895898321908447 3.3216204539175076e-12
0.02980284358419417 3.539045291599501e-12
0.030671293911956075 3.785059097687876e-12
0.031565050750140676 4.023956408304063e-12
0.03248485152661151 4.252339479712544e-12
0.03343145515776785 4.48919288751844e-12
0.03440564267471737 4.7515778054854646e-12
0.03540821786769538 5.0092202747090155e-12
0.0364400079492624 5.290347461899127e-12
0.03750186423682709 5.597318839112121e-12
0.03859466285505785 5.962512410964597e-12
0.039719305458762656 6.3211164722029215e-12
0.04087671997683339 6.7093350101049225e-12
0.04206786137786868 7.071717406841384e-12
0.04440042986965627 7.888098678030192e-12
0.04561477585677944 8.343764088966014e-12
0.04694398348529631 8.852663813330216e-12
0.04831192402187909 9.44724121073485e-12
0.04971972613757588 1.0025448820657007e-11
0.05116855139273743 1.0662478202623e-11
0.05265959519540638 1.141279875426907e-11
0.05419408778763385 1.2169583996706764e-11
0.055773295260537134 1.303377830508316e-11
0.05739852059893616 1.3953758340462616e-11
0.05907110475643015 1.4926727556432777e-11
0.06079242776180224 1.5951579450818795e-11
0.06256390985766436 1.6982137266849288e-11
0.06438701267228204 1.8039541317024243e-11
0.06626324042554611 1.9212676746591825e-11
0.06819414117008618 2.033968952900073e-11
0.07018130806854991 2.1506987108325296e-11
0.07222638070810214 2.270945841621522e-11
0.07433104645322834 2.4186284782593713e-11
0.07649704183795823 2.5877924156109802e-11
0.07872615399865904 2.7390440364922376e-11
0.08102022214857979 2.9043595258408685e-11
0.08338113909536377 3.103769500383703e-11
0.08581085280278106 3.334831489084456e-11
0.08831136799796956 3.5645100504941144e-11
0.09088474782551098 3.797833824205367e-11
0.09353311554970636 4.058588713352053e-11
0.09625865630645529 4.312161837689654e-11
0.09906361890618509 4.503443254795684e-11
0.10195031768931676 4.5251132001094663e-11
0.10470826170215536 4.4626946902566015e-11
0.10707380999432445 4.2988617099570414e-11
0.10997035391786153 4.2743787721773615e-11
0.11317487329985465 4.270960407729122e-11
0.1164727718890952 4.350641446538792e-11
0.11986677074147536 4.4664848845563265e-11
0.12335967020404222 4.5724231313565834e-11
0.1269543522255295 4.761896482533168e-11
0.13065378273421877 4.966169521351689e-11
0.1344610140850903 5.1771339384575185e-11
0.13837918757828427 5.4002996140621207e-11
0.14241153605094878 5.637593648545241e-11
0.14656138654461492 5.899457263576339e-11
0.15083216305029754 6.14514961637283e-11
0.1552273893335887 6.38956188050473e-11
0.15975069184207397 6.645024163421557e-11
0.1644058026974696 6.923151429242385e-11
0.16919656277495088 7.225915521182524e-11
0.17412692487221137 7.54493770248818e-11
0.17920095697086802 7.920704000188189e-11
0.1844228455929032 8.366902643574445e-11
0.1897968992549129 8.861247945499153e-11
0.1953275520230111 9.384800863186272e-11
0.20101936717132385 9.871924710367234e-11
0.20687704094709108 1.0332537482175128e-10
0.2129054064454826 1.0777932122400771e-10
0.21910943759732612 1.1204363724278067e-10
0.22549425327303707 1.163137078455568e-10
0.23206512150613592 1.2033664574745133e-10
0.2388274638398384 1.2316128422476434e-10
0.2457868598003048 1.2600181070376441e-10
0.2529490515002386 1.270139360836938e-10
0.26031994837663425 1.280854188404757e-10
0.2679056320665808 1.2811104020238756e-10
0.2753885769010695 1.2749498960088762e-10
0.28260046791258053 1.2305786526116355e-10
0.2898444067138452 1.2142116759000737e-10
0.3009822895344914 1.1265786094817357e-10
0.31056275562429225 1.0499898997850314e-10
0.3199604365880501 9.573122656066914e-11
0.32799681095778244 8.702581706385226e-11
0.3383166797592068 8.152152639414534e-11
0.3471641734908913 8.866211966629956e-11
0.352358481328368 9.890700456207226e-11
0.3569230382199212 1.1010934460391689e-10
0.35972107974517836 1.221484434080897e-10
0.3633624344491415 1.3490326856640173e-10
0.3682426540665019 1.490450640142834e-10
0.3730819785025502 1.6667869172717126e-10
0.3779848997564539 1.875601122230403e-10
0.38299539199969634 2.0994602500974466e-10
0.38575422682803406 2.337735844093827e-10
0.39012825218791963 2.544972498882444e-10
0.39550621062948765 2.829860290534148e-10
0.40625980726850625 2.9474577271861983e-10
0.4176071600763217 2.9469861400913896e-10
0.42982293162716956 3.021544146468051e-10
0.43851159084031466 3.4397312947161407e-10
0.44682091734476304 3.776229116357579e-10
0.4574678507659045 4.1316432020251885e-10
0.4702294933520217 4.5515694872015733e-10
0.48402257087447653 4.920193045089145e-10
0.4982287205150878 5.358944601857123e-10
0.5110261003316691 5.782887657059438e-10
