0.1	0.06773927807407236
0.15000000000000002	0.06734680109120302
0.2	0.06684055028919222
0.25	0.06629042011186773
0.30000000000000004	0.06590905524777682
0.35	0.06483447724896968
0.4	0.06388715603332906
0.45000000000000007	0.06275004911984301
0.5	0.061663647824720336
0.55	0.06048886823931449
0.6	0.05931505871223508
0.65	0.057685184485797056
0.7000000000000001	0.05639253813873151
0.75	0.054757033003894416
0.8	0.0529798273719377
0.85	0.051535600414322424
0.9	0.04970229611553448
0.9500000000000001	0.04783964773128717
1.	0.046207625624084245
1.05	0.04440933268245757
1.1	0.04271179297573044
1.1500000000000001	0.04069336448208618
1.2000000000000002	0.03869854532880696
1.2500000000000002	0.0368139159414016
1.3000000000000003	0.035034744945385735
1.35	0.03310806013723291
1.4000000000000001	0.031304519013121944
1.4500000000000002	0.029431844050032966
1.5000000000000002	0.027673440339660252
1.5500000000000003	0.025864315003462444
1.6	0.024171769314991855
1.6500000000000001	0.022483852200991236
1.7000000000000002	0.020787887640527483
1.7500000000000002	0.019193001146749815
1.8000000000000003	0.017693356449756736
1.85	0.016194798264073135
1.9000000000000001	0.014778992943524584
1.9500000000000002	0.013400435297255119
2.	0.01210653595895616
2.0500000000000003	0.010887356047124128
2.1	0.009767350242855294
2.1500000000000004	0.008619048863771659
2.2	0.0076597321138378825
2.25	0.006689267984256663
2.3000000000000003	0.005853469992101328
2.35	0.005058337076945784
2.4000000000000004	0.00434718842825099
2.45	0.0036736074939283077
2.5000000000000004	0.0030895202349555573
2.5500000000000003	0.0025762479543167656
2.6	0.002110553095272403
2.6500000000000004	0.0017262665546994454
2.7	0.0013713440049733369
2.7500000000000004	0.0010867018851109611
2.8000000000000003	0.0008435782106363843
2.85	0.0006523787947979292
2.9000000000000004	0.0004954668863108897
2.95	0.00037439145509138283
3.0000000000000004	0.00028206302067979245
3.0500000000000003	0.00021644342712065867
3.1	0.00017135994439472323
3.1500000000000004	0.00014272394037717954
3.2	0.00012501760468262586
3.2500000000000004	0.00010949883503694739
3.3000000000000003	0.00010364802415130751
3.35	0.00009956386249996378
3.4000000000000004	0.00009685643656586885
3.45	0.00009398679525284007
3.5000000000000004	0.00009085807935218435
3.5500000000000003	0.00008807136667381238
3.6	0.00008520322494634468
3.6500000000000004	0.00008239339392555012
3.7	0.00007940146511044456
3.7500000000000004	0.0000758613636717976
3.8000000000000003	0.00007266491774113074
3.85	0.00006932245042711052
3.9000000000000004	0.00006634433999505585
3.95	0.00006282223055945128
4.	0.00005952435458775989
4.05	0.000056279718897411626
4.1	0.00005311784536804746
4.1499999999999995	0.00004964061576512239
4.2	0.000046360067835254934
4.25	0.00004310810287149333
4.3	0.000039879596102470115
4.35	0.00003673539081648331
4.3999999999999995	0.000033576537115973746
4.45	0.00003056953062946561
4.5	0.00002759719439490895
4.55	0.000024715798716011475
4.6	0.000021906172943012477
4.6499999999999995	0.00001922106033561753
4.7	0.000016663049702168945
4.75	0.000014230910122075248
4.8	0.00001194573248448271
4.85	9.818938751576096e-6
4.9	7.857027886560431e-6
4.95	6.075967148497789e-6
5.	4.489410861558493e-6
5.05	3.11251265244357e-6
5.1	1.961006365259424e-6
5.15	1.052949964152287e-6
5.2	4.1043279878394375e-7
5.25	5.938810793026053e-8
5.3	0.
5.35	0.
5.4	0.
5.45	0.
5.5	0.
5.55	0.
5.6	0.
5.65	0.
5.7	0.
5.75	0.
5.8	0.
5.85	0.
5.9	0.
5.95	0.
6.	0.
6.05	0.
6.1	0.
6.15	0.
6.2	0.
6.25	0.