1 0.430378
1.00925 0.428177
1.01859 0.425987
1.02802 0.423809
1.03753 0.421641
1.04713 0.419485
1.05682 0.41734
1.0666 0.415206
1.07647 0.413082
1.08643 0.41097
1.09648 0.408868
1.10662 0.406777
1.11686 0.404697
1.1272 0.402627
1.13763 0.400568
1.14815 0.39852
1.15878 0.396482
1.1695 0.394454
1.18032 0.392437
1.19124 0.39043
1.20226 0.388433
1.21339 0.386447
1.22462 0.38447
1.23595 0.382504
1.24738 0.380548
1.25893 0.378602
1.27057 0.376666
1.28233 0.374739
1.2942 0.372823
1.30617 0.370951
1.31826 0.369102
1.33045 0.36724
1.34276 0.365368
1.35519 0.363491
1.36773 0.361611
1.38038 0.359732
1.39316 0.357857
1.40605 0.355991
1.41906 0.354136
1.43219 0.352297
1.44544 0.350476
1.45881 0.348678
1.47231 0.346905
1.48594 0.345161
1.49968 0.343451
1.51356 0.341769
1.52757 0.340108
1.5417 0.338465
1.55597 0.336841
1.57036 0.335235
1.58489 0.333646
1.59956 0.332074
1.61436 0.330518
1.6293 0.328978
1.64437 0.327454
1.65959 0.325944
1.67494 0.324449
1.69044 0.322968
1.70608 0.321499
1.72187 0.320044
1.7378 0.318601
1.75388 0.31717
1.77011 0.315752
1.78649 0.314349
1.80302 0.31296
1.8197 0.311585
1.83654 0.310225
1.85353 0.308877
1.87068 0.307543
1.88799 0.306222
1.90546 0.304913
1.92309 0.303616
1.94089 0.30233
1.95884 0.301057
1.97697 0.299794
1.99526 0.298541
2.01372 0.297299
2.03236 0.296067
2.05116 0.294845
2.07014 0.293632
2.0893 0.292428
2.10863 0.291235
2.12814 0.290054
2.14783 0.288884
2.1677 0.287724
2.18776 0.286576
2.208 0.285437
2.22844 0.284309
2.24905 0.28319
2.26986 0.282081
2.29087 0.280981
2.31206 0.279891
2.33346 0.278809
2.35505 0.277736
2.37684 0.276671
2.39883 0.275614
2.42103 0.274565
2.44343 0.273524
2.46604 0.27249
2.48886 0.271463
2.51189 0.270443
2.53513 0.269433
2.55859 0.268431
2.58226 0.267438
2.60615 0.266453
2.63027 0.265476
2.65461 0.264507
2.67917 0.263547
2.70396 0.262593
2.72898 0.261648
2.75423 0.260709
2.77971 0.259778
2.80543 0.258854
2.83139 0.257937
2.85759 0.257026
2.88403 0.256122
2.91072 0.255224
2.93765 0.254332
2.96483 0.253447
2.99226 0.252566
3.01995 0.251692
3.04789 0.250823
3.0761 0.249961
3.10456 0.249105
3.13329 0.248256
3.16228 0.247414
3.19154 0.246578
3.22107 0.245749
3.25087 0.244925
3.28095 0.244108
3.31131 0.243297
3.34195 0.242492
3.37287 0.241692
3.40408 0.240898
3.43558 0.24011
3.46737 0.239327
3.49945 0.238549
3.53183 0.237776
3.56451 0.237008
3.59749 0.236246
3.63078 0.235488
3.66438 0.234734
3.69828 0.233985
3.7325 0.233241
3.76704 0.232501
3.80189 0.231764
3.83707 0.231031
3.87258 0.230302
3.90841 0.229577
3.94457 0.228855
3.98107 0.228138
4.01791 0.227425
4.05509 0.226717
4.09261 0.226013
4.13048 0.225314
4.16869 0.22462
4.20727 0.223931
4.2462 0.223248
4.28549 0.22257
4.32514 0.221897
4.36516 0.22123
4.40555 0.220569
4.44631 0.219915
4.48745 0.219266
4.52898 0.218624
4.57088 0.217988
4.61318 0.21736
4.65586 0.216738
4.69894 0.216123
4.74242 0.215515
4.7863 0.214915
4.83059 0.214323
4.87528 0.213739
4.9204 0.213162
4.96592 0.212593
5.01187 0.21203
5.05825 0.211474
5.10505 0.210925
5.15229 0.210381
5.19996 0.209843
5.24807 0.20931
5.29663 0.208782
5.34564 0.208258
5.39511 0.20774
5.44503 0.207225
5.49541 0.206714
5.54626 0.206206
5.59758 0.205702
5.64937 0.2052
5.70164 0.2047
5.7544 0.204203
5.80764 0.203708
5.86138 0.203214
5.91562 0.202722
5.97035 0.20223
6.0256 0.201739
6.08135 0.201248
6.13762 0.200758
6.19441 0.200268
6.25173 0.199782
6.30957 0.199298
6.36796 0.198816
6.42688 0.198337
6.48634 0.197861
6.54636 0.197387
6.60693 0.196916
6.66807 0.196447
6.72977 0.19598
6.79204 0.195516
6.85488 0.195054
6.91831 0.194595
6.98232 0.194138
7.04693 0.193683
7.11214 0.19323
7.17794 0.19278
7.24436 0.192331
7.31139 0.191885
7.37904 0.191441
7.44732 0.190999
7.51623 0.190559
7.58578 0.190121
7.65597 0.189684
7.72681 0.18925
7.7983 0.188818
7.87046 0.188388
7.94328 0.187959
8.01678 0.187533
8.09096 0.187108
8.16582 0.186685
8.24138 0.186264
8.31764 0.185845
8.3946 0.185428
8.47227 0.185014
8.55067 0.184601
8.62979 0.184191
8.70964 0.183782
8.79023 0.183376
8.87156 0.182971
8.95365 0.182569
9.03649 0.182168
9.12011 0.181769
9.2045 0.181372
9.28966 0.180977
9.37562 0.180583
9.46237 0.180192
9.54993 0.179802
9.63829 0.179414
9.72747 0.179027
9.81748 0.178643
9.90832 0.178259
10 0.177878
10.0925 0.177498
10.1859 0.17712
10.2802 0.176743
10.3753 0.176368
10.4713 0.175995
10.5682 0.175623
10.666 0.175252
10.7647 0.174883
10.8643 0.174515
10.9648 0.174149
11.0662 0.173784
11.1686 0.173421
11.272 0.17306
11.3763 0.1727
11.4815 0.172342
11.5878 0.171986
11.695 0.171631
11.8032 0.171278
11.9124 0.170926
12.0226 0.170576
12.1339 0.170228
12.2462 0.169881
12.3595 0.169535
12.4738 0.169192
12.5893 0.168849
12.7057 0.168508
12.8233 0.168168
12.942 0.16783
13.0617 0.167494
13.1826 0.167158
13.3045 0.166824
13.4276 0.166491
13.5519 0.16616
13.6773 0.16583
13.8038 0.165501
13.9316 0.165174
14.0605 0.164848
14.1906 0.164523
14.3219 0.164199
14.4544 0.163877
14.5881 0.163556
14.7231 0.163236
14.8594 0.162917
14.9968 0.162599
15.1356 0.162282
15.2757 0.161967
15.417 0.161653
15.5597 0.16134
15.7036 0.161029
15.8489 0.160719
15.9956 0.16041
16.1436 0.160103
16.293 0.159797
16.4437 0.159492
16.5959 0.159189
16.7494 0.158886
16.9044 0.158585
17.0608 0.158285
17.2187 0.157987
17.378 0.157689
17.5388 0.157393
17.7011 0.157098
17.8649 0.156804
18.0302 0.156511
18.197 0.15622
18.3654 0.155929
18.5353 0.15564
18.7068 0.155352
18.8799 0.155064
19.0546 0.154778
19.2309 0.154493
19.4089 0.154209
19.5884 0.153926
19.7697 0.153644
19.9526 0.153363
20.1372 0.153083
20.3236 0.152804
20.5116 0.152526
20.7014 0.152249
20.893 0.151972
21.0863 0.151697
21.2814 0.151423
21.4783 0.151149
21.677 0.150877
21.8776 0.150606
22.08 0.150335
22.2844 0.150066
22.4905 0.149798
22.6986 0.149531
22.9087 0.149265
23.1206 0.148999
23.3346 0.148735
23.5505 0.148472
23.7684 0.14821
23.9883 0.147949
24.2103 0.147689
24.4343 0.14743
24.6604 0.147172
24.8886 0.146915
25.1189 0.146659
25.3513 0.146404
25.5859 0.146149
25.8226 0.145896
26.0615 0.145644
26.3027 0.145392
26.5461 0.145141
26.7917 0.144892
27.0396 0.144643
27.2898 0.144395
27.5423 0.144147
27.7971 0.143901
28.0543 0.143656
28.3139 0.143411
28.5759 0.143167
28.8403 0.142924
29.1072 0.142682
29.3765 0.14244
29.6483 0.1422
29.9226 0.14196
30.1995 0.141721
30.4789 0.141482
30.761 0.141245
31.0456 0.141008
31.3329 0.140772
31.6228 0.140536
31.9154 0.140301
32.2107 0.140068
32.5087 0.139835
32.8095 0.139603
33.1131 0.139371
33.4195 0.139141
33.7287 0.138912
34.0408 0.138683
34.3558 0.138455
34.6737 0.138228
34.9945 0.138002
35.3183 0.137776
35.6451 0.137552
35.9749 0.137328
36.3078 0.137105
36.6438 0.136882
36.9828 0.136661
37.325 0.13644
37.6704 0.13622
38.0189 0.136
38.3707 0.135782
38.7258 0.135564
39.0841 0.135347
39.4457 0.13513
39.8107 0.134915
40.1791 0.1347
40.5509 0.134485
40.9261 0.134272
41.3048 0.134059
41.6869 0.133847
42.0727 0.133635
42.462 0.133424
42.8549 0.133214
43.2514 0.133004
43.6516 0.132795
44.0555 0.132587
44.4631 0.132379
44.8745 0.132172
45.2898 0.131965
45.7088 0.131759
46.1318 0.131554
46.5586 0.131349
46.9894 0.131145
47.4242 0.130942
47.863 0.130739
48.3059 0.130536
48.7528 0.130335
49.204 0.130134
49.6592 0.129935
50.1187 0.129736
50.5825 0.129537
51.0505 0.12934
51.5229 0.129143
51.9996 0.128947
52.4807 0.128752
52.9663 0.128557
53.4564 0.128363
53.9511 0.12817
54.4503 0.127978
54.9541 0.127786
55.4626 0.127595
55.9758 0.127404
56.4937 0.127214
57.0164 0.127024
57.544 0.126836
58.0764 0.126647
58.6138 0.126459
59.1562 0.126272
59.7035 0.126085
60.256 0.125899
60.8135 0.125713
61.3762 0.125528
61.9441 0.125343
62.5173 0.125159
63.0957 0.124975
63.6796 0.124792
64.2688 0.124609
64.8634 0.124426
65.4636 0.124243
66.0693 0.124062
66.6807 0.12388
67.2977 0.123699
67.9204 0.123518
68.5488 0.123337
69.1831 0.123157
69.8232 0.122976
70.4693 0.122797
71.1214 0.122617
71.7794 0.122438
72.4436 0.122259
73.1139 0.12208
73.7904 0.121901
74.4732 0.121722
75.1623 0.121544
75.8578 0.121367
76.5597 0.12119
77.2681 0.121015
77.983 0.120841
78.7046 0.120668
79.4328 0.120496
80.1678 0.120324
80.9096 0.120154
81.6582 0.119984
82.4138 0.119816
83.1764 0.119648
83.946 0.11948
84.7227 0.119314
85.5067 0.119147
86.2979 0.118982
87.0964 0.118817
87.9023 0.118652
88.7156 0.118488
89.5365 0.118325
90.3649 0.118161
91.2011 0.117998
92.045 0.117835
92.8966 0.117673
93.7562 0.11751
94.6237 0.117348
95.4993 0.117186
96.3829 0.117025
97.2747 0.116864
98.1748 0.116703
99.0832 0.116542
100 0.116382
100.925 0.116222
101.859 0.116063
102.802 0.115904
103.753 0.115745
104.713 0.115587
105.682 0.11543
106.66 0.115273
107.647 0.115116
108.643 0.11496
109.648 0.114804
110.662 0.114649
111.686 0.114494
112.72 0.11434
113.763 0.114187
114.815 0.114034
115.878 0.113882
116.95 0.11373
118.032 0.113579
119.124 0.113429
120.226 0.11328
121.339 0.113131
122.462 0.112983
123.595 0.112835
124.738 0.112687
125.893 0.11254
127.057 0.112393
128.233 0.112246
129.42 0.1121
130.617 0.111954
131.826 0.111808
133.045 0.111662
134.276 0.111517
135.519 0.111372
136.773 0.111227
138.038 0.111083
139.316 0.110939
140.605 0.110795
141.906 0.110651
143.219 0.110508
144.544 0.110365
145.881 0.110223
147.231 0.11008
148.594 0.109938
149.968 0.109797
151.356 0.109655
152.757 0.109514
154.17 0.109374
155.597 0.109233
157.036 0.109093
158.489 0.108953
159.956 0.108814
161.436 0.108675
162.93 0.108536
164.437 0.108397
165.959 0.108259
167.494 0.108121
169.044 0.107984
170.608 0.107847
172.187 0.10771
173.78 0.107573
175.388 0.107437
177.011 0.107301
178.649 0.107166
180.302 0.107031
181.97 0.106896
183.654 0.106762
185.353 0.106627
187.068 0.106494
188.799 0.10636
190.546 0.106227
192.309 0.106095
194.089 0.105962
195.884 0.10583
197.697 0.105699
199.526 0.105568
201.372 0.105437
203.236 0.105306
205.116 0.105176
207.014 0.105046
208.93 0.104917
210.863 0.104788
212.814 0.104659
214.783 0.104531
216.77 0.104403
218.776 0.104275
220.8 0.104148
222.844 0.104021
224.905 0.103894
226.986 0.103768
229.087 0.103642
231.206 0.103516
233.346 0.103391
235.505 0.103266
237.684 0.103141
239.883 0.103017
242.103 0.102893
244.343 0.102769
246.604 0.102646
248.886 0.102523
251.189 0.1024
253.513 0.102278
255.859 0.102155
258.226 0.102034
260.615 0.101912
263.027 0.101791
265.461 0.10167
267.917 0.101549
270.396 0.101429
272.898 0.101309
275.423 0.101189
277.971 0.10107
280.543 0.100951
283.139 0.100832
285.759 0.100713
288.403 0.100595
291.072 0.100477
293.765 0.100359
296.483 0.100242
299.226 0.100125
301.995 0.100008
304.789 0.099891
307.61 0.0997747
310.456 0.0996586
313.329 0.0995427
316.228 0.0994271
319.154 0.0993118
322.107 0.0991967
325.087 0.0990819
328.095 0.0989674
331.131 0.098853
334.195 0.098739
337.287 0.0986252
340.408 0.0985116
343.558 0.0983983
346.737 0.0982852
349.945 0.0981724
353.183 0.0980597
356.451 0.0979474
359.749 0.0978352
363.078 0.0977233
366.438 0.0976116
369.828 0.0975002
373.25 0.097389
376.704 0.0972782
380.189 0.0971676
383.707 0.0970573
387.258 0.0969472
390.841 0.0968374
394.457 0.096728
398.107 0.0966187
401.791 0.0965098
405.509 0.0964011
409.261 0.0962926
413.048 0.0961845
416.869 0.0960766
420.727 0.0959689
424.62 0.0958616
428.549 0.0957544
432.514 0.0956476
436.516 0.095541
440.555 0.0954346
444.631 0.0953285
448.745 0.0952227
452.898 0.0951171
457.088 0.0950117
461.318 0.0949066
465.586 0.0948017
469.894 0.0946971
474.242 0.0945927
478.63 0.0944886
483.059 0.0943847
487.528 0.094281
492.04 0.0941776
496.592 0.0940744
501.187 0.0939714
505.825 0.0938687
510.505 0.0937662
515.229 0.0936639
519.996 0.0935619
524.807 0.0934601
529.663 0.0933585
534.564 0.0932571
539.511 0.0931559
544.503 0.093055
549.541 0.0929543
554.626 0.0928538
559.758 0.0927535
564.937 0.0926534
570.164 0.0925535
575.44 0.0924539
580.764 0.0923544
586.138 0.0922552
591.562 0.0921561
597.035 0.0920573
602.56 0.0919587
608.135 0.0918602
613.762 0.091762
619.441 0.091664
625.173 0.0915661
630.957 0.0914685
636.796 0.091371
642.688 0.0912738
648.634 0.0911767
654.636 0.0910798
660.693 0.0909831
666.807 0.0908866
672.977 0.0907903
679.204 0.0906941
685.488 0.0905982
691.831 0.0905024
698.232 0.0904069
704.693 0.0903116
711.214 0.0902166
717.794 0.0901217
724.436 0.0900271
731.139 0.0899327
737.904 0.0898385
744.732 0.0897445
751.623 0.0896507
758.578 0.0895571
765.597 0.0894638
772.681 0.0893707
779.83 0.0892777
787.046 0.089185
794.328 0.0890925
801.678 0.0890002
809.096 0.0889081
816.582 0.0888162
824.138 0.0887245
831.764 0.088633
839.46 0.0885418
847.227 0.0884507
855.067 0.0883598
862.979 0.0882691
870.964 0.0881786
879.023 0.0880883
887.156 0.0879982
895.365 0.0879083
903.649 0.0878185
912.011 0.087729
920.45 0.0876397
928.966 0.0875505
937.562 0.0874615
946.237 0.0873728
954.993 0.0872842
963.829 0.0871958
972.747 0.0871075
981.748 0.0870195
990.832 0.0869316
1000 0.0868439
1009.25 0.0867564
1018.59 0.0866691
1028.02 0.0865819
1037.53 0.086495
1047.13 0.0864082
1056.82 0.0863215
1066.6 0.0862351
1076.47 0.0861488
1086.43 0.0860627
1096.48 0.0859767
1106.62 0.0858909
1116.86 0.0858053
1127.2 0.0857199
1137.63 0.0856346
1148.15 0.0855494
1158.78 0.0854645
1169.5 0.0853797
1180.32 0.085295
1191.24 0.0852105
1202.26 0.0851262
1213.39 0.085042
1224.62 0.084958
1235.95 0.0848742
1247.38 0.0847905
1258.93 0.0847069
1270.57 0.0846235
1282.33 0.0845402
1294.2 0.0844571
1306.17 0.0843742
1318.26 0.0842913
1330.45 0.0842087
1342.76 0.0841261
1355.19 0.0840438
1367.73 0.0839616
1380.38 0.0838796
1393.16 0.0837978
1406.05 0.0837161
1419.06 0.0836347
1432.19 0.0835534
1445.44 0.0834722
1458.81 0.0833913
1472.31 0.0833105
1485.94 0.0832299
1499.68 0.0831495
1513.56 0.0830692
1527.57 0.0829891
1541.7 0.0829091
1555.97 0.0828294
1570.36 0.0827497
1584.89 0.0826703
1599.56 0.082591
1614.36 0.0825119
1629.3 0.082433
1644.37 0.0823542
1659.59 0.0822755
1674.94 0.0821971
1690.44 0.0821187
1706.08 0.0820406
1721.87 0.0819626
1737.8 0.0818847
1753.88 0.081807
1770.11 0.0817295
1786.49 0.0816521
1803.02 0.0815749
1819.7 0.0814978
1836.54 0.0814209
1853.53 0.0813441
1870.68 0.0812675
1887.99 0.081191
1905.46 0.0811147
1923.09 0.0810385
1940.89 0.0809625
1958.84 0.0808866
1976.97 0.0808109
1995.26 0.0807353
2013.72 0.0806598
2032.36 0.0805845
2051.16 0.0805094
2070.14 0.0804343
2089.3 0.0803594
2108.63 0.0802847
2128.14 0.0802101
2147.83 0.0801356
2167.7 0.0800613
2187.76 0.0799871
2208 0.079913
2228.44 0.0798391
2249.05 0.0797653
2269.86 0.0796916
2290.87 0.0796181
2312.06 0.0795447
2333.46 0.0794714
2355.05 0.0793983
2376.84 0.0793252
2398.83 0.0792523
2421.03 0.0791796
2443.43 0.079107
2466.04 0.0790344
2488.86 0.0789621
2511.89 0.0788898
2535.13 0.0788177
2558.59 0.0787456
2582.26 0.0786737
2606.15 0.078602
2630.27 0.0785303
2654.61 0.0784588
2679.17 0.0783874
2703.96 0.0783161
2728.98 0.0782449
2754.23 0.0781738
2779.71 0.0781028
2805.43 0.078032
2831.39 0.0779613
2857.59 0.0778908
2884.03 0.0778204
2910.72 0.0777501
2937.65 0.07768
2964.83 0.0776101
2992.26 0.0775402
3019.95 0.0774705
3047.89 0.0774009
3076.1 0.0773315
3104.56 0.0772622
3133.29 0.0771931
3162.28 0.077124
3191.54 0.0770551
3221.07 0.0769864
3250.87 0.0769178
3280.95 0.0768493
3311.31 0.0767809
3341.95 0.0767127
3372.87 0.0766446
3404.08 0.0765766
3435.58 0.0765087
3467.37 0.076441
3499.45 0.0763734
3531.83 0.076306
3564.51 0.0762387
3597.49 0.0761714
3630.78 0.0761044
3664.38 0.0760374
3698.28 0.0759706
3732.5 0.0759039
3767.04 0.0758373
3801.89 0.0757708
3837.07 0.0757045
3872.58 0.0756382
3908.41 0.0755721
3944.57 0.0755062
3981.07 0.0754403
4017.91 0.0753746
4055.09 0.0753089
4092.61 0.0752434
4130.48 0.075178
4168.69 0.0751128
4207.27 0.0750476
4246.2 0.0749825
4285.49 0.0749176
4325.14 0.0748528
4365.16 0.0747881
4405.55 0.0747235
4446.31 0.074659
4487.45 0.0745947
4528.98 0.0745304
4570.88 0.0744662
4613.18 0.0744022
4655.86 0.0743383
4698.94 0.0742745
4742.42 0.0742107
4786.3 0.0741471
4830.59 0.0740836
4875.28 0.0740202
4920.4 0.0739569
4965.92 0.0738938
5011.87 0.0738307
5058.25 0.0737677
5105.05 0.0737048
5152.29 0.0736421
5199.96 0.0735794
5248.07 0.0735168
5296.63 0.0734543
5345.64 0.073392
5395.11 0.0733297
5445.03 0.0732675
5495.41 0.0732054
5546.26 0.0731435
5597.58 0.0730816
5649.37 0.0730198
5701.64 0.0729581
5754.4 0.0728965
5807.64 0.072835
5861.38 0.0727736
5915.62 0.0727123
5970.35 0.0726511
6025.6 0.0725899
6081.35 0.0725289
6137.62 0.0724679
6194.41 0.0724071
6251.73 0.0723464
6309.57 0.0722857
6367.96 0.0722252
6426.88 0.0721648
6486.34 0.0721046
6546.36 0.0720444
6606.93 0.0719843
6668.07 0.0719244
6729.77 0.0718645
6792.04 0.0718048
6854.88 0.0717452
6918.31 0.0716856
6982.32 0.0716262
7046.93 0.0715669
7112.14 0.0715077
7177.94 0.0714486
7244.36 0.0713896
7311.39 0.0713307
7379.04 0.0712719
7447.32 0.0712133
7516.23 0.0711547
7585.78 0.0710962
7655.97 0.0710379
7726.81 0.0709796
7798.3 0.0709214
7870.46 0.0708634
7943.28 0.0708054
8016.78 0.0707475
8090.96 0.0706898
8165.82 0.0706321
8241.38 0.0705745
8317.64 0.0705171
8394.6 0.0704597
8472.27 0.0704024
8550.67 0.0703453
8629.79 0.0702882
8709.64 0.0702312
8790.23 0.0701743
8871.56 0.0701175
8953.65 0.0700608
9036.49 0.0700042
9120.11 0.0699477
9204.5 0.0698913
9289.66 0.069835
9375.62 0.0697788
9462.37 0.0697227
9549.93 0.0696666
9638.29 0.0696107
9727.47 0.0695548
9817.48 0.069499
9908.32 0.0694434
10000 0.0693878
10092.5 0.0693323
10185.9 0.0692769
10280.2 0.0692216
10375.3 0.0691663
10471.3 0.0691112
10568.2 0.0690561
10666 0.0690012
10764.7 0.0689463
10864.3 0.0688915
10964.8 0.0688368
11066.2 0.0687821
11168.6 0.0687276
11272 0.0686731
11376.3 0.0686188
11481.5 0.0685645
11587.8 0.0685103
11695 0.0684561
11803.2 0.0684021
11912.4 0.0683481
12022.6 0.0682942
12133.9 0.0682404
12246.2 0.0681867
12359.5 0.0681331
12473.8 0.0680795
12589.3 0.068026
12705.7 0.0679726
12823.3 0.0679193
12942 0.067866
13061.7 0.0678129
13182.6 0.0677598
13304.5 0.0677067
13427.6 0.0676538
13551.9 0.0676009
13677.3 0.0675481
13803.8 0.0674954
13931.6 0.0674428
14060.5 0.0673902
