0.020000000000000004	0.000010100000000000002	231.1200000000001
0.020000000000000004	0.00002	231.1200000000001
0.020000000000000004	0.00004500000000000001	231.1200000000001
0.020000000000000004	0.00007500000000000001	231.1200000000001
0.020000000000000004	0.000145	231.1200000000001
0.020000000000000004	0.00035	231.1200000000001
0.020000000000000004	0.00065	231.1200000000001
0.020000000000000004	0.0009	231.1200000000001
0.020000000000000004	0.00125	231.1200000000001
0.020000000000000004	0.00175	231.1200000000001
0.020000000000000004	0.0022500000000000003	231.1200000000001
0.020000000000000004	0.00275	231.1200000000001
0.020000000000000004	0.0032500000000000003	231.1200000000001
0.020000000000000004	0.00375	231.1200000000001
0.020000000000000004	0.00425	231.1200000000001
0.020000000000000004	0.00475	231.1200000000001
0.020000000000000004	0.0052499999999999995	231.1200000000001
0.020000000000000004	0.00575	231.1200000000001
0.020000000000000004	0.00625	231.1200000000001
0.020000000000000004	0.00675	231.1200000000001
0.020000000000000004	0.0072499999999999995	231.1200000000001
0.020000000000000004	0.00775	231.1200000000001
0.020000000000000004	0.00825	231.1200000000001
0.020000000000000004	0.00875	221.12000000000006
0.020000000000000004	0.00925	221.12000000000006
0.020000000000000004	0.00975	221.12000000000006
0.020000000000000004	0.010833333333333334	211.12000000000003
0.020000000000000004	0.0125	201.11999999999998
0.020000000000000004	0.014166666666666668	196.12000000000003
0.020000000000000004	0.01583333333333333	191.12000000000003
0.020000000000000004	0.0175	176.12000000000006
0.020000000000000004	0.019166666666666665	171.12000000000003
0.020000000000000004	0.020833333333333336	151.12000000000006
0.020000000000000004	0.0225	151.12000000000006
0.020000000000000004	0.02416666666666667	141.12
0.020000000000000004	0.025833333333333333	171.12000000000003
0.020000000000000004	0.0275	171.12000000000003
0.020000000000000004	0.029166666666666667	141.12
0.020000000000000004	0.030833333333333334	141.12
0.020000000000000004	0.0325	136.12000000000003
0.020000000000000004	0.034166666666666665	136.12000000000003
0.020000000000000004	0.035833333333333335	136.12000000000003
0.020000000000000004	0.0375	101.12000000000002
0.020000000000000004	0.03916666666666667	101.12000000000002
0.020000000000000004	0.04083333333333333	96.12000000000005
0.020000000000000004	0.042499999999999996	96.12000000000005
0.020000000000000004	0.04416666666666667	96.12000000000005
0.020000000000000004	0.04583333333333334	91.12000000000005
0.020000000000000004	0.0475	91.12000000000005
0.049999999999999996	0.000010100000000000002	231.1200000000001
0.049999999999999996	0.00002	231.1200000000001
0.049999999999999996	0.00004500000000000001	231.1200000000001
0.049999999999999996	0.00007500000000000001	231.1200000000001
0.049999999999999996	0.000145	231.1200000000001
0.049999999999999996	0.00035	231.1200000000001
0.049999999999999996	0.00065	231.1200000000001
0.049999999999999996	0.0009	231.1200000000001
0.049999999999999996	0.00125	231.1200000000001
0.049999999999999996	0.00175	241.12000000000006
0.049999999999999996	0.0022500000000000003	241.12000000000006
0.049999999999999996	0.00275	241.12000000000006
0.049999999999999996	0.0032500000000000003	241.12000000000006
0.049999999999999996	0.00375	251.12
0.049999999999999996	0.00425	251.12
0.049999999999999996	0.00475	251.12
0.049999999999999996	0.0052499999999999995	251.12
0.049999999999999996	0.00575	251.12
0.049999999999999996	0.00625	241.12000000000006
0.049999999999999996	0.00675	221.12000000000006
0.049999999999999996	0.0072499999999999995	221.12000000000006
0.049999999999999996	0.00775	221.12000000000006
0.049999999999999996	0.00825	221.12000000000006
0.049999999999999996	0.00875	221.12000000000006
0.049999999999999996	0.00925	221.12000000000006
0.049999999999999996	0.00975	221.12000000000006
0.049999999999999996	0.010833333333333334	221.12000000000006
0.049999999999999996	0.0125	196.12000000000003
0.049999999999999996	0.014166666666666668	211.12000000000003
0.049999999999999996	0.01583333333333333	211.12000000000003
0.049999999999999996	0.0175	186.12000000000006
0.049999999999999996	0.019166666666666665	171.12000000000003
0.049999999999999996	0.020833333333333336	171.12000000000003
0.049999999999999996	0.0225	171.12000000000003
0.049999999999999996	0.02416666666666667	166.11999999999995
0.049999999999999996	0.025833333333333333	166.11999999999995
0.049999999999999996	0.0275	161.12000000000006
0.049999999999999996	0.029166666666666667	126.12000000000005
0.049999999999999996	0.030833333333333334	126.12000000000005
0.049999999999999996	0.0325	121.11999999999995
0.049999999999999996	0.034166666666666665	121.11999999999995
0.049999999999999996	0.035833333333333335	121.11999999999995
0.049999999999999996	0.0375	106.11999999999998
0.049999999999999996	0.03916666666666667	106.11999999999998
0.049999999999999996	0.04083333333333333	91.12000000000005
0.049999999999999996	0.042499999999999996	91.12000000000005
0.049999999999999996	0.04416666666666667	91.12000000000005
0.049999999999999996	0.04583333333333334	91.12000000000005
0.049999999999999996	0.0475	91.12000000000005
0.1	0.000010100000000000002	231.1200000000001
0.1	0.00002	231.1200000000001
0.1	0.00004500000000000001	231.1200000000001
0.1	0.00007500000000000001	231.1200000000001
0.1	0.000145	231.1200000000001
0.1	0.00035	231.1200000000001
0.1	0.00065	231.1200000000001
0.1	0.0009	231.1200000000001
0.1	0.00125	231.1200000000001
0.1	0.00175	241.12000000000006
0.1	0.0022500000000000003	251.12
0.1	0.00275	251.12
0.1	0.0032500000000000003	251.12
0.1	0.00375	251.12
0.1	0.00425	251.12
0.1	0.00475	251.12
0.1	0.0052499999999999995	251.12
0.1	0.00575	251.12
0.1	0.00625	241.12000000000006
0.1	0.00675	241.12000000000006
0.1	0.0072499999999999995	241.12000000000006
0.1	0.00775	241.12000000000006
0.1	0.00825	241.12000000000006
0.1	0.00875	241.12000000000006
0.1	0.00925	241.12000000000006
0.1	0.00975	241.12000000000006
0.1	0.010833333333333334	221.12000000000006
0.1	0.0125	211.12000000000003
0.1	0.014166666666666668	196.12000000000003
0.1	0.01583333333333333	176.12000000000006
0.1	0.0175	176.12000000000006
0.1	0.019166666666666665	181.12000000000003
0.1	0.020833333333333336	156.11999999999995
0.1	0.0225	156.11999999999995
0.1	0.02416666666666667	156.11999999999995
0.1	0.025833333333333333	151.12000000000006
0.1	0.0275	136.12000000000003
0.1	0.029166666666666667	136.12000000000003
0.1	0.030833333333333334	131.12
0.1	0.0325	121.11999999999995
0.1	0.034166666666666665	121.11999999999995
0.1	0.035833333333333335	121.11999999999995
0.1	0.0375	126.12000000000005
0.1	0.03916666666666667	106.11999999999998
0.1	0.04083333333333333	96.12000000000005
0.1	0.042499999999999996	96.12000000000005
0.1	0.04416666666666667	96.12000000000005
0.1	0.04583333333333334	96.12000000000005
0.1	0.0475	96.12000000000005
0.15	0.000010100000000000002	241.12000000000006
0.15	0.00002	241.12000000000006
0.15	0.00004500000000000001	241.12000000000006
0.15	0.00007500000000000001	241.12000000000006
0.15	0.000145	241.12000000000006
0.15	0.00035	241.12000000000006
0.15	0.00065	241.12000000000006
0.15	0.0009	241.12000000000006
0.15	0.00125	241.12000000000006
0.15	0.00175	241.12000000000006
0.15	0.0022500000000000003	251.12
0.15	0.00275	251.12
0.15	0.0032500000000000003	251.12
0.15	0.00375	251.12
0.15	0.00425	251.12
0.15	0.00475	251.12
0.15	0.0052499999999999995	251.12
0.15	0.00575	251.12
0.15	0.00625	251.12
0.15	0.00675	251.12
0.15	0.0072499999999999995	251.12
0.15	0.00775	251.12
0.15	0.00825	231.1200000000001
0.15	0.00875	231.1200000000001
0.15	0.00925	221.12000000000006
0.15	0.00975	221.12000000000006
0.15	0.010833333333333334	211.12000000000003
0.15	0.0125	196.12000000000003
0.15	0.014166666666666668	191.12000000000003
0.15	0.01583333333333333	186.12000000000006
0.15	0.0175	186.12000000000006
0.15	0.019166666666666665	201.11999999999998
0.15	0.020833333333333336	201.11999999999998
0.15	0.0225	166.11999999999995
0.15	0.02416666666666667	141.12
0.15	0.025833333333333333	141.12
0.15	0.0275	126.12000000000005
0.15	0.029166666666666667	146.11999999999998
0.15	0.030833333333333334	126.12000000000005
0.15	0.0325	116.12
0.15	0.034166666666666665	116.12
0.15	0.035833333333333335	111.12000000000002
0.15	0.0375	111.12000000000002
0.15	0.03916666666666667	101.12000000000002
0.15	0.04083333333333333	96.12000000000005
0.15	0.042499999999999996	96.12000000000005
0.15	0.04416666666666667	91.12000000000005
0.15	0.04583333333333334	91.12000000000005
0.15	0.0475	91.12000000000005
0.17000000000000004	0.000010100000000000002	241.12000000000006
0.17000000000000004	0.00002	241.12000000000006
0.17000000000000004	0.00004500000000000001	241.12000000000006
0.17000000000000004	0.00007500000000000001	241.12000000000006
0.17000000000000004	0.000145	241.12000000000006
0.17000000000000004	0.00035	241.12000000000006
0.17000000000000004	0.00065	241.12000000000006
0.17000000000000004	0.0009	241.12000000000006
0.17000000000000004	0.00125	241.12000000000006
0.17000000000000004	0.00175	241.12000000000006
0.17000000000000004	0.0022500000000000003	251.12
0.17000000000000004	0.00275	251.12
0.17000000000000004	0.0032500000000000003	251.12
0.17000000000000004	0.00375	251.12
0.17000000000000004	0.00425	251.12
0.17000000000000004	0.00475	251.12
0.17000000000000004	0.0052499999999999995	241.12000000000006
0.17000000000000004	0.00575	241.12000000000006
0.17000000000000004	0.00625	241.12000000000006
0.17000000000000004	0.00675	241.12000000000006
0.17000000000000004	0.0072499999999999995	241.12000000000006
0.17000000000000004	0.00775	241.12000000000006
0.17000000000000004	0.00825	241.12000000000006
0.17000000000000004	0.00875	241.12000000000006
0.17000000000000004	0.00925	231.1200000000001
0.17000000000000004	0.00975	231.1200000000001
0.17000000000000004	0.010833333333333334	211.12000000000003
0.17000000000000004	0.0125	201.11999999999998
0.17000000000000004	0.014166666666666668	201.11999999999998
0.17000000000000004	0.01583333333333333	201.11999999999998
0.17000000000000004	0.0175	191.12000000000003
0.17000000000000004	0.019166666666666665	176.12000000000006
0.17000000000000004	0.020833333333333336	156.11999999999995
0.17000000000000004	0.0225	151.12000000000006
0.17000000000000004	0.02416666666666667	146.11999999999998
0.17000000000000004	0.025833333333333333	136.12000000000003
0.17000000000000004	0.0275	136.12000000000003
0.17000000000000004	0.029166666666666667	136.12000000000003
0.17000000000000004	0.030833333333333334	121.11999999999995
0.17000000000000004	0.0325	116.12
0.17000000000000004	0.034166666666666665	111.12000000000002
0.17000000000000004	0.035833333333333335	106.11999999999998
0.17000000000000004	0.0375	106.11999999999998
0.17000000000000004	0.03916666666666667	101.12000000000002
0.17000000000000004	0.04083333333333333	96.12000000000005
0.17000000000000004	0.042499999999999996	91.12000000000005
0.17000000000000004	0.04416666666666667	91.12000000000005
0.17000000000000004	0.04583333333333334	86.12000000000002
0.17000000000000004	0.0475	86.12000000000002
0.1825	0.000010100000000000002	241.12000000000006
0.1825	0.00002	241.12000000000006
0.1825	0.00004500000000000001	241.12000000000006
0.1825	0.00007500000000000001	241.12000000000006
0.1825	0.000145	241.12000000000006
0.1825	0.00035	241.12000000000006
0.1825	0.00065	241.12000000000006
0.1825	0.0009	241.12000000000006
0.1825	0.00125	241.12000000000006
0.1825	0.00175	241.12000000000006
0.1825	0.0022500000000000003	241.12000000000006
0.1825	0.00275	241.12000000000006
0.1825	0.0032500000000000003	241.12000000000006
0.1825	0.00375	241.12000000000006
0.1825	0.00425	241.12000000000006
0.1825	0.00475	241.12000000000006
0.1825	0.0052499999999999995	231.1200000000001
0.1825	0.00575	231.1200000000001
0.1825	0.00625	231.1200000000001
0.1825	0.00675	231.1200000000001
0.1825	0.0072499999999999995	231.1200000000001
0.1825	0.00775	231.1200000000001
0.1825	0.00825	231.1200000000001
0.1825	0.00875	231.1200000000001
0.1825	0.00925	231.1200000000001
0.1825	0.00975	221.12000000000006
0.1825	0.010833333333333334	221.12000000000006
0.1825	0.0125	221.12000000000006
0.1825	0.014166666666666668	201.11999999999998
0.1825	0.01583333333333333	196.12000000000003
0.1825	0.0175	181.12000000000003
0.1825	0.019166666666666665	176.12000000000006
0.1825	0.020833333333333336	176.12000000000006
0.1825	0.0225	161.12000000000006
0.1825	0.02416666666666667	151.12000000000006
0.1825	0.025833333333333333	151.12000000000006
0.1825	0.0275	136.12000000000003
0.1825	0.029166666666666667	136.12000000000003
0.1825	0.030833333333333334	121.11999999999995
0.1825	0.0325	116.12
0.1825	0.034166666666666665	111.12000000000002
0.1825	0.035833333333333335	106.11999999999998
0.1825	0.0375	106.11999999999998
0.1825	0.03916666666666667	101.12000000000002
0.1825	0.04083333333333333	101.12000000000002
0.1825	0.042499999999999996	96.12000000000005
0.1825	0.04416666666666667	96.12000000000005
0.1825	0.04583333333333334	96.12000000000005
0.1825	0.0475	96.12000000000005
0.20000000000000004	0.000010100000000000002	241.12000000000006
0.20000000000000004	0.00002	241.12000000000006
0.20000000000000004	0.00004500000000000001	241.12000000000006
0.20000000000000004	0.00007500000000000001	241.12000000000006
0.20000000000000004	0.000145	241.12000000000006
0.20000000000000004	0.00035	241.12000000000006
0.20000000000000004	0.00065	241.12000000000006
0.20000000000000004	0.0009	241.12000000000006
0.20000000000000004	0.00125	241.12000000000006
0.20000000000000004	0.00175	241.12000000000006
0.20000000000000004	0.0022500000000000003	251.12
0.20000000000000004	0.00275	251.12
0.20000000000000004	0.0032500000000000003	251.12
0.20000000000000004	0.00375	251.12
0.20000000000000004	0.00425	251.12
0.20000000000000004	0.00475	251.12
0.20000000000000004	0.0052499999999999995	251.12
0.20000000000000004	0.00575	241.12000000000006
0.20000000000000004	0.00625	241.12000000000006
0.20000000000000004	0.00675	241.12000000000006
0.20000000000000004	0.0072499999999999995	241.12000000000006
0.20000000000000004	0.00775	241.12000000000006
0.20000000000000004	0.00825	241.12000000000006
0.20000000000000004	0.00875	241.12000000000006
0.20000000000000004	0.00925	231.1200000000001
0.20000000000000004	0.00975	231.1200000000001
0.20000000000000004	0.010833333333333334	211.12000000000003
0.20000000000000004	0.0125	211.12000000000003
0.20000000000000004	0.014166666666666668	211.12000000000003
0.20000000000000004	0.01583333333333333	196.12000000000003
0.20000000000000004	0.0175	196.12000000000003
0.20000000000000004	0.019166666666666665	196.12000000000003
0.20000000000000004	0.020833333333333336	196.12000000000003
0.20000000000000004	0.0225	156.11999999999995
0.20000000000000004	0.02416666666666667	146.11999999999998
0.20000000000000004	0.025833333333333333	141.12
0.20000000000000004	0.0275	136.12000000000003
0.20000000000000004	0.029166666666666667	136.12000000000003
0.20000000000000004	0.030833333333333334	131.12
0.20000000000000004	0.0325	121.11999999999995
0.20000000000000004	0.034166666666666665	116.12
0.20000000000000004	0.035833333333333335	106.11999999999998
0.20000000000000004	0.0375	106.11999999999998
0.20000000000000004	0.03916666666666667	101.12000000000002
0.20000000000000004	0.04083333333333333	101.12000000000002
0.20000000000000004	0.042499999999999996	96.12000000000005
0.20000000000000004	0.04416666666666667	91.12000000000005
0.20000000000000004	0.04583333333333334	86.12000000000002
0.20000000000000004	0.0475	86.12000000000002
0.29999999999999993	0.000010100000000000002	241.12000000000006
0.29999999999999993	0.00002	241.12000000000006
0.29999999999999993	0.00004500000000000001	241.12000000000006
0.29999999999999993	0.00007500000000000001	241.12000000000006
0.29999999999999993	0.000145	241.12000000000006
0.29999999999999993	0.00035	241.12000000000006
0.29999999999999993	0.00065	241.12000000000006
0.29999999999999993	0.0009	241.12000000000006
0.29999999999999993	0.00125	241.12000000000006
0.29999999999999993	0.00175	241.12000000000006
0.29999999999999993	0.0022500000000000003	251.12
0.29999999999999993	0.00275	251.12
0.29999999999999993	0.0032500000000000003	251.12
0.29999999999999993	0.00375	251.12
0.29999999999999993	0.00425	251.12
0.29999999999999993	0.00475	251.12
0.29999999999999993	0.0052499999999999995	251.12
0.29999999999999993	0.00575	251.12
0.29999999999999993	0.00625	251.12
0.29999999999999993	0.00675	251.12
0.29999999999999993	0.0072499999999999995	251.12
0.29999999999999993	0.00775	251.12
0.29999999999999993	0.00825	241.12000000000006
0.29999999999999993	0.00875	241.12000000000006
0.29999999999999993	0.00925	241.12000000000006
0.29999999999999993	0.00975	231.1200000000001
0.29999999999999993	0.010833333333333334	221.12000000000006
0.29999999999999993	0.0125	211.12000000000003
0.29999999999999993	0.014166666666666668	211.12000000000003
0.29999999999999993	0.01583333333333333	196.12000000000003
0.29999999999999993	0.0175	176.12000000000006
0.29999999999999993	0.019166666666666665	176.12000000000006
0.29999999999999993	0.020833333333333336	161.12000000000006
0.29999999999999993	0.0225	151.12000000000006
0.29999999999999993	0.02416666666666667	146.11999999999998
0.29999999999999993	0.025833333333333333	141.12
0.29999999999999993	0.0275	136.12000000000003
0.29999999999999993	0.029166666666666667	136.12000000000003
0.29999999999999993	0.030833333333333334	131.12
0.29999999999999993	0.0325	121.11999999999995
0.29999999999999993	0.034166666666666665	116.12
0.29999999999999993	0.035833333333333335	111.12000000000002
0.29999999999999993	0.0375	106.11999999999998
0.29999999999999993	0.03916666666666667	101.12000000000002
0.29999999999999993	0.04083333333333333	101.12000000000002
0.29999999999999993	0.042499999999999996	96.12000000000005
0.29999999999999993	0.04416666666666667	91.12000000000005
0.29999999999999993	0.04583333333333334	86.12000000000002
0.29999999999999993	0.0475	86.12000000000002
0.3861	0.000010100000000000002	241.12000000000006
0.3861	0.00002	241.12000000000006
0.3861	0.00004500000000000001	241.12000000000006
0.3861	0.00007500000000000001	241.12000000000006
0.3861	0.000145	241.12000000000006
0.3861	0.00035	241.12000000000006
0.3861	0.00065	241.12000000000006
0.3861	0.0009	241.12000000000006
0.3861	0.00125	241.12000000000006
0.3861	0.00175	251.12
0.3861	0.0022500000000000003	251.12
0.3861	0.00275	251.12
0.3861	0.0032500000000000003	251.12
0.3861	0.00375	251.12
0.3861	0.00425	251.12
0.3861	0.00475	251.12
0.3861	0.0052499999999999995	251.12
0.3861	0.00575	251.12
0.3861	0.00625	251.12
0.3861	0.00675	251.12
0.3861	0.0072499999999999995	251.12
0.3861	0.00775	251.12
0.3861	0.00825	251.12
0.3861	0.00875	251.12
0.3861	0.00925	241.12000000000006
0.3861	0.00975	241.12000000000006
0.3861	0.010833333333333334	221.12000000000006
0.3861	0.0125	211.12000000000003
0.3861	0.014166666666666668	211.12000000000003
0.3861	0.01583333333333333	201.11999999999998
0.3861	0.0175	176.12000000000006
0.3861	0.019166666666666665	176.12000000000006
0.3861	0.020833333333333336	161.12000000000006
0.3861	0.0225	156.11999999999995
0.3861	0.02416666666666667	146.11999999999998
0.3861	0.025833333333333333	141.12
0.3861	0.0275	141.12
0.3861	0.029166666666666667	136.12000000000003
0.3861	0.030833333333333334	136.12000000000003
0.3861	0.0325	121.11999999999995
0.3861	0.034166666666666665	121.11999999999995
0.3861	0.035833333333333335	111.12000000000002
0.3861	0.0375	111.12000000000002
0.3861	0.03916666666666667	106.11999999999998
0.3861	0.04083333333333333	101.12000000000002
0.3861	0.042499999999999996	101.12000000000002
0.3861	0.04416666666666667	91.12000000000005
0.3861	0.04583333333333334	91.12000000000005
0.3861	0.0475	91.12000000000005
0.4	0.000010100000000000002	241.12000000000006
0.4	0.00002	241.12000000000006
0.4	0.00004500000000000001	241.12000000000006
0.4	0.00007500000000000001	241.12000000000006
0.4	0.000145	241.12000000000006
0.4	0.00035	241.12000000000006
0.4	0.00065	241.12000000000006
0.4	0.0009	241.12000000000006
0.4	0.00125	241.12000000000006
0.4	0.00175	251.12
0.4	0.0022500000000000003	251.12
0.4	0.00275	251.12
0.4	0.0032500000000000003	251.12
0.4	0.00375	251.12
0.4	0.00425	251.12
0.4	0.00475	251.12
0.4	0.0052499999999999995	251.12
0.4	0.00575	251.12
0.4	0.00625	251.12
0.4	0.00675	251.12
0.4	0.0072499999999999995	251.12
0.4	0.00775	251.12
0.4	0.00825	251.12
0.4	0.00875	251.12
0.4	0.00925	241.12000000000006
0.4	0.00975	241.12000000000006
0.4	0.010833333333333334	231.1200000000001
0.4	0.0125	211.12000000000003
0.4	0.014166666666666668	211.12000000000003
0.4	0.01583333333333333	201.11999999999998
0.4	0.0175	176.12000000000006
0.4	0.019166666666666665	176.12000000000006
0.4	0.020833333333333336	161.12000000000006
0.4	0.0225	156.11999999999995
0.4	0.02416666666666667	146.11999999999998
0.4	0.025833333333333333	141.12
0.4	0.0275	141.12
0.4	0.029166666666666667	136.12000000000003
0.4	0.030833333333333334	136.12000000000003
0.4	0.0325	121.11999999999995
0.4	0.034166666666666665	121.11999999999995
0.4	0.035833333333333335	111.12000000000002
0.4	0.0375	111.12000000000002
0.4	0.03916666666666667	111.12000000000002
0.4	0.04083333333333333	101.12000000000002
0.4	0.042499999999999996	101.12000000000002
0.4	0.04416666666666667	91.12000000000005
0.4	0.04583333333333334	91.12000000000005
0.4	0.0475	91.12000000000005
0.489555	0.000010100000000000002	271.1200000000001
0.489555	0.00002	271.1200000000001
0.489555	0.00004500000000000001	271.1200000000001
0.489555	0.00007500000000000001	271.1200000000001
0.489555	0.000145	271.1200000000001
0.489555	0.00035	271.1200000000001
0.489555	0.00065	271.1200000000001
0.489555	0.0009	271.1200000000001
0.489555	0.00125	261.11999999999995
0.489555	0.00175	261.11999999999995
0.489555	0.0022500000000000003	261.11999999999995
0.489555	0.00275	261.11999999999995
0.489555	0.0032500000000000003	261.11999999999995
0.489555	0.00375	261.11999999999995
0.489555	0.00425	261.11999999999995
0.489555	0.00475	261.11999999999995
0.489555	0.0052499999999999995	261.11999999999995
0.489555	0.00575	261.11999999999995
0.489555	0.00625	261.11999999999995
0.489555	0.00675	261.11999999999995
0.489555	0.0072499999999999995	251.12
0.489555	0.00775	251.12
0.489555	0.00825	251.12
0.489555	0.00875	251.12
0.489555	0.00925	251.12
0.489555	0.00975	251.12
0.489555	0.010833333333333334	251.12
0.489555	0.0125	241.12000000000006
0.489555	0.014166666666666668	221.12000000000006
0.489555	0.01583333333333333	211.12000000000003
0.489555	0.0175	211.12000000000003
0.489555	0.019166666666666665	181.12000000000003
0.489555	0.020833333333333336	176.12000000000006
0.489555	0.0225	166.11999999999995
0.489555	0.02416666666666667	161.12000000000006
0.489555	0.025833333333333333	151.12000000000006
0.489555	0.0275	141.12
0.489555	0.029166666666666667	141.12
0.489555	0.030833333333333334	146.11999999999998
0.489555	0.0325	141.12
0.489555	0.034166666666666665	141.12
0.489555	0.035833333333333335	121.11999999999995
0.489555	0.0375	121.11999999999995
0.489555	0.03916666666666667	116.12
0.489555	0.04083333333333333	111.12000000000002
0.489555	0.042499999999999996	111.12000000000002
0.489555	0.04416666666666667	111.12000000000002
0.489555	0.04583333333333334	101.12000000000002
0.489555	0.0475	101.12000000000002
0.5	0.000010100000000000002	271.1200000000001
0.5	0.00002	271.1200000000001
0.5	0.00004500000000000001	271.1200000000001
0.5	0.00007500000000000001	271.1200000000001
0.5	0.000145	271.1200000000001
0.5	0.00035	271.1200000000001
0.5	0.00065	271.1200000000001
0.5	0.0009	271.1200000000001
0.5	0.00125	271.1200000000001
0.5	0.00175	271.1200000000001
0.5	0.0022500000000000003	271.1200000000001
0.5	0.00275	271.1200000000001
0.5	0.0032500000000000003	271.1200000000001
0.5	0.00375	271.1200000000001
0.5	0.00425	271.1200000000001
0.5	0.00475	271.1200000000001
0.5	0.0052499999999999995	271.1200000000001
0.5	0.00575	271.1200000000001
0.5	0.00625	261.11999999999995
0.5	0.00675	261.11999999999995
0.5	0.0072499999999999995	261.11999999999995
0.5	0.00775	261.11999999999995
0.5	0.00825	261.11999999999995
0.5	0.00875	251.12
0.5	0.00925	251.12
0.5	0.00975	251.12
0.5	0.010833333333333334	251.12
0.5	0.0125	241.12000000000006
0.5	0.014166666666666668	231.1200000000001
0.5	0.01583333333333333	211.12000000000003
0.5	0.0175	221.12000000000006
0.5	0.019166666666666665	221.12000000000006
0.5	0.020833333333333336	176.12000000000006
0.5	0.0225	171.12000000000003
0.5	0.02416666666666667	166.11999999999995
0.5	0.025833333333333333	166.11999999999995
0.5	0.0275	166.11999999999995
0.5	0.029166666666666667	141.12
0.5	0.030833333333333334	156.11999999999995
0.5	0.0325	151.12000000000006
0.5	0.034166666666666665	141.12
0.5	0.035833333333333335	141.12
0.5	0.0375	121.11999999999995
0.5	0.03916666666666667	121.11999999999995
0.5	0.04083333333333333	111.12000000000002
0.5	0.042499999999999996	111.12000000000002
0.5	0.04416666666666667	111.12000000000002
0.5	0.04583333333333334	106.11999999999998
0.5	0.0475	106.11999999999998
0.7	0.000010100000000000002	271.1200000000001
0.7	0.00002	271.1200000000001
0.7	0.00004500000000000001	271.1200000000001
0.7	0.00007500000000000001	271.1200000000001
0.7	0.000145	271.1200000000001
0.7	0.00035	271.1200000000001
0.7	0.00065	271.1200000000001
0.7	0.0009	271.1200000000001
0.7	0.00125	271.1200000000001
0.7	0.00175	271.1200000000001
0.7	0.0022500000000000003	271.1200000000001
0.7	0.00275	271.1200000000001
0.7	0.0032500000000000003	271.1200000000001
0.7	0.00375	271.1200000000001
0.7	0.00425	271.1200000000001
0.7	0.00475	271.1200000000001
0.7	0.0052499999999999995	271.1200000000001
0.7	0.00575	271.1200000000001
0.7	0.00625	271.1200000000001
0.7	0.00675	271.1200000000001
0.7	0.0072499999999999995	271.1200000000001
0.7	0.00775	271.1200000000001
0.7	0.00825	271.1200000000001
0.7	0.00875	271.1200000000001
0.7	0.00925	271.1200000000001
0.7	0.00975	261.11999999999995
0.7	0.010833333333333334	261.11999999999995
0.7	0.0125	251.12
0.7	0.014166666666666668	241.12000000000006
0.7	0.01583333333333333	231.1200000000001
0.7	0.0175	231.1200000000001
0.7	0.019166666666666665	211.12000000000003
0.7	0.020833333333333336	211.12000000000003
0.7	0.0225	196.12000000000003
0.7	0.02416666666666667	181.12000000000003
0.7	0.025833333333333333	181.12000000000003
0.7	0.0275	181.12000000000003
0.7	0.029166666666666667	186.12000000000006
0.7	0.030833333333333334	201.11999999999998
0.7	0.0325	171.12000000000003
0.7	0.034166666666666665	156.11999999999995
0.7	0.035833333333333335	156.11999999999995
0.7	0.0375	126.12000000000005
0.7	0.03916666666666667	126.12000000000005
0.7	0.04083333333333333	121.11999999999995
0.7	0.042499999999999996	121.11999999999995
0.7	0.04416666666666667	121.11999999999995
0.7	0.04583333333333334	116.12
0.7	0.0475	116.12
1.	0.000010100000000000002	271.1200000000001
1.	0.00002	271.1200000000001
1.	0.00004500000000000001	271.1200000000001
1.	0.00007500000000000001	271.1200000000001
1.	0.000145	271.1200000000001
1.	0.00035	271.1200000000001
1.	0.00065	271.1200000000001
1.	0.0009	271.1200000000001
1.	0.00125	271.1200000000001
1.	0.00175	271.1200000000001
1.	0.0022500000000000003	271.1200000000001
1.	0.00275	271.1200000000001
1.	0.0032500000000000003	271.1200000000001
1.	0.00375	271.1200000000001
1.	0.00425	271.1200000000001
1.	0.00475	271.1200000000001
1.	0.0052499999999999995	271.1200000000001
1.	0.00575	271.1200000000001
1.	0.00625	271.1200000000001
1.	0.00675	271.1200000000001
1.	0.0072499999999999995	271.1200000000001
1.	0.00775	271.1200000000001
1.	0.00825	271.1200000000001
1.	0.00875	271.1200000000001
1.	0.00925	271.1200000000001
1.	0.00975	271.1200000000001
1.	0.010833333333333334	271.1200000000001
1.	0.0125	261.11999999999995
1.	0.014166666666666668	251.12
1.	0.01583333333333333	241.12000000000006
1.	0.0175	241.12000000000006
1.	0.019166666666666665	231.1200000000001
1.	0.020833333333333336	231.1200000000001
1.	0.0225	221.12000000000006
1.	0.02416666666666667	196.12000000000003
1.	0.025833333333333333	196.12000000000003
1.	0.0275	196.12000000000003
1.	0.029166666666666667	196.12000000000003
1.	0.030833333333333334	196.12000000000003
1.	0.0325	161.12000000000006
1.	0.034166666666666665	141.12
1.	0.035833333333333335	146.11999999999998
1.	0.0375	146.11999999999998
1.	0.03916666666666667	146.11999999999998
1.	0.04083333333333333	126.12000000000005
1.	0.042499999999999996	126.12000000000005
1.	0.04416666666666667	126.12000000000005
1.	0.04583333333333334	121.11999999999995
1.	0.0475	121.11999999999995
1.2	0.000010100000000000002	271.1200000000001
1.2	0.00002	271.1200000000001
1.2	0.00004500000000000001	271.1200000000001
1.2	0.00007500000000000001	271.1200000000001
1.2	0.000145	271.1200000000001
1.2	0.00035	271.1200000000001
1.2	0.00065	271.1200000000001
1.2	0.0009	271.1200000000001
1.2	0.00125	271.1200000000001
1.2	0.00175	271.1200000000001
1.2	0.0022500000000000003	271.1200000000001
1.2	0.00275	271.1200000000001
1.2	0.0032500000000000003	271.1200000000001
1.2	0.00375	271.1200000000001
1.2	0.00425	271.1200000000001
1.2	0.00475	271.1200000000001
1.2	0.0052499999999999995	271.1200000000001
1.2	0.00575	271.1200000000001
1.2	0.00625	271.1200000000001
1.2	0.00675	271.1200000000001
1.2	0.0072499999999999995	271.1200000000001
1.2	0.00775	271.1200000000001
1.2	0.00825	271.1200000000001
1.2	0.00875	271.1200000000001
1.2	0.00925	271.1200000000001
1.2	0.00975	271.1200000000001
1.2	0.010833333333333334	271.1200000000001
1.2	0.0125	261.11999999999995
1.2	0.014166666666666668	241.12000000000006
1.2	0.01583333333333333	251.12
1.2	0.0175	251.12
1.2	0.019166666666666665	241.12000000000006
1.2	0.020833333333333336	241.12000000000006
1.2	0.0225	241.12000000000006
1.2	0.02416666666666667	221.12000000000006
1.2	0.025833333333333333	221.12000000000006
1.2	0.0275	211.12000000000003
1.2	0.029166666666666667	171.12000000000003
1.2	0.030833333333333334	171.12000000000003
1.2	0.0325	171.12000000000003
1.2	0.034166666666666665	171.12000000000003
1.2	0.035833333333333335	171.12000000000003
1.2	0.0375	131.12
1.2	0.03916666666666667	131.12
1.2	0.04083333333333333	121.11999999999995
1.2	0.042499999999999996	121.11999999999995
1.2	0.04416666666666667	121.11999999999995
1.2	0.04583333333333334	111.12000000000002
1.2	0.0475	111.12000000000002
1.5	0.000010100000000000002	271.1200000000001
1.5	0.00002	271.1200000000001
1.5	0.00004500000000000001	271.1200000000001
1.5	0.00007500000000000001	271.1200000000001
1.5	0.000145	271.1200000000001
1.5	0.00035	271.1200000000001
1.5	0.00065	271.1200000000001
1.5	0.0009	271.1200000000001
1.5	0.00125	271.1200000000001
1.5	0.00175	271.1200000000001
1.5	0.0022500000000000003	271.1200000000001
1.5	0.00275	271.1200000000001
1.5	0.0032500000000000003	271.1200000000001
1.5	0.00375	271.1200000000001
1.5	0.00425	271.1200000000001
1.5	0.00475	271.1200000000001
1.5	0.0052499999999999995	271.1200000000001
1.5	0.00575	271.1200000000001
1.5	0.00625	271.1200000000001
1.5	0.00675	271.1200000000001
1.5	0.0072499999999999995	271.1200000000001
1.5	0.00775	271.1200000000001
1.5	0.00825	271.1200000000001
1.5	0.00875	271.1200000000001
1.5	0.00925	271.1200000000001
1.5	0.00975	271.1200000000001
1.5	0.010833333333333334	261.11999999999995
1.5	0.0125	261.11999999999995
1.5	0.014166666666666668	261.11999999999995
1.5	0.01583333333333333	261.11999999999995
1.5	0.0175	251.12
1.5	0.019166666666666665	221.12000000000006
1.5	0.020833333333333336	221.12000000000006
1.5	0.0225	221.12000000000006
1.5	0.02416666666666667	221.12000000000006
1.5	0.025833333333333333	221.12000000000006
1.5	0.0275	196.12000000000003
1.5	0.029166666666666667	181.12000000000003
1.5	0.030833333333333334	221.12000000000006
1.5	0.0325	221.12000000000006
1.5	0.034166666666666665	221.12000000000006
1.5	0.035833333333333335	221.12000000000006
1.5	0.0375	136.12000000000003
1.5	0.03916666666666667	136.12000000000003
1.5	0.04083333333333333	121.11999999999995
1.5	0.042499999999999996	121.11999999999995
1.5	0.04416666666666667	121.11999999999995
1.5	0.04583333333333334	111.12000000000002
1.5	0.0475	111.12000000000002
1.75	0.000010100000000000002	271.1200000000001
1.75	0.00002	271.1200000000001
1.75	0.00004500000000000001	271.1200000000001
1.75	0.00007500000000000001	271.1200000000001
1.75	0.000145	271.1200000000001
1.75	0.00035	271.1200000000001
1.75	0.00065	271.1200000000001
1.75	0.0009	271.1200000000001
1.75	0.00125	271.1200000000001
1.75	0.00175	271.1200000000001
1.75	0.0022500000000000003	271.1200000000001
1.75	0.00275	271.1200000000001
1.75	0.0032500000000000003	271.1200000000001
1.75	0.00375	271.1200000000001
1.75	0.00425	271.1200000000001
1.75	0.00475	271.1200000000001
1.75	0.0052499999999999995	271.1200000000001
1.75	0.00575	271.1200000000001
1.75	0.00625	271.1200000000001
1.75	0.00675	271.1200000000001
1.75	0.0072499999999999995	271.1200000000001
1.75	0.00775	271.1200000000001
1.75	0.00825	271.1200000000001
1.75	0.00875	271.1200000000001
1.75	0.00925	271.1200000000001
1.75	0.00975	271.1200000000001
1.75	0.010833333333333334	271.1200000000001
1.75	0.0125	261.11999999999995
1.75	0.014166666666666668	261.11999999999995
1.75	0.01583333333333333	251.12
1.75	0.0175	231.1200000000001
1.75	0.019166666666666665	231.1200000000001
1.75	0.020833333333333336	231.1200000000001
1.75	0.0225	231.1200000000001
1.75	0.02416666666666667	231.1200000000001
1.75	0.025833333333333333	231.1200000000001
1.75	0.0275	221.12000000000006
1.75	0.029166666666666667	221.12000000000006
1.75	0.030833333333333334	201.11999999999998
1.75	0.0325	196.12000000000003
1.75	0.034166666666666665	196.12000000000003
1.75	0.035833333333333335	196.12000000000003
1.75	0.0375	141.12
1.75	0.03916666666666667	141.12
1.75	0.04083333333333333	126.12000000000005
1.75	0.042499999999999996	126.12000000000005
1.75	0.04416666666666667	126.12000000000005
1.75	0.04583333333333334	116.12
1.75	0.0475	116.12
1.84	0.000010100000000000002	271.1200000000001
1.84	0.00002	271.1200000000001
1.84	0.00004500000000000001	271.1200000000001
1.84	0.00007500000000000001	271.1200000000001
1.84	0.000145	271.1200000000001
1.84	0.00035	271.1200000000001
1.84	0.00065	271.1200000000001
1.84	0.0009	271.1200000000001
1.84	0.00125	271.1200000000001
1.84	0.00175	271.1200000000001
1.84	0.0022500000000000003	271.1200000000001
1.84	0.00275	271.1200000000001
1.84	0.0032500000000000003	271.1200000000001
1.84	0.00375	271.1200000000001
1.84	0.00425	271.1200000000001
1.84	0.00475	271.1200000000001
1.84	0.0052499999999999995	271.1200000000001
1.84	0.00575	271.1200000000001
1.84	0.00625	271.1200000000001
1.84	0.00675	271.1200000000001
1.84	0.0072499999999999995	271.1200000000001
1.84	0.00775	271.1200000000001
1.84	0.00825	271.1200000000001
1.84	0.00875	271.1200000000001
1.84	0.00925	271.1200000000001
1.84	0.00975	271.1200000000001
1.84	0.010833333333333334	271.1200000000001
1.84	0.0125	261.11999999999995
1.84	0.014166666666666668	261.11999999999995
1.84	0.01583333333333333	261.11999999999995
1.84	0.0175	251.12
1.84	0.019166666666666665	241.12000000000006
1.84	0.020833333333333336	241.12000000000006
1.84	0.0225	231.1200000000001
1.84	0.02416666666666667	221.12000000000006
1.84	0.025833333333333333	221.12000000000006
1.84	0.0275	221.12000000000006
1.84	0.029166666666666667	221.12000000000006
1.84	0.030833333333333334	221.12000000000006
1.84	0.0325	221.12000000000006
1.84	0.034166666666666665	221.12000000000006
1.84	0.035833333333333335	221.12000000000006
1.84	0.0375	136.12000000000003
1.84	0.03916666666666667	136.12000000000003
1.84	0.04083333333333333	131.12
1.84	0.042499999999999996	131.12
1.84	0.04416666666666667	131.12
1.84	0.04583333333333334	121.11999999999995
1.84	0.0475	121.11999999999995
1.95	0.000010100000000000002	271.1200000000001
1.95	0.00002	271.1200000000001
1.95	0.00004500000000000001	271.1200000000001
1.95	0.00007500000000000001	271.1200000000001
1.95	0.000145	271.1200000000001
1.95	0.00035	271.1200000000001
1.95	0.00065	271.1200000000001
1.95	0.0009	271.1200000000001
1.95	0.00125	271.1200000000001
1.95	0.00175	271.1200000000001
1.95	0.0022500000000000003	271.1200000000001
1.95	0.00275	271.1200000000001
1.95	0.0032500000000000003	271.1200000000001
1.95	0.00375	271.1200000000001
1.95	0.00425	271.1200000000001
1.95	0.00475	271.1200000000001
1.95	0.0052499999999999995	271.1200000000001
1.95	0.00575	271.1200000000001
1.95	0.00625	271.1200000000001
1.95	0.00675	271.1200000000001
1.95	0.0072499999999999995	271.1200000000001
1.95	0.00775	271.1200000000001
1.95	0.00825	271.1200000000001
1.95	0.00875	271.1200000000001
1.95	0.00925	271.1200000000001
1.95	0.00975	271.1200000000001
1.95	0.010833333333333334	271.1200000000001
1.95	0.0125	271.1200000000001
1.95	0.014166666666666668	271.1200000000001
1.95	0.01583333333333333	251.12
1.95	0.0175	251.12
1.95	0.019166666666666665	261.11999999999995
1.95	0.020833333333333336	261.11999999999995
1.95	0.0225	261.11999999999995
1.95	0.02416666666666667	241.12000000000006
1.95	0.025833333333333333	241.12000000000006
1.95	0.0275	231.1200000000001
1.95	0.029166666666666667	231.1200000000001
1.95	0.030833333333333334	231.1200000000001
1.95	0.0325	231.1200000000001
1.95	0.034166666666666665	231.1200000000001
1.95	0.035833333333333335	231.1200000000001
1.95	0.0375	141.12
1.95	0.03916666666666667	141.12
1.95	0.04083333333333333	136.12000000000003
1.95	0.042499999999999996	136.12000000000003
1.95	0.04416666666666667	131.12
1.95	0.04583333333333334	126.12000000000005
1.95	0.0475	126.12000000000005
2.	0.000010100000000000002	231.1200000000001
2.	0.00002	231.1200000000001
2.	0.00004500000000000001	231.1200000000001
2.	0.00007500000000000001	231.1200000000001
2.	0.000145	231.1200000000001
2.	0.00035	231.1200000000001
2.	0.00065	231.1200000000001
2.	0.0009	231.1200000000001
2.	0.00125	231.1200000000001
2.	0.00175	291.12000000000006
2.	0.0022500000000000003	291.12000000000006
2.	0.00275	291.12000000000006
2.	0.0032500000000000003	291.12000000000006
2.	0.00375	291.12000000000006
2.	0.00425	291.12000000000006
2.	0.00475	291.12000000000006
2.	0.0052499999999999995	291.12000000000006
2.	0.00575	291.12000000000006
2.	0.00625	291.12000000000006
2.	0.00675	291.12000000000006
2.	0.0072499999999999995	291.12000000000006
2.	0.00775	291.12000000000006
2.	0.00825	291.12000000000006
2.	0.00875	261.11999999999995
2.	0.00925	261.11999999999995
2.	0.00975	261.11999999999995
2.	0.010833333333333334	261.11999999999995
2.	0.0125	241.12000000000006
2.	0.014166666666666668	241.12000000000006
2.	0.01583333333333333	221.12000000000006
2.	0.0175	231.1200000000001
2.	0.019166666666666665	231.1200000000001
2.	0.020833333333333336	201.11999999999998
2.	0.0225	201.11999999999998
2.	0.02416666666666667	196.12000000000003
2.	0.025833333333333333	196.12000000000003
2.	0.0275	191.12000000000003
2.	0.029166666666666667	191.12000000000003
2.	0.030833333333333334	191.12000000000003
2.	0.0325	176.12000000000006
2.	0.034166666666666665	161.12000000000006
2.	0.035833333333333335	171.12000000000003
2.	0.0375	166.11999999999995
2.	0.03916666666666667	166.11999999999995
2.	0.04083333333333333	156.11999999999995
2.	0.042499999999999996	156.11999999999995
2.	0.04416666666666667	156.11999999999995
2.	0.04583333333333334	156.11999999999995
2.	0.0475	156.11999999999995
2.5	0.000010100000000000002	251.12
2.5	0.00002	251.12
2.5	0.00004500000000000001	251.12
2.5	0.00007500000000000001	251.12
2.5	0.000145	251.12
2.5	0.00035	251.12
2.5	0.00065	251.12
2.5	0.0009	251.12
2.5	0.00125	251.12
2.5	0.00175	291.12000000000006
2.5	0.0022500000000000003	291.12000000000006
2.5	0.00275	291.12000000000006
2.5	0.0032500000000000003	291.12000000000006
2.5	0.00375	291.12000000000006
2.5	0.00425	291.12000000000006
2.5	0.00475	271.1200000000001
2.5	0.0052499999999999995	271.1200000000001
2.5	0.00575	271.1200000000001
2.5	0.00625	271.1200000000001
2.5	0.00675	271.1200000000001
2.5	0.0072499999999999995	271.1200000000001
2.5	0.00775	291.12000000000006
2.5	0.00825	291.12000000000006
2.5	0.00875	291.12000000000006
2.5	0.00925	291.12000000000006
2.5	0.00975	291.12000000000006
2.5	0.010833333333333334	261.11999999999995
2.5	0.0125	261.11999999999995
2.5	0.014166666666666668	281.1199999999999
2.5	0.01583333333333333	281.1199999999999
2.5	0.0175	251.12
2.5	0.019166666666666665	231.1200000000001
2.5	0.020833333333333336	221.12000000000006
2.5	0.0225	221.12000000000006
2.5	0.02416666666666667	201.11999999999998
2.5	0.025833333333333333	201.11999999999998
2.5	0.0275	201.11999999999998
2.5	0.029166666666666667	196.12000000000003
2.5	0.030833333333333334	196.12000000000003
2.5	0.0325	186.12000000000006
2.5	0.034166666666666665	186.12000000000006
2.5	0.035833333333333335	186.12000000000006
2.5	0.0375	166.11999999999995
2.5	0.03916666666666667	166.11999999999995
2.5	0.04083333333333333	156.11999999999995
2.5	0.042499999999999996	156.11999999999995
2.5	0.04416666666666667	156.11999999999995
2.5	0.04583333333333334	156.11999999999995
2.5	0.0475	156.11999999999995
2.8	0.000010100000000000002	311.1200000000001
2.8	0.00002	311.1200000000001
2.8	0.00004500000000000001	311.1200000000001
2.8	0.00007500000000000001	311.1200000000001
2.8	0.000145	311.1200000000001
2.8	0.00035	311.1200000000001
2.8	0.00065	311.1200000000001
2.8	0.0009	311.1200000000001
2.8	0.00125	311.1200000000001
2.8	0.00175	311.1200000000001
2.8	0.0022500000000000003	311.1200000000001
2.8	0.00275	311.1200000000001
2.8	0.0032500000000000003	311.1200000000001
2.8	0.00375	321.1199999999999
2.8	0.00425	321.1199999999999
2.8	0.00475	321.1199999999999
2.8	0.0052499999999999995	321.1199999999999
2.8	0.00575	321.1199999999999
2.8	0.00625	321.1199999999999
2.8	0.00675	301.1199999999999
2.8	0.0072499999999999995	301.1199999999999
2.8	0.00775	301.1199999999999
2.8	0.00825	301.1199999999999
2.8	0.00875	301.1199999999999
2.8	0.00925	301.1199999999999
2.8	0.00975	301.1199999999999
2.8	0.010833333333333334	301.1199999999999
2.8	0.0125	281.1199999999999
2.8	0.014166666666666668	281.1199999999999
2.8	0.01583333333333333	281.1199999999999
2.8	0.0175	261.11999999999995
2.8	0.019166666666666665	241.12000000000006
2.8	0.020833333333333336	231.1200000000001
2.8	0.0225	231.1200000000001
2.8	0.02416666666666667	231.1200000000001
2.8	0.025833333333333333	231.1200000000001
2.8	0.0275	231.1200000000001
2.8	0.029166666666666667	191.12000000000003
2.8	0.030833333333333334	191.12000000000003
2.8	0.0325	186.12000000000006
2.8	0.034166666666666665	186.12000000000006
2.8	0.035833333333333335	186.12000000000006
2.8	0.0375	186.12000000000006
2.8	0.03916666666666667	186.12000000000006
2.8	0.04083333333333333	166.11999999999995
2.8	0.042499999999999996	166.11999999999995
2.8	0.04416666666666667	166.11999999999995
2.8	0.04583333333333334	151.12000000000006
2.8	0.0475	151.12000000000006
3.	0.000010100000000000002	291.12000000000006
3.	0.00002	291.12000000000006
3.	0.00004500000000000001	291.12000000000006
3.	0.00007500000000000001	291.12000000000006
3.	0.000145	291.12000000000006
3.	0.00035	291.12000000000006
3.	0.00065	291.12000000000006
3.	0.0009	291.12000000000006
3.	0.00125	291.12000000000006
3.	0.00175	311.1200000000001
3.	0.0022500000000000003	311.1200000000001
3.	0.00275	311.1200000000001
3.	0.0032500000000000003	311.1200000000001
3.	0.00375	311.1200000000001
3.	0.00425	311.1200000000001
3.	0.00475	311.1200000000001
3.	0.0052499999999999995	311.1200000000001
3.	0.00575	311.1200000000001
3.	0.00625	311.1200000000001
3.	0.00675	311.1200000000001
3.	0.0072499999999999995	311.1200000000001
3.	0.00775	311.1200000000001
3.	0.00825	311.1200000000001
3.	0.00875	311.1200000000001
3.	0.00925	311.1200000000001
3.	0.00975	311.1200000000001
3.	0.010833333333333334	311.1200000000001
3.	0.0125	301.1199999999999
3.	0.014166666666666668	281.1199999999999
3.	0.01583333333333333	281.1199999999999
3.	0.0175	281.1199999999999
3.	0.019166666666666665	261.11999999999995
3.	0.020833333333333336	251.12
3.	0.0225	251.12
3.	0.02416666666666667	241.12000000000006
3.	0.025833333333333333	241.12000000000006
3.	0.0275	231.1200000000001
3.	0.029166666666666667	221.12000000000006
3.	0.030833333333333334	221.12000000000006
3.	0.0325	201.11999999999998
3.	0.034166666666666665	201.11999999999998
3.	0.035833333333333335	201.11999999999998
3.	0.0375	186.12000000000006
3.	0.03916666666666667	186.12000000000006
3.	0.04083333333333333	166.11999999999995
3.	0.042499999999999996	166.11999999999995
3.	0.04416666666666667	166.11999999999995
3.	0.04583333333333334	166.11999999999995
3.	0.0475	166.11999999999995
3.4500000000000006	0.000010100000000000002	341.11999999999995
3.4500000000000006	0.00002	341.11999999999995
3.4500000000000006	0.00004500000000000001	341.11999999999995
3.4500000000000006	0.00007500000000000001	341.11999999999995
3.4500000000000006	0.000145	341.11999999999995
3.4500000000000006	0.00035	341.11999999999995
3.4500000000000006	0.00065	341.11999999999995
3.4500000000000006	0.0009	341.11999999999995
3.4500000000000006	0.00125	341.11999999999995
3.4500000000000006	0.00175	351.12000000000006
3.4500000000000006	0.0022500000000000003	351.12000000000006
3.4500000000000006	0.00275	351.12000000000006
3.4500000000000006	0.0032500000000000003	351.12000000000006
3.4500000000000006	0.00375	351.12000000000006
3.4500000000000006	0.00425	351.12000000000006
3.4500000000000006	0.00475	321.1199999999999
3.4500000000000006	0.0052499999999999995	321.1199999999999
3.4500000000000006	0.00575	321.1199999999999
3.4500000000000006	0.00625	321.1199999999999
3.4500000000000006	0.00675	321.1199999999999
3.4500000000000006	0.0072499999999999995	321.1199999999999
3.4500000000000006	0.00775	321.1199999999999
3.4500000000000006	0.00825	321.1199999999999
3.4500000000000006	0.00875	321.1199999999999
3.4500000000000006	0.00925	321.1199999999999
3.4500000000000006	0.00975	321.1199999999999
3.4500000000000006	0.010833333333333334	321.1199999999999
3.4500000000000006	0.0125	301.1199999999999
3.4500000000000006	0.014166666666666668	301.1199999999999
3.4500000000000006	0.01583333333333333	301.1199999999999
3.4500000000000006	0.0175	291.12000000000006
3.4500000000000006	0.019166666666666665	271.1200000000001
3.4500000000000006	0.020833333333333336	261.11999999999995
3.4500000000000006	0.0225	261.11999999999995
3.4500000000000006	0.02416666666666667	241.12000000000006
3.4500000000000006	0.025833333333333333	241.12000000000006
3.4500000000000006	0.0275	231.1200000000001
3.4500000000000006	0.029166666666666667	231.1200000000001
3.4500000000000006	0.030833333333333334	231.1200000000001
3.4500000000000006	0.0325	221.12000000000006
3.4500000000000006	0.034166666666666665	221.12000000000006
3.4500000000000006	0.035833333333333335	221.12000000000006
3.4500000000000006	0.0375	196.12000000000003
3.4500000000000006	0.03916666666666667	196.12000000000003
3.4500000000000006	0.04083333333333333	176.12000000000006
3.4500000000000006	0.042499999999999996	176.12000000000006
3.4500000000000006	0.04416666666666667	176.12000000000006
3.4500000000000006	0.04583333333333334	156.11999999999995
3.4500000000000006	0.0475	156.11999999999995
4.	0.000010100000000000002	341.11999999999995
4.	0.00002	341.11999999999995
4.	0.00004500000000000001	341.11999999999995
4.	0.00007500000000000001	341.11999999999995
4.	0.000145	341.11999999999995
4.	0.00035	341.11999999999995
4.	0.00065	341.11999999999995
4.	0.0009	341.11999999999995
4.	0.00125	341.11999999999995
4.	0.00175	341.11999999999995
4.	0.0022500000000000003	341.11999999999995
4.	0.00275	341.11999999999995
4.	0.0032500000000000003	341.11999999999995
4.	0.00375	341.11999999999995
4.	0.00425	341.11999999999995
4.	0.00475	341.11999999999995
4.	0.0052499999999999995	341.11999999999995
4.	0.00575	351.12000000000006
4.	0.00625	351.12000000000006
4.	0.00675	351.12000000000006
4.	0.0072499999999999995	351.12000000000006
4.	0.00775	351.12000000000006
4.	0.00825	351.12000000000006
4.	0.00875	321.1199999999999
4.	0.00925	321.1199999999999
4.	0.00975	321.1199999999999
4.	0.010833333333333334	311.1200000000001
4.	0.0125	311.1200000000001
4.	0.014166666666666668	311.1200000000001
4.	0.01583333333333333	301.1199999999999
4.	0.0175	291.12000000000006
4.	0.019166666666666665	261.11999999999995
4.	0.020833333333333336	251.12
4.	0.0225	251.12
4.	0.02416666666666667	241.12000000000006
4.	0.025833333333333333	241.12000000000006
4.	0.0275	241.12000000000006
4.	0.029166666666666667	241.12000000000006
4.	0.030833333333333334	241.12000000000006
4.	0.0325	211.12000000000003
4.	0.034166666666666665	211.12000000000003
4.	0.035833333333333335	211.12000000000003
4.	0.0375	191.12000000000003
4.	0.03916666666666667	191.12000000000003
4.	0.04083333333333333	176.12000000000006
4.	0.042499999999999996	176.12000000000006
4.	0.04416666666666667	176.12000000000006
4.	0.04583333333333334	156.11999999999995
4.	0.0475	156.11999999999995
4.500000000000001	0.000010100000000000002	341.11999999999995
4.500000000000001	0.00002	341.11999999999995
4.500000000000001	0.00004500000000000001	341.11999999999995
4.500000000000001	0.00007500000000000001	341.11999999999995
4.500000000000001	0.000145	341.11999999999995
4.500000000000001	0.00035	341.11999999999995
4.500000000000001	0.00065	341.11999999999995
4.500000000000001	0.0009	341.11999999999995
4.500000000000001	0.00125	341.11999999999995
4.500000000000001	0.00175	341.11999999999995
4.500000000000001	0.0022500000000000003	351.12000000000006
4.500000000000001	0.00275	351.12000000000006
4.500000000000001	0.0032500000000000003	351.12000000000006
4.500000000000001	0.00375	351.12000000000006
4.500000000000001	0.00425	351.12000000000006
4.500000000000001	0.00475	351.12000000000006
4.500000000000001	0.0052499999999999995	351.12000000000006
4.500000000000001	0.00575	351.12000000000006
4.500000000000001	0.00625	351.12000000000006
4.500000000000001	0.00675	341.11999999999995
4.500000000000001	0.0072499999999999995	341.11999999999995
4.500000000000001	0.00775	341.11999999999995
4.500000000000001	0.00825	341.11999999999995
4.500000000000001	0.00875	321.1199999999999
4.500000000000001	0.00925	321.1199999999999
4.500000000000001	0.00975	321.1199999999999
4.500000000000001	0.010833333333333334	321.1199999999999
4.500000000000001	0.0125	311.1200000000001
4.500000000000001	0.014166666666666668	301.1199999999999
4.500000000000001	0.01583333333333333	291.12000000000006
4.500000000000001	0.0175	281.1199999999999
4.500000000000001	0.019166666666666665	281.1199999999999
4.500000000000001	0.020833333333333336	251.12
4.500000000000001	0.0225	241.12000000000006
4.500000000000001	0.02416666666666667	241.12000000000006
4.500000000000001	0.025833333333333333	251.12
4.500000000000001	0.0275	251.12
4.500000000000001	0.029166666666666667	241.12000000000006
4.500000000000001	0.030833333333333334	241.12000000000006
4.500000000000001	0.0325	221.12000000000006
4.500000000000001	0.034166666666666665	201.11999999999998
4.500000000000001	0.035833333333333335	201.11999999999998
4.500000000000001	0.0375	191.12000000000003
4.500000000000001	0.03916666666666667	191.12000000000003
4.500000000000001	0.04083333333333333	186.12000000000006
4.500000000000001	0.042499999999999996	186.12000000000006
4.500000000000001	0.04416666666666667	186.12000000000006
4.500000000000001	0.04583333333333334	151.12000000000006
4.500000000000001	0.0475	151.12000000000006
5.160000000000001	0.000010100000000000002	351.12000000000006
5.160000000000001	0.00002	351.12000000000006
5.160000000000001	0.00004500000000000001	351.12000000000006
5.160000000000001	0.00007500000000000001	351.12000000000006
5.160000000000001	0.000145	351.12000000000006
5.160000000000001	0.00035	351.12000000000006
5.160000000000001	0.00065	351.12000000000006
5.160000000000001	0.0009	351.12000000000006
5.160000000000001	0.00125	351.12000000000006
5.160000000000001	0.00175	351.12000000000006
5.160000000000001	0.0022500000000000003	351.12000000000006
5.160000000000001	0.00275	351.12000000000006
5.160000000000001	0.0032500000000000003	351.12000000000006
5.160000000000001	0.00375	351.12000000000006
5.160000000000001	0.00425	351.12000000000006
5.160000000000001	0.00475	341.11999999999995
5.160000000000001	0.0052499999999999995	341.11999999999995
5.160000000000001	0.00575	341.11999999999995
5.160000000000001	0.00625	341.11999999999995
5.160000000000001	0.00675	341.11999999999995
5.160000000000001	0.0072499999999999995	341.11999999999995
5.160000000000001	0.00775	341.11999999999995
5.160000000000001	0.00825	341.11999999999995
5.160000000000001	0.00875	321.1199999999999
5.160000000000001	0.00925	321.1199999999999
5.160000000000001	0.00975	321.1199999999999
5.160000000000001	0.010833333333333334	321.1199999999999
5.160000000000001	0.0125	321.1199999999999
5.160000000000001	0.014166666666666668	301.1199999999999
5.160000000000001	0.01583333333333333	301.1199999999999
5.160000000000001	0.0175	301.1199999999999
5.160000000000001	0.019166666666666665	271.1200000000001
5.160000000000001	0.020833333333333336	251.12
5.160000000000001	0.0225	241.12000000000006
5.160000000000001	0.02416666666666667	241.12000000000006
5.160000000000001	0.025833333333333333	251.12
5.160000000000001	0.0275	251.12
5.160000000000001	0.029166666666666667	241.12000000000006
5.160000000000001	0.030833333333333334	241.12000000000006
5.160000000000001	0.0325	241.12000000000006
5.160000000000001	0.034166666666666665	211.12000000000003
5.160000000000001	0.035833333333333335	211.12000000000003
5.160000000000001	0.0375	191.12000000000003
5.160000000000001	0.03916666666666667	191.12000000000003
5.160000000000001	0.04083333333333333	176.12000000000006
5.160000000000001	0.042499999999999996	176.12000000000006
5.160000000000001	0.04416666666666667	176.12000000000006
5.160000000000001	0.04583333333333334	151.12000000000006
5.160000000000001	0.0475	151.12000000000006
5.269999999999999	0.000010100000000000002	351.12000000000006
5.269999999999999	0.00002	351.12000000000006
5.269999999999999	0.00004500000000000001	351.12000000000006
5.269999999999999	0.00007500000000000001	351.12000000000006
5.269999999999999	0.000145	351.12000000000006
5.269999999999999	0.00035	351.12000000000006
5.269999999999999	0.00065	351.12000000000006
5.269999999999999	0.0009	351.12000000000006
5.269999999999999	0.00125	351.12000000000006
5.269999999999999	0.00175	351.12000000000006
5.269999999999999	0.0022500000000000003	351.12000000000006
5.269999999999999	0.00275	351.12000000000006
5.269999999999999	0.0032500000000000003	351.12000000000006
5.269999999999999	0.00375	351.12000000000006
5.269999999999999	0.00425	351.12000000000006
5.269999999999999	0.00475	351.12000000000006
5.269999999999999	0.0052499999999999995	351.12000000000006
5.269999999999999	0.00575	351.12000000000006
5.269999999999999	0.00625	351.12000000000006
5.269999999999999	0.00675	351.12000000000006
5.269999999999999	0.0072499999999999995	351.12000000000006
5.269999999999999	0.00775	351.12000000000006
5.269999999999999	0.00825	351.12000000000006
5.269999999999999	0.00875	331.12
5.269999999999999	0.00925	331.12
5.269999999999999	0.00975	331.12
5.269999999999999	0.010833333333333334	331.12
5.269999999999999	0.0125	331.12
5.269999999999999	0.014166666666666668	311.1200000000001
5.269999999999999	0.01583333333333333	301.1199999999999
5.269999999999999	0.0175	301.1199999999999
5.269999999999999	0.019166666666666665	271.1200000000001
5.269999999999999	0.020833333333333336	261.11999999999995
5.269999999999999	0.0225	251.12
5.269999999999999	0.02416666666666667	251.12
5.269999999999999	0.025833333333333333	251.12
5.269999999999999	0.0275	251.12
5.269999999999999	0.029166666666666667	251.12
5.269999999999999	0.030833333333333334	251.12
5.269999999999999	0.0325	241.12000000000006
5.269999999999999	0.034166666666666665	221.12000000000006
5.269999999999999	0.035833333333333335	221.12000000000006
5.269999999999999	0.0375	201.11999999999998
5.269999999999999	0.03916666666666667	201.11999999999998
5.269999999999999	0.04083333333333333	181.12000000000003
5.269999999999999	0.042499999999999996	181.12000000000003
5.269999999999999	0.04416666666666667	181.12000000000003
5.269999999999999	0.04583333333333334	156.11999999999995
5.269999999999999	0.0475	156.11999999999995