0.02	0.11694392139382943
0.022	0.11786890717703771
0.024	0.11888039598075396
0.026000000000000002	0.11997795489928391
0.028	0.1211611138169308
0.03	0.12242936546157517
0.032	0.12378216561716496
0.034	0.12521893314717275
0.036000000000000004	0.1267390501745482
0.038000000000000006	0.12834186221082072
0.04	0.13002667830351086
0.041999999999999996	0.13179277119190028
0.044	0.1336393774711931
0.046	0.13556569776508762
0.048	0.13757089690669305
0.05	0.13965410412783155
0.052000000000000005	0.141814413256701
0.054000000000000006	0.14405088292389367
0.05600000000000001	0.14636253677676375
0.057999999999999996	0.14874836370213612
0.06	0.15120731805739718
0.062	0.1537383199095921
0.064	0.15634025528359405
0.066	0.15901197641764533
0.068	0.1617523020278165
0.07	0.1645600175805037
0.07200000000000001	0.16743387557334058
0.074	0.17037259582419034
0.076	0.17337486576842384
0.078	0.1764393407646362
0.08	0.17956464449235582
0.082	0.1827493688538084
0.084	0.18599207514455324
0.08600000000000001	0.18929129355133867
0.08800000000000001	0.19264552391882095
0.09000000000000001	0.1960532360201317
0.09200000000000001	0.19951286991960573
0.094	0.20302283634362786
0.096	0.20658151705942393
0.098	0.2101872652622055
0.1	0.2138384059698414
0.10200000000000001	0.21753323642613256
0.10400000000000001	0.22127002651157074
0.10600000000000001	0.22504701916226974
0.108	0.22886243079677035
0.11	0.23271445175073263
0.112	0.23660124671947327
0.114	0.24052095520833652
0.116	0.2444716919908432
0.11800000000000001	0.24845154757458715
0.12000000000000001	0.25245858867482696
0.12200000000000001	0.25649085869580973
0.12400000000000001	0.26054637821945154
0.126	0.26462314550210214
0.128	0.26871913697832384
0.13	0.2728323077723975
0.132	0.2769605922171953
0.134	0.2811019043803789
0.136	0.2852541385980225
0.138	0.2894151700153315
0.13999999999999999	0.2935828551344715
0.142	0.29775524997686353
0.144	0.30192764481925555
0.146	0.30610003966164756
0.148	0.31027243450403963
0.15	0.31444482934643164
0.152	0.3185842420009703
0.154	0.32272365465550884
0.156	0.32686306731004744
0.158	0.33100247996458604
0.16	0.3351418926191247
0.162	0.3391912320595917
0.164	0.34324057150005866
0.16599999999999998	0.34728991094052564
0.16799999999999998	0.3513392503809926
0.16999999999999998	0.35538858982145966
0.172	0.35928932539339675
0.174	0.36319006096533385
0.176	0.367090796537271
0.178	0.3709915321092081
0.18	0.3748922676811452
0.182	0.3785848308928241
0.184	0.38227739410450295
0.186	0.38596995731618183
0.188	0.38966252052786066
0.19	0.39335508373953953
0.192	0.39677928516965566
0.194	0.4002034865997718
0.19599999999999998	0.40362768802988785
0.19799999999999998	0.40705188946000403
0.19999999999999998	0.41047609089012016
0.20199999999999999	0.41357154824858133
0.204	0.41666700560704256
0.206	0.4197624629655038
0.208	0.422857920323965
0.21	0.42595337768242614
0.212	0.42865994965481113
0.214	0.43136652162719613
0.216	0.4340730935995811
0.218	0.43677966557196607
0.22	0.43948623754435107
0.222	0.4417444553878344
0.224	0.4440026732313178
0.226	0.4462608910748012
0.228	0.44851910891828467
0.22999999999999998	0.450777326761768
0.23199999999999998	0.4525288125291944
0.23399999999999999	0.4542802982966208
0.236	0.45603178406404726
0.238	0.4577832698314736
0.24	0.45953475559890006
0.242	0.46072261011261595
0.244	0.46191046462633184
0.246	0.46309831914004773
0.248	0.4642861736537636
0.25	0.4654740281674795
0.252	0.46604316347456576
0.254	0.46661229878165184
0.256	0.467181434088738
0.258	0.46775056939582416
0.26	0.46831970470291034
0.262	0.4682170817946748
0.264	0.46811445888643916
0.266	0.4680118359782036
0.268	0.467909213069968
0.27	0.4678065901617325
0.272	0.4669812993833334
0.274	0.4661560086049342
0.276	0.465330717826535
0.278	0.4645054270481359
0.28	0.4636801362697368
0.28200000000000003	0.46208321737425984
0.28400000000000003	0.46048629847878286
0.28600000000000003	0.45888937958330583
0.28800000000000003	0.45729246068782886
0.29000000000000004	0.45569554179235194
0.29200000000000004	0.4532793669266408
0.29400000000000004	0.4508631920609296
0.29600000000000004	0.4484470171952185
0.29800000000000004	0.44603084232950735
0.30000000000000004	0.44361466746379624
0.30200000000000005	0.44033157021832364
0.30400000000000005	0.43704847297285104
0.30600000000000005	0.43376537572737833
0.30800000000000005	0.43048227848190573
0.31	0.42719918123643325
0.312	0.42299873092877716
0.314	0.418798280621121
0.316	0.41459783031346487
0.318	0.41039738000580867
0.32	0.4061969296981525
0.322	0.4010206314626136
0.324	0.3958443332270745
0.326	0.3906680349915356
0.328	0.3854917367559965
0.33	0.38031543852045757
0.332	0.3740861608699056
0.334	0.3678568832193535
0.336	0.3616276055688015
0.338	0.3553983279182495
0.34	0.3491690502676975
0.342	0.34176848987843667
0.34400000000000003	0.33436792948917576
0.34600000000000003	0.326967369099915
0.34800000000000003	0.31956680871065407
0.35000000000000003	0.31216624832139317
0.35200000000000004	0.3033809998577252
0.35400000000000004	0.2945957513940573
0.35600000000000004	0.28581050293038934
0.35800000000000004	0.2770252544667213
0.36000000000000004	0.2682400060030533
0.36200000000000004	0.2576044379725571
0.36400000000000005	0.24696886994206077
0.36600000000000005	0.2363333019115645
0.36800000000000005	0.2256977338810682
0.37000000000000005	0.2150621658505718
0.372	0.2011868343668009
0.374	0.18731150288302967
0.376	0.1734361713992584
0.378	0.15956083991548714
0.38	0.14568550843171588
0.382	0.11658751594612658
0.384	0.08748952346053729
0.386	0.05839153097494798
0.388	0.029293538489358676
0.39	0.000195546003769373
0.392	0.00019500723773307191
0.394	0.00019446847169677083
0.396	0.00019392970566046975
0.398	0.00019339093962416864
0.4	0.00019285217358786758
0.402	0.00019231724734149755
0.404	0.00019178232109512753
0.406	0.00019124739484875747
0.40800000000000003	0.00019071246860238744
0.41000000000000003	0.00019017754235601742
0.41200000000000003	0.00018964718466727963
0.41400000000000003	0.00018911682697854185
0.41600000000000004	0.00018858646928980412
0.41800000000000004	0.00018805611160106634
0.42000000000000004	0.00018752575391232858
0.42200000000000004	0.0001870006681870378
0.42400000000000004	0.000186475582461747
0.42600000000000005	0.00018595049673645624
0.42800000000000005	0.00018542541101116544
0.43000000000000005	0.00018490032528587467
0.43200000000000005	0.0001843811886316834
0.43400000000000005	0.00018386205197749213
0.43600000000000005	0.00018334291532330084
0.438	0.00018282377866910961
0.44	0.00018230464201491833
0.442	0.00018179210428577537
0.444	0.00018127956655663246
0.446	0.00018076702882748955
0.448	0.00018025449109834659
0.45	0.00017974195336920365
0.452	0.00017923663635889845
0.454	0.00017873131934859323
0.456	0.00017822600233828804
0.458	0.00017772068532798284
0.46	0.00017721536831767764
0.462	0.0001767178649491358
0.464	0.00017622036158059396
0.466	0.00017572285821205213
0.468	0.0001752253548435103
0.47000000000000003	0.00017472785147496845
0.47200000000000003	0.00017423872519761017
0.47400000000000003	0.00017374959892025186
0.47600000000000003	0.0001732604726428936
0.47800000000000004	0.00017277134636553532
0.48000000000000004	0.00017228222008817701
0.48200000000000004	0.00017180200348819563
0.48400000000000004	0.00017132178688821425
0.48600000000000004	0.00017084157028823282
0.48800000000000004	0.00017036135368825143
0.49000000000000005	0.00016988113708827005
0.49200000000000005	0.00016941033215727927
0.49400000000000005	0.00016893952722628845
0.49600000000000005	0.00016846872229529767
0.49800000000000005	0.00016799791736430688
0.5	0.0001675271124333161
0.502	0.0001670661899287267
0.504	0.0001666052674241373
0.506	0.00016614434491954793
0.508	0.00016568342241495853
0.51	0.00016522249991036915
0.512	0.00016477189794614542
0.514	0.0001643212959819217
0.516	0.00016387069401769798
0.518	0.00016342009205347428
0.52	0.00016296949008925057
0.522	0.00016252961435336594
0.524	0.00016208973861748128
0.526	0.00016164986288159664
0.528	0.000161209987145712
0.53	0.00016077011140982735
0.532	0.0001603413345300895
0.534	0.00015991255765035163
0.536	0.0001594837807706138
0.538	0.00015905500389087594
0.54	0.0001586262270111381
0.542	0.00015820888823962013
0.544	0.0001577915494681022
0.546	0.00015737421069658426
0.548	0.0001569568719250663
0.55	0.00015653953315354836
0.552	0.0001561339379351661
0.554	0.00015572834271678382
0.556	0.00015532274749840153
0.558	0.00015491715228001924
0.56	0.00015451155706163697
0.562	0.00015411797682668126
0.5640000000000001	0.00015372439659172557
0.5660000000000001	0.00015333081635676983
0.5680000000000001	0.00015293723612181415
0.5700000000000001	0.00015254365588685846
0.5720000000000001	0.00015216232781145662
0.5740000000000001	0.00015178099973605475
0.5760000000000001	0.0001513996716606529
0.5780000000000001	0.00015101834358525107
0.5800000000000001	0.00015063701550984922
0.5820000000000001	0.00015026814235375309
0.5840000000000001	0.00014989926919765695
0.5860000000000001	0.0001495303960415608
0.5880000000000001	0.00014916152288546464
0.5900000000000001	0.00014879264972936853
0.5920000000000001	0.00014843639972322278
0.5940000000000001	0.000148080149717077
0.5960000000000001	0.00014772389971093124
0.598	0.0001473676497047855
0.6	0.00014701139969863972
0.602	0.00014666790649155132
0.604	0.00014632441328446292
0.606	0.0001459809200773745
0.608	0.00014563742687028608
0.61	0.00014529393366319768
0.612	0.00014496329632831525
0.614	0.00014463265899343277
0.616	0.00014430202165855032
0.618	0.00014397138432366787
0.62	0.00014364074698878544
0.622	0.00014332303008696208
0.624	0.00014300531318513877
0.626	0.00014268759628331543
0.628	0.0001423698793814921
0.63	0.00014205216247966876
0.632	0.0001417473961791296
0.634	0.00014144262987859048
0.636	0.00014113786357805133
0.638	0.00014083309727751217
0.64	0.00014052833097697305
0.642	0.00014023651123543413
0.644	0.00013994469149389524
0.646	0.00013965287175235635
0.648	0.00013936105201081743
0.65	0.0001390692322692785
0.652	0.00013879032108221547
0.654	0.0001385114098951524
0.656	0.0001382324987080894
0.658	0.00013795358752102634
0.66	0.0001376746763339633
0.662	0.00013740860205189165
0.664	0.00013714252776982002
0.666	0.00013687645348774838
0.668	0.00013661037920567674
0.67	0.0001363443049236051
0.672	0.00013609096246254456
0.674	0.00013583762000148403
0.676	0.00013558427754042349
0.678	0.00013533093507936297
0.68	0.0001350775926183024
0.682	0.00013483684422934392
0.684	0.0001345960958403854
0.686	0.00013435534745142688
0.6880000000000001	0.0001341145990624684
0.6900000000000001	0.0001338738506735099
0.6920000000000001	0.0001336455261261842
0.6940000000000001	0.0001334172015788585
0.6960000000000001	0.0001331888770315328
0.6980000000000001	0.00013296055248420712
0.7000000000000001	0.0001327322279368814
0.7020000000000001	0.00013251612518298245
0.7040000000000001	0.00013230002242908346
0.7060000000000001	0.00013208391967518444
0.7080000000000001	0.00013186781692128548
0.7100000000000001	0.0001316517141673865
0.7120000000000001	0.00013144759998405544
0.7140000000000001	0.0001312434858007244
0.7160000000000001	0.00013103937161739336
0.7180000000000001	0.0001308352574340623
0.7200000000000001	0.0001306311432507313
0.7220000000000001	0.00013043875392479456
0.724	0.00013024636459885776
0.726	0.00013005397527292103
0.728	0.00012986158594698426
0.73	0.00012966919662104752
0.732	0.00012948823871609776
0.734	0.000129307280811148
0.736	0.00012912632290619822
0.738	0.0001289453650012484
0.74	0.00012876440709629864
0.742	0.00012859455829206787
0.744	0.00012842470948783708
0.746	0.00012825486068360634
0.748	0.00012808501187937555
0.75	0.00012791516307514476
0.752	0.00012775607308080383
0.754	0.00012759698308646293
0.756	0.00012743789309212198
0.758	0.00012727880309778105
0.76	0.00012711971310344015
0.762	0.00012697100464789272
0.764	0.00012682229619234532
0.766	0.00012667358773679792
0.768	0.0001265248792812505
0.77	0.0001263761708257031
0.772	0.00012623744072479804
0.774	0.00012609871062389293
0.776	0.00012595998052298787
0.778	0.00012582125042208278
0.78	0.0001256825203211777
0.782	0.0001255533406278562
0.784	0.00012542416093453475
0.786	0.00012529498124121323
0.788	0.00012516580154789178
0.79	0.00012503662185457028
0.792	0.00012491654109227817
0.794	0.00012479646032998606
0.796	0.00012467637956769392
0.798	0.00012455629880540184
0.8	0.0001244362180431097
0.802	0.00012432476252693576
0.804	0.00012421330701076184
0.806	0.00012410185149458783
0.808	0.00012399039597841391
0.81	0.00012387894046223997
0.812	0.0001237756157181185
0.8140000000000001	0.000123672290973997
0.8160000000000001	0.00012356896622987547
0.8180000000000001	0.000123465641485754
0.8200000000000001	0.0001233623167416325
0.8220000000000001	0.00012326660898537056
0.8240000000000001	0.00012317090122910862
0.8260000000000001	0.00012307519347284665
0.8280000000000001	0.00012297948571658469
0.8300000000000001	0.00012288377796032274
0.8320000000000001	0.0001227951557515756
0.8340000000000001	0.00012270653354282845
0.8360000000000001	0.0001226179113340813
0.8380000000000001	0.00012252928912533418
0.8400000000000001	0.000122440666916587
0.8420000000000001	0.0001223585828430519
0.8440000000000001	0.0001222764987695168
0.8460000000000001	0.00012219441469598169
0.8480000000000001	0.00012211233062244664
0.8500000000000001	0.00012203024654891152
0.8520000000000001	0.00012195413906352838
0.854	0.00012187803157814525
0.856	0.00012180192409276216
0.858	0.00012172581660737903
0.86	0.0001216497091219959
0.862	0.0001215789732893783
0.864	0.00012150823745676072
0.866	0.00012143750162414313
0.868	0.00012136676579152552
0.87	0.00012129602995890793
0.872	0.00012122880406435127
0.874	0.00012116157816979462
0.876	0.00012109435227523797
0.878	0.0001210271263806813
0.88	0.00012095990048612466
0.882	0.00012089453065940556
0.884	0.00012082916083268645
0.886	0.00012076379100596737
0.888	0.00012069842117924826
0.89	0.00012063305135252916
0.892	0.0001205693560685606
0.894	0.000120505660784592
0.896	0.00012044196550062343
0.898	0.00012037827021665486
0.9	0.00012031457493268628
0.902	0.0001202524238103409
0.904	0.00012019027268799549
0.906	0.0001201281215656501
0.908	0.00012006597044330469
0.91	0.0001200038193209593
0.912	0.0001199430727024625
0.914	0.00011988232608396573
0.916	0.00011982157946546894
0.918	0.00011976083284697215
0.92	0.00011970008622847538
0.922	0.00011964059518814355
0.924	0.00011958110414781173
0.926	0.00011952161310747989
0.928	0.00011946212206714807
0.93	0.00011940263102681624
0.932	0.00011934423739191235
0.934	0.00011928584375700844
0.936	0.00011922745012210454
0.9380000000000001	0.00011916905648720064
0.9400000000000001	0.00011911066285229674
0.9420000000000001	0.0001190531992382551
0.9440000000000001	0.00011899573562421345
0.9460000000000001	0.00011893827201017178
0.9480000000000001	0.00011888080839613013
0.9500000000000001	0.0001188233447820885
0.9520000000000001	0.0001187666379303854
0.9540000000000001	0.00011870993107868233
0.9560000000000001	0.00011865322422697925
0.9580000000000001	0.00011859651737527617
0.9600000000000001	0.00011853981052357309
0.9620000000000001	0.00011848366492846142
0.9640000000000001	0.00011842751933334977
0.9660000000000001	0.00011837137373823811
0.9680000000000001	0.00011831522814312646
0.9700000000000001	0.00011825908254801479
0.9720000000000001	0.00011820331341714743
0.9740000000000001	0.00011814754428628005
0.9760000000000001	0.00011809177515541268
0.9780000000000001	0.0001180360060245453
0.98	0.00011798023689367794
0.982	0.00011792463736977902
0.984	0.00011786903784588011
0.986	0.00011781343832198119
0.988	0.00011775783879808227
0.99	0.00011770223927418336
0.992	0.00011764659699028161
0.994	0.00011759095470637985
0.996	0.00011753531242247811
0.998	0.00011747967013857636
1.	0.00011742402785467461
1.002	0.0001173681217835453
1.004	0.00011731221571241599
1.006	0.00011725630964128665
1.008	0.00011720040357015734
1.01	0.00011714449749902803
1.012	0.00011708809810928384
1.014	0.00011703169871953965
1.016	0.00011697529932979544
1.018	0.00011691889994005125
1.02	0.00011686250055030707
1.022	0.00011680536998172056
1.024	0.00011674823941313407
1.026	0.00011669110884454755
1.028	0.00011663397827596106
1.03	0.00011657684770737455
1.032	0.00011651873996890803
1.034	0.0001164606322304415
1.036	0.00011640252449197499
1.038	0.00011634441675350845
1.04	0.00011628630901504193
1.042	0.00011622697020501767
1.044	0.00011616763139499342
1.046	0.00011610829258496916
1.048	0.00011604895377494491
1.05	0.00011598961496492065
1.052	0.00011592878351470535
1.054	0.00011586795206449005
1.056	0.00011580712061427475
1.058	0.00011574628916405945
1.06	0.00011568545771384414
1.062	0.00011562286465671196
1.064	0.00011556027159957978
1.066	0.00011549767854244761
1.068	0.00011543508548531542
1.07	0.00011537249242818324
1.072	0.00011530786169200032
1.074	0.00011524323095581743
1.076	0.00011517860021963451
1.078	0.0001151139694834516
1.08	0.0001150493387472687
1.082	0.00011498238747883704
1.084	0.00011491543621040538
1.086	0.00011484848494197373
1.088	0.00011478153367354207
1.09	0.00011471458240511041
1.092	0.00011464502131898705
1.094	0.00011457546023286368
1.096	0.00011450589914674033
1.098	0.00011443633806061696
1.1	0.00011436677697449361
1.102	0.00011429431073269442
1.104	0.00011422184449089524
1.106	0.00011414937824909605
1.108	0.00011407691200729688
1.11	0.0001140044457654977
1.112	0.00011392877339220442
1.114	0.00011385310101891111
1.116	0.00011377742864561784
1.118	0.00011370175627232455
1.12	0.00011362608389903126
1.122	0.00011354689922537292
1.124	0.00011346771455171457
1.1260000000000001	0.0001133885298780562
1.1280000000000001	0.00011330934520439786
1.1300000000000001	0.0001132301605307395
1.1320000000000001	0.00011314715267698421
1.1340000000000001	0.00011306414482322893
1.1360000000000001	0.00011298113696947364
1.1380000000000001	0.00011289812911571836
1.1400000000000001	0.00011281512126196306
1.1420000000000001	0.00011272797515737658
1.1440000000000001	0.0001126408290527901
1.1460000000000001	0.00011255368294820362
1.1480000000000001	0.00011246653684361713
1.1500000000000001	0.00011237939073903065
1.1520000000000001	0.00011228778768167267
1.1540000000000001	0.00011219618462431468
1.1560000000000001	0.00011210458156695668
1.1580000000000001	0.00011201297850959869
1.1600000000000001	0.00011192137545224071
1.1620000000000001	0.00011182499371152686
1.1640000000000001	0.00011172861197081301
1.1660000000000001	0.00011163223023009916
1.1680000000000001	0.00011153584848938531
1.1700000000000002	0.00011143946674867147
1.1720000000000002	0.00011133798221355931
1.174	0.00011123649767844719
1.176	0.00011113501314333507
1.178	0.00011103352860822291
1.18	0.00011093204407311078
1.182	0.00011082513094885618
1.184	0.00011071821782460158
1.186	0.00011061130470034699
1.188	0.00011050439157609238
1.19	0.0001103974784518378
1.192	0.00011028481000939277
1.194	0.00011017214156694775
1.196	0.00011005947312450272
1.198	0.0001099468046820577
1.2	0.0001098341362396127
1.202	0.00010971538562036294
1.204	0.0001095966350011132
1.206	0.00010947788438186346
1.208	0.00010935913376261372
1.21	0.00010924038314336396
1.212	0.00010911522422524312
1.214	0.00010899006530712227
1.216	0.00010886490638900144
1.218	0.0001087397474708806
1.22	0.00010861458855275977
1.222	0.0001084826968815357
1.224	0.00010835080521031163
1.226	0.00010821891353908754
1.228	0.00010808702186786346
1.23	0.00010795513019663939
1.232	0.00010781618398857126
1.234	0.00010767723778050312
1.236	0.00010753829157243498
1.238	0.00010739934536436684
1.24	0.00010726039915629871
1.242	0.00010711408037867292
1.244	0.00010696776160104711
1.246	0.00010682144282342134
1.248	0.00010667512404579553
1.25	0.00010652880526816973
1.252	0.00010637480080522384
1.254	0.00010622079634227795
1.256	0.00010606679187933206
1.258	0.00010591278741638615
1.26	0.00010575878295344025
1.262	0.00010559664312642842
1.264	0.00010543450329941658
1.266	0.00010527236347240477
1.268	0.00010511022364539291
1.27	0.00010494808381838108
1.272	0.00010477598929879345
1.274	0.00010460389477920582
1.276	0.00010443180025961819
1.278	0.00010425970574003056
1.28	0.00010408761122044295
1.282	0.00010390510705144058
1.284	0.00010372260288243822
1.286	0.00010354009871343585
1.288	0.00010335759454443348
1.29	0.00010317509037543111
1.292	0.00010298222215137344
1.294	0.00010278935392731575
1.296	0.00010259648570325805
1.298	0.00010240361747920037
1.3	0.00010221074925514267
1.302	0.00010200757302822605
1.304	0.00010180439680130946
1.306	0.00010160122057439285
1.308	0.00010139804434747622
1.31	0.00010119486812055962
1.312	0.00010098145064203333
1.314	0.00010076803316350704
1.316	0.00010055461568498077
1.318	0.00010034119820645446
1.32	0.00010012778072792817
1.322	0.00009990419969144515
1.324	0.00009968061865496212
1.326	0.00009945703761847909
1.328	0.00009923345658199608
1.33	0.00009900987554551303
1.332	0.00009877621983241137
1.334	0.0000985425641193097
1.336	0.00009830890840620804
1.338	0.00009807525269310637
1.34	0.0000978415969800047
1.342	0.00009759796690679443
1.344	0.00009735433683358414
1.346	0.00009711070676037387
1.348	0.00009686707668716358
1.35	0.0000966234466139533
1.352	0.00009636995418172976
1.354	0.00009611646174950624
1.356	0.0000958629693172827
1.358	0.00009560947688505918
1.36	0.00009535598445283565
1.362	0.00009509275314835032
1.364	0.00009482952184386499
1.366	0.00009456629053937967
1.368	0.00009430305923489434
1.37	0.000094039827930409
1.372	0.00009376698716372747
1.374	0.00009349414639704593
1.3760000000000001	0.00009322130563036437
1.3780000000000001	0.00009294846486368283
1.3800000000000001	0.0000926756240970013
1.3820000000000001	0.00009239332125133967
1.3840000000000001	0.00009211101840567804
1.3860000000000001	0.00009182871556001641
1.3880000000000001	0.00009154641271435478
1.3900000000000001	0.00009126410986869318
1.3920000000000001	0.00009097250759686368
1.3940000000000001	0.0000906809053250342
1.3960000000000001	0.00009038930305320473
1.3980000000000001	0.00009009770078137525
1.4000000000000001	0.00008980609850954578
1.4020000000000001	0.00008950537241761372
1.4040000000000001	0.00008920464632568166
1.4060000000000001	0.00008890392023374959
1.4080000000000001	0.00008860319414181755
1.4100000000000001	0.0000883024680498855
1.4120000000000001	0.00008799280695888423
1.4140000000000001	0.00008768314586788295
1.4160000000000001	0.00008737348477688167
1.4180000000000001	0.00008706382368588041
1.4200000000000002	0.00008675416259487915
1.4220000000000002	0.00008643576878737082
1.4240000000000002	0.0000861173749798625
1.4260000000000002	0.00008579898117235416
1.428	0.00008548058736484586
1.43	0.00008516219355733754
1.432	0.00008483528303202263
1.434	0.00008450837250670776
1.436	0.00008418146198139286
1.438	0.00008385455145607799
1.44	0.0000835276409307631
1.442	0.0000831924436549611
1.444	0.00008285724637915914
1.446	0.00008252204910335716
1.448	0.00008218685182755516
1.45	0.0000818516545517532
1.452	0.00008150841471282032
1.454	0.00008116517487388745
1.456	0.00008082193503495456
1.458	0.00008047869519602169
1.46	0.00008013545535708882
1.462	0.00007978443161212731
1.464	0.00007943340786716582
1.466	0.0000790823841222043
1.468	0.0000787313603772428
1.47	0.0000783803366322813
1.472	0.00007802180235525615
1.474	0.00007766326807823098
1.476	0.0000773047338012058
1.478	0.00007694619952418062
1.48	0.00007658766524715545
1.482	0.00007622190877235789
1.484	0.00007585615229756033
1.486	0.0000754903958227628
1.488	0.00007512463934796523
1.49	0.00007475888287316769
1.492	0.00007438620773363288
1.494	0.00007401353259409808
1.496	0.0000736408574545633
1.498	0.0000732681823150285
1.5	0.00007289550717549371
1.502	0.0000725162323346795
1.504	0.00007213695749386528
1.506	0.00007175768265305108
1.508	0.00007137840781223685
1.51	0.00007099913297142265
1.512	0.00007061359304607083
1.514	0.000070228053120719
1.516	0.00006984251319536714
1.518	0.00006945697327001533
1.52	0.0000690714333446635
1.522	0.00006867997881574284
1.524	0.00006828852428682218
1.526	0.00006789706975790153
1.528	0.00006750561522898086
1.53	0.00006711416070006019
1.532	0.00006671715810843066
1.534	0.0000663201555168011
1.536	0.00006592315292517155
1.538	0.00006552615033354201
1.54	0.00006512914774191246
1.542	0.00006472697986397145
1.544	0.00006432481198603042
1.546	0.00006392264410808939
1.548	0.00006352047623014838
1.55	0.00006311830835220735
1.552	0.00006271137434906263
1.554	0.00006230444034591792
1.556	0.00006189750634277322
1.558	0.00006149057233962851
1.56	0.0000610836383364838
1.562	0.00006067235386842335
1.564	0.0000602610694003629
1.566	0.00005984978493230245
1.568	0.000059438500464242
1.57	0.00005902721599618155
1.572	0.00005861201329132826
1.574	0.00005819681058647496
1.576	0.00005778160788162166
1.578	0.00005736640517676837
1.58	0.00005695120247191508
1.582	0.00005653253033308636
1.584	0.00005611385819425763
1.586	0.00005569518605542891
1.588	0.000055276513916600184
1.59	0.00005485784177777146
1.592	0.00005443616550707128
1.594	0.0000540144892363711
1.596	0.000053592812965670915
1.598	0.000053171136694970735
1.6	0.00005274946042427056
1.602	0.00005232526163422177
1.604	0.000051901062844173
1.606	0.00005147686405412422
1.608	0.00005105266526407544
1.61	0.00005062846647402666
1.612	0.0000502022427422688
1.614	0.000049776019010510945
1.616	0.00004934979527875309
1.618	0.00004892357154699523
1.62	0.000048497347815237366
1.622	0.00004806959139749914
1.624	0.00004764183497976091
1.6260000000000001	0.000047214078562022683
1.6280000000000001	0.00004678632214428445
1.6300000000000001	0.00004635856572654622
1.6320000000000001	0.00004592976554666404
1.6340000000000001	0.00004550096536678186
1.6360000000000001	0.00004507216518689968
1.6380000000000001	0.0000446433650070175
1.6400000000000001	0.00004421456482713532
1.6420000000000001	0.00004378525354842343
1.6440000000000001	0.00004335594226971154
1.6460000000000001	0.000042926630990999646
1.6480000000000001	0.000042497319712287755
1.6500000000000001	0.000042068008433575864
1.6520000000000001	0.000041638750580357114
1.6540000000000001	0.00004120949272713837
1.6560000000000001	0.00004078023487391963
1.6580000000000001	0.00004035097702070088
1.6600000000000001	0.00003992171916748213
1.6620000000000001	0.00003949308709800177
1.6640000000000001	0.000039064455028521404
1.6660000000000001	0.00003863582295904105
1.6680000000000001	0.00003820719088956068
1.6700000000000002	0.000037778558820080314
1.6720000000000002	0.000037351127724301996
1.6740000000000002	0.00003692369662852367
1.6760000000000002	0.000036496265532745346
1.6780000000000002	0.00003606883443696702
1.6800000000000002	0.000035641403341188695
1.6820000000000002	0.0000352157431939377
1.6840000000000002	0.000034790083046686705
1.686	0.00003436442289943575
1.688	0.00003393876275218475
1.69	0.000033513102604933755
1.692	0.00003308976464342375
1.694	0.000032666426681913734
1.696	0.00003224308872040373
1.698	0.000031819750758893714
1.7	0.00003139641279738371
1.702	0.00003097590542147206
1.704	0.000030555398045560395
1.706	0.00003013489066964875
1.708	0.000029714383293737092
1.71	0.000029293875917825436
1.712	0.000028876618189347842
1.714	0.00002845936046087025
1.716	0.000028042102732392658
1.718	0.000027624845003915064
1.72	0.00002720758727543747
1.722	0.000026793808738291995
1.724	0.000026380030201146513
1.726	0.000025966251664001035
1.728	0.00002555247312685556
1.73	0.00002513869458971008
1.732	0.000024728181521823866
1.734	0.00002431766845393766
1.736	0.000023907155386051445
1.738	0.00002349664231816523
1.74	0.000023086129250279017
1.742	0.000022677386530467206
1.744	0.00002226864381065539
1.746	0.000021859901090843575
1.748	0.00002145115837103177
1.75	0.00002104241565121995
1.752	0.00002062774095038784
1.754	0.00002021306624955573
1.756	0.00001979839154872362
1.758	0.000019383716847891506
1.76	0.000018969042147059396
1.762	0.00001855091789980864
1.764	0.000018132793652557887
1.766	0.000017714669405307136
1.768	0.000017296545158056384
1.77	0.000016878420910805633
1.772	0.00001654232816216732
1.774	0.000016206235413529006
1.776	0.000015870142664890696
1.778	0.000015534049916252386
1.78	0.000015197957167614074
1.782	0.00001486766217659492
1.784	0.000014537367185575766
1.786	0.000014207072194556614
1.788	0.000013876777203537461
1.79	0.000013546482212518309
1.792	0.000013222139515223265
1.794	0.00001289779681792822
1.796	0.000012573454120633174
1.798	0.000012249111423338129
1.8	0.000011924768726043085
1.802	0.000011606240694388066
1.804	0.000011287712662733048
1.806	0.000010969184631078031
1.808	0.000010650656599423012
1.81	0.000010332128567767994
1.812	0.00001001873963424225
1.814	9.705350700716507e-6
1.816	9.391961767190764e-6
1.818	9.07857283366502e-6
1.82	8.765183900139278e-6
1.822	8.455181337150277e-6
1.824	8.145178774161274e-6
1.826	7.835176211172271e-6
1.828	7.525173648183269e-6
1.83	7.215171085194267e-6
1.832	6.904338446339836e-6
1.834	6.593505807485405e-6
1.836	6.2826731686309736e-6
1.838	5.971840529776545e-6
1.84	5.6610078909221115e-6
1.842	5.338034308266659e-6
1.844	5.015060725611205e-6
1.846	4.69208714295575e-6
1.848	4.369113560300296e-6
1.85	4.0461399776448425e-6
1.852	3.6652206164716905e-6
1.854	3.284301255298538e-6
1.856	2.903381894125386e-6
1.858	2.5224625329522336e-6
1.86	2.141543171779077e-6
1.862	1.7140956166213393e-6
1.864	1.2866480614636022e-6
1.866	8.592005063058649e-7
1.868	4.3175295114812753e-7
1.87	4.3053959903902756e-9
1.872	4.289614747652528e-9
1.874	4.27383350491478e-9
1.8760000000000001	4.258052262177032e-9
1.8780000000000001	4.242271019439284e-9
1.8800000000000001	4.2264897767015365e-9
1.8820000000000001	4.210849547095555e-9
1.8840000000000001	4.195209317489573e-9
1.8860000000000001	4.179569087883591e-9
1.8880000000000001	4.163928858277609e-9
1.8900000000000001	4.148288628671627e-9
1.8920000000000001	4.132790612493996e-9
1.8940000000000001	4.117292596316364e-9
1.8960000000000001	4.101794580138732e-9
1.8980000000000001	4.0862965639611e-9
1.9000000000000001	4.070798547783469e-9
1.9020000000000001	4.0554439105762525e-9
1.9040000000000001	4.040089273369036e-9
1.9060000000000001	4.024734636161819e-9
1.9080000000000001	4.009379998954602e-9
1.9100000000000001	3.994025361747385e-9
1.9120000000000001	3.97881523401088e-9
1.9140000000000001	3.963605106274375e-9
1.9160000000000001	3.94839497853787e-9
1.9180000000000001	3.933184850801366e-9
1.9200000000000002	3.91797472306486e-9
1.9220000000000002	3.902910200600105e-9
1.9240000000000002	3.887845678135349e-9
1.9260000000000002	3.872781155670594e-9
1.9280000000000002	3.857716633205839e-9
1.9300000000000002	3.842652110741084e-9
1.9320000000000002	3.827734252636865e-9
1.9340000000000002	3.812816394532646e-9
1.9360000000000002	3.797898536428427e-9
1.9380000000000002	3.782980678324208e-9
1.94	3.76806282021999e-9
1.942	3.753292652077774e-9
1.944	3.738522483935557e-9
1.946	3.723752315793341e-9
1.948	3.708982147651124e-9
1.95	3.694211979508907e-9
1.952	3.6795904898988888e-9
1.954	3.664969000288871e-9
1.956	3.650347510678853e-9
1.958	3.6357260210688347e-9
1.96	3.621104531458817e-9
1.962	3.6066326734315944e-9
1.964	3.5921608154043724e-9
1.966	3.57768895737715e-9
1.968	3.5632170993499278e-9
1.97	3.548745241322705e-9
1.972	3.534423931910125e-9
1.974	3.520102622497545e-9
1.976	3.505781313084965e-9
1.978	3.4914600036723844e-9
1.98	3.4771386942598044e-9
1.982	3.4629688143124904e-9
1.984	3.4487989343651768e-9
1.986	3.4346290544178627e-9
1.988	3.420459174470549e-9
1.99	3.406289294523235e-9
1.992	3.3922716885560936e-9
1.994	3.378254082588952e-9
1.996	3.36423647662181e-9
1.998	3.350218870654669e-9
2.	3.336201264687527e-9
2.002	3.322336740730008e-9
2.004	3.308472216772485e-9
2.006	3.294607692814966e-9
2.008	3.2807431688574434e-9
2.01	3.2668786448999242e-9
2.012	3.2531679743516455e-9
2.014	3.23945730380337e-9
2.016	3.2257466332550914e-9
2.018	3.212035962706816e-9
2.02	3.1983252921585377e-9
2.0220000000000002	3.184769209650379e-9
2.024	3.1712131271422237e-9
2.0260000000000002	3.157657044634065e-9
2.028	3.1441009621259097e-9
2.0300000000000002	3.1305448796177508e-9
2.032	3.117144082888349e-9
2.0340000000000003	3.103743286158944e-9
2.036	3.0903424894295428e-9
2.0380000000000003	3.076941692700138e-9
2.04	3.063540895970736e-9
2.0420000000000003	3.050296045660974e-9
2.044	3.0370511953512147e-9
2.0460000000000003	3.023806345041452e-9
2.048	3.010561494731693e-9
2.0500000000000003	2.9973166444219306e-9
2.052	2.9842283641639613e-9
2.0540000000000003	2.9711400839059887e-9
2.056	2.95805180364802e-9
2.0580000000000003	2.9449635233900476e-9
2.06	2.931875243132078e-9
2.0620000000000003	2.9189452505841656e-9
2.064	2.9060152580362557e-9
2.0660000000000003	2.893085265488343e-9
2.068	2.880155272940433e-9
2.07	2.8672252803925236e-9
2.072	2.854450730196932e-9
2.074	2.8416761800013433e-9
2.076	2.828901629805751e-9
2.078	2.8161270796101627e-9
2.08	2.8033525294145713e-9
2.082	2.790737327241566e-9
2.084	2.7781221250685586e-9
2.086	2.7655069228955542e-9
2.088	2.752891720722546e-9
2.09	2.7402765185495415e-9
2.092	2.727820006810888e-9
2.094	2.715363495072237e-9
2.096	2.7029069833335837e-9
2.098	2.6904504715949326e-9
2.1	2.6779939598562795e-9
2.102	2.665696574610482e-9
2.104	2.653399189364682e-9
2.106	2.6411018041188855e-9
2.108	2.6288044188730856e-9
2.11	2.6165070336272882e-9
2.112	2.604369173456821e-9
2.114	2.592231313286356e-9
2.116	2.580093453115888e-9
2.118	2.5679555929454234e-9
2.12	2.5558177327749556e-9
2.122	2.543839758131531e-9
2.124	2.5318617834881032e-9
2.126	2.519883808844678e-9
2.128	2.5079058342012504e-9
2.13	2.4959278595578257e-9
2.132	2.4841103235629632e-9
2.134	2.4722927875681032e-9
2.136	2.460475251573241e-9
2.138	2.4486577155783816e-9
2.14	2.4368401795835187e-9
2.142	2.4251826753710477e-9
2.144	2.4135251711585734e-9
2.146	2.4018676669461024e-9
2.148	2.390210162733628e-9
2.15	2.3785526585211567e-9
2.152	2.3670561242269417e-9
2.154	2.35555958993273e-9
2.156	2.3440630556385155e-9
2.158	2.332566521344303e-9
2.16	2.3210699870500885e-9
2.162	2.3097344006376084e-9
2.164	2.298398814225126e-9
2.166	2.287063227812646e-9
2.168	2.275727641400164e-9
2.17	2.2643920549876837e-9
2.172	2.2532175867943778e-9
2.174	2.2420431186010743e-9
2.176	2.2308686504077684e-9
2.178	2.2196941822144645e-9
2.18	2.2085197140211585e-9
2.182	2.197506496188681e-9
2.184	2.1864932783562003e-9
2.186	2.175480060523723e-9
2.188	2.164466842691243e-9
2.19	2.153453624858765e-9
2.192	2.142601751301913e-9
2.194	2.1317498777450636e-9
2.196	2.1208980041882125e-9
2.198	2.110046130631363e-9
2.2	2.099194257074511e-9
2.202	2.0885037834460897e-9
2.204	2.0778133098176653e-9
2.206	2.067122836189244e-9
2.208	2.05643236256082e-9
2.21	2.045741888932398e-9
2.212	2.035212832599545e-9
2.214	2.0246837762666944e-9
2.216	2.014154719933841e-9
2.218	2.0036256636009903e-9
2.22	1.993096607268137e-9
2.222	1.9827289473221834e-9
2.224	1.9723612873762275e-9
2.226	1.961993627430274e-9
2.228	1.951625967484318e-9
2.23	1.9412583075383648e-9
2.232	1.9310519847486425e-9
2.234	1.9208456619589222e-9
2.236	1.9106393391692e-9
2.238	1.9004330163794797e-9
2.24	1.8902266935897574e-9
2.242	1.8801816104291073e-9
2.244	1.8701365272684548e-9
2.246	1.8600914441078045e-9
2.248	1.850046360947152e-9
2.25	1.8400012777865017e-9
2.2520000000000002	1.8301172984317068e-9
2.254	1.820233319076914e-9
2.2560000000000002	1.8103493397221194e-9
2.258	1.8004653603673266e-9
2.2600000000000002	1.7905813810125317e-9
2.262	1.780858331358681e-9
2.2640000000000002	1.771135281704828e-9
2.266	1.7614122320509774e-9
2.2680000000000002	1.7516891823971244e-9
2.27	1.7419661327432736e-9
2.2720000000000002	1.732403800425595e-9
2.274	1.722841468107919e-9
2.2760000000000002	1.7132791357902407e-9
2.278	1.7037168034725644e-9
2.2800000000000002	1.694154471154886e-9
2.282	1.684752605638409e-9
2.2840000000000003	1.6753507401219297e-9
2.286	1.6659488746054525e-9
2.2880000000000003	1.6565470090889734e-9
2.29	1.6471451435724962e-9
2.2920000000000003	1.6379034560095577e-9
2.294	1.6286617684466208e-9
2.2960000000000003	1.6194200808836821e-9
2.298	1.6101783933207455e-9
2.3000000000000003	1.6009367057578068e-9
2.302	1.5918548691449258e-9
2.3040000000000003	1.5827730325320432e-9
2.306	1.5736911959191623e-9
2.3080000000000003	1.5646093593062793e-9
2.31	1.5555275226933985e-9
2.3120000000000003	1.5466051720653154e-9
2.314	1.5376828214372343e-9
2.3160000000000003	1.5287604708091512e-9
2.318	1.5198381201810701e-9
2.3200000000000003	1.510915769552987e-9
2.322	1.5021525018440164e-9
2.3240000000000003	1.4933892341350439e-9
2.326	1.484625966426073e-9
2.328	1.4758626987171026e-9
2.33	1.4670994310081299e-9
2.332	1.4584948051964916e-9
2.334	1.4498901793848516e-9
2.336	1.4412855535732138e-9
2.338	1.4326809277615736e-9
2.34	1.4240763019499354e-9
2.342	1.4156298499621267e-9
2.344	1.40718339797432e-9
2.346	1.3987369459865113e-9
2.348	1.3902904939987045e-9
2.35	1.3818440420108958e-9
2.352	1.3735552145511313e-9
2.354	1.365266387091365e-9
2.356	1.3569775596316005e-9
2.358	1.3486887321718342e-9
2.36	1.3403999047120697e-9
2.362	1.3322681799405734e-9
2.364	1.324136455169079e-9
2.366	1.3160047303975827e-9
2.368	1.307873005626088e-9
2.37	1.2997412808545917e-9
2.372	1.2917660712812952e-9
2.374	1.2837908617079967e-9
2.376	1.2758156521347002e-9
2.378	1.267840442561402e-9
2.38	1.2598652329881053e-9
2.382	1.2520458774431575e-9
2.384	1.2442265218982115e-9
2.386	1.2364071663532637e-9
2.388	1.2285878108083177e-9
2.39	1.22076845526337e-9
2.392	1.2131043970267556e-9
2.394	1.2054403387901396e-9
2.396	1.197776280553525e-9
2.398	1.190112222316909e-9
2.4	1.1824481640802947e-9
2.402	1.1749384043959695e-9
2.404	1.1674286447116457e-9
2.406	1.1599188850273203e-9
2.408	1.1524091253429967e-9
2.41	1.1448993656586715e-9
2.412	1.1375434716352343e-9
2.414	1.1301875776117951e-9
2.416	1.1228316835883579e-9
2.418	1.115475789564919e-9
2.42	1.1081198955414815e-9
2.422	1.100916981364841e-9
2.424	1.093714067188202e-9
2.426	1.0865111530115613e-9
2.428	1.0793082388349224e-9
2.43	1.0721053246582819e-9
2.432	1.065054575354853e-9
2.434	1.0580038260514227e-9
2.436	1.0509530767479939e-9
2.438	1.0439023274445636e-9
2.44	1.0368515781411347e-9
2.442	1.0299521421881235e-9
2.444	1.0230527062351135e-9
2.446	1.016153270282102e-9
2.448	1.009253834329092e-9
2.45	1.0023543983760806e-9
2.452	9.956053875799158e-10
2.454	9.888563767837496e-10
2.456	9.821073659875848e-10
2.458	9.753583551914183e-10
2.46	9.686093443952535e-10
2.462	9.620098345259836e-10
2.464	9.554103246567149e-10
2.466	9.488108147874447e-10
2.468	9.42211304918176e-10
2.47	9.356117950489059e-10
2.472	9.291608257500027e-10
2.474	9.227098564510982e-10
2.476	9.162588871521949e-10
2.478	9.098079178532904e-10
2.48	9.033569485543871e-10
2.482	8.970535236158536e-10
2.484	8.907500986773214e-10
2.486	8.844466737387881e-10
2.488	8.781432488002559e-10
2.49	8.718398238617225e-10
2.492	8.656829114435163e-10
2.494	8.595259990253089e-10
2.496	8.533690866071027e-10
2.498	8.472121741888953e-10
2.5	8.410552617706892e-10
2.5020000000000002	8.350437946296922e-10
2.504	8.290323274886967e-10
2.5060000000000002	8.230208603477e-10
2.508	8.170093932067045e-10
2.5100000000000002	8.109979260657076e-10
2.512	8.051308018119107e-10
2.5140000000000002	7.992636775581124e-10
2.516	7.933965533043155e-10
2.5180000000000002	7.875294290505172e-10
2.52	7.816623047967204e-10
2.5220000000000002	7.759383861241894e-10
2.524	7.702144674516597e-10
2.5260000000000002	7.644905487791287e-10
2.528	7.58766630106599e-10
2.5300000000000002	7.53042711434068e-10
2.532	7.474608264000108e-10
2.5340000000000003	7.418789413659526e-10
2.536	7.362970563318954e-10
2.5380000000000003	7.307151712978371e-10
2.54	7.251332862637799e-10
2.5420000000000003	7.196922285608822e-10
2.544	7.142511708579856e-10
2.5460000000000003	7.088101131550877e-10
2.548	7.033690554521912e-10
2.5500000000000003	6.979279977492933e-10
2.552	6.926265269937072e-10
2.5540000000000003	6.873250562381196e-10
2.556	6.820235854825334e-10
2.5580000000000003	6.767221147269458e-10
2.56	6.714206439713597e-10
2.5620000000000003	6.6625748600283e-10
2.564	6.610943280343016e-10
2.5660000000000003	6.559311700657722e-10
2.568	6.507680120972438e-10
2.5700000000000003	6.456048541287142e-10
2.572	6.405787013231301e-10
2.5740000000000003	6.355525485175448e-10
2.576	6.305263957119606e-10
2.5780000000000003	6.255002429063754e-10
2.58	6.204740901007912e-10
2.582	6.155836016537567e-10
2.584	6.106931132067211e-10
2.586	6.058026247596867e-10
2.588	6.009121363126511e-10
2.59	5.960216478656166e-10
2.592	5.912654502987185e-10
2.594	5.865092527318212e-10
2.596	5.81753055164923e-10
2.598	5.769968575980257e-10
2.6	5.722406600311276e-10
2.602	5.676173472886692e-10
2.604	5.629940345462098e-10
2.606	5.583707218037514e-10
2.608	5.53747409061292e-10
2.61	5.491240963188337e-10
2.612	5.446322303040791e-10
2.614	5.401403642893254e-10
2.616	5.35648498274571e-10
2.618	5.311566322598174e-10
2.62	5.266647662450628e-10
2.622	5.223028771556168e-10
2.624	5.179409880661697e-10
2.626	5.135790989767237e-10
2.628	5.092172098872767e-10
2.63	5.048553207978307e-10
2.632	5.006219075183875e-10
2.634	4.963884942389453e-10
2.636	4.921550809595021e-10
2.638	4.879216676800599e-10
2.64	4.836882544006168e-10
2.642	4.795817849101529e-10
2.644	4.754753154196881e-10
2.646	4.713688459292241e-10
2.648	4.672623764387593e-10
2.65	4.631559069482954e-10
2.652	4.5917481875991217e-10
2.654	4.5519373057152987e-10
2.656	4.512126423831467e-10
2.658	4.472315541947644e-10
2.66	4.4325046600638117e-10
2.662	4.393931665312048e-10
2.664	4.3553586705602753e-10
2.666	4.316785675808511e-10
2.668	4.278212681056739e-10
2.67	4.239639686304975e-10
2.672	4.202288357425663e-10
2.674	4.1649370285463593e-10
2.676	4.1275856996670486e-10
2.678	4.090234370787745e-10
2.68	4.0528830419084334e-10
2.682	4.0167368659930966e-10
2.684	3.980590690077752e-10
2.686	3.944444514162416e-10
2.688	3.9082983382470707e-10
2.69	3.8721521623317344e-10
2.692	3.8371943406523934e-10
2.694	3.802236518973061e-10
2.696	3.7672786972937207e-10
2.698	3.7323208756143885e-10
2.7	3.697363053935048e-10
2.702	3.6635765058321076e-10
2.704	3.629789957729159e-10
2.706	3.5960034096262187e-10
2.708	3.56221686152327e-10
2.71	3.5284303134203297e-10
2.712	3.495797682079034e-10
2.714	3.463165050737745e-10
2.716	3.43053241939645e-10
2.718	3.3978997880551613e-10
2.72	3.3652671567138654e-10
2.722	3.333770814560626e-10
2.724	3.3022744724073803e-10
2.726	3.270778130254141e-10
2.728	3.239281788100895e-10
2.73	3.207785445947656e-10
2.732	3.177407500129868e-10
2.734	3.147029554312087e-10
2.736	3.116651608494298e-10
2.738	3.086273662676517e-10
2.74	3.055895716858729e-10
2.742	3.0266180149172136e-10
2.744	2.997340312975692e-10
2.746	2.9680626110341765e-10
2.748	2.9387849090926554e-10
2.75	2.90950720715114e-10
2.7520000000000002	2.8813113429685756e-10
2.754	2.8531154787860174e-10
2.7560000000000002	2.824919614603453e-10
2.758	2.7967237504208954e-10
2.7600000000000002	2.768527886238331e-10
2.762	2.7413952061556783e-10
2.7640000000000002	2.7142625260730194e-10
2.766	2.6871298459903666e-10
2.7680000000000002	2.6599971659077077e-10
2.77	2.6328644858250554e-10
2.7720000000000002	2.606776094960727e-10
2.774	2.5806877040964054e-10
2.7760000000000002	2.554599313232077e-10
2.778	2.528510922367755e-10
2.7800000000000002	2.502422531503427e-10
2.782	2.4773593002815845e-10
2.7840000000000003	2.4522960690597363e-10
2.786	2.427232837837894e-10
2.7880000000000003	2.4021696066160457e-10
2.79	2.377106375394203e-10
2.7920000000000003	2.3530489462886085e-10
2.794	2.32899151718302e-10
2.7960000000000003	2.3049340880774257e-10
2.798	2.280876658971837e-10
2.8000000000000003	2.2568192298662428e-10
2.802	2.2337480243668438e-10
2.8040000000000003	2.21067681886744e-10
2.806	2.1876056133680412e-10
2.8080000000000003	2.1645344078686373e-10
2.81	2.1414632023692384e-10
2.8120000000000003	2.1193584281755496e-10
2.814	2.0972536539818656e-10
2.8160000000000003	2.0751488797881766e-10
2.818	2.053044105594493e-10
2.8200000000000003	2.0309393314008038e-10
2.822	2.009780989868746e-10
2.8240000000000003	1.988622648336683e-10
2.826	1.9674643068046251e-10
2.8280000000000003	1.9463059652725623e-10
2.83	1.9251476237405044e-10
2.8320000000000003	1.9049155175241522e-10
2.834	1.8846834113078047e-10
2.836	1.8644513050914567e-10
2.838	1.8442191988751049e-10
2.84	1.823987092658757e-10
2.842	1.804660833724307e-10
2.844	1.7853345747898615e-10
2.846	1.7660083158554116e-10
2.848	1.7466820569209658e-10
2.85	1.7273557979865162e-10
2.852	1.7089148157487953e-10
2.854	1.6904738335110702e-10
2.856	1.6720328512733492e-10
2.858	1.653591869035624e-10
2.86	1.6351508867979032e-10
2.862	1.617574436539755e-10
2.864	1.5999979862816115e-10
2.866	1.5824215360234637e-10
2.868	1.5648450857653197e-10
2.87	1.547268635507172e-10
2.872	1.5305358073428456e-10
2.874	1.5138029791785153e-10
2.876	1.497070151014189e-10
2.878	1.4803373228498591e-10
2.88	1.4636044946855327e-10
2.882	1.4476942223625563e-10
2.884	1.4317839500395837e-10
2.886	1.415873677716608e-10
2.888	1.3999634053936355e-10
2.89	1.3840531330706593e-10
2.892	1.3689442034914138e-10
2.894	1.353835273912165e-10
2.896	1.3387263443329197e-10
2.898	1.323617414753671e-10
2.9	1.3085084851744256e-10
2.902	1.294179548042238e-10
2.904	1.2798506109100538e-10
2.906	1.2655216737778663e-10
2.908	1.2511927366456822e-10
2.91	1.2368637995134947e-10
2.912	1.2232933773540126e-10
2.914	1.2097229551945274e-10
2.916	1.196152533035045e-10
2.918	1.1825821108755598e-10
2.92	1.1690116887160774e-10
2.922	1.1561781872494096e-10
2.924	1.1433446857827447e-10
2.926	1.130511184316077e-10
2.928	1.117677682849412e-10
2.93	1.1048441813827444e-10
2.932	1.0927259002627796e-10
2.934	1.0806076191428122e-10
2.936	1.0684893380228477e-10
2.938	1.0563710569028804e-10
2.94	1.0442527757829156e-10
2.942	1.0328279197213068e-10
2.944	1.0214030636597007e-10
2.946	1.009978207598092e-10
2.948	9.98553351536486e-11
2.95	9.871284954748772e-11
2.952	9.763751857688408e-11
2.954	9.656218760628021e-11
2.956	9.54868566356766e-11
2.958	9.441152566507272e-11
2.96	9.333619469446908e-11
2.962	9.232582334292383e-11
2.964	9.131545199137883e-11
2.966	9.03050806398336e-11
2.968	8.929470928828857e-11
2.97	8.828433793674334e-11
2.972	8.733672528145739e-11
2.974	8.638911262617122e-11
2.976	8.544149997088526e-11
2.978	8.449388731559909e-11
2.98	8.354627466031314e-11
2.982	8.26592151578035e-11
2.984	8.177215565529406e-11
2.986	8.088509615278442e-11
2.988	7.999803665027498e-11
2.99	7.911097714776536e-11
2.992	7.828226197641292e-11
2.994	7.745354680506032e-11
2.996	7.66248316337079e-11
2.998	7.579611646235527e-11
3.	7.496740129100284e-11
3.0020000000000002	7.41948197325481e-11
3.004	7.342223817409354e-11
3.0060000000000002	7.264965661563882e-11
3.008	7.187707505718427e-11
3.0100000000000002	7.110449349872953e-11
3.012	7.038583438879302e-11
3.0140000000000002	6.966717527885633e-11
3.016	6.894851616891981e-11
3.0180000000000002	6.822985705898312e-11
3.02	6.75111979490466e-11
3.0220000000000002	6.684425118148529e-11
3.024	6.617730441392412e-11
3.0260000000000002	6.55103576463628e-11
3.028	6.484341087880163e-11
3.0300000000000002	6.417646411124031e-11
3.032	6.355902220657603e-11
3.0340000000000003	6.294158030191162e-11
3.036	6.232413839724735e-11
3.0380000000000003	6.170669649258293e-11
3.04	6.108925458791865e-11
3.0420000000000003	6.051911432975561e-11
3.044	5.994897407159269e-11
3.0460000000000003	5.937883381342966e-11
3.048	5.880869355526674e-11
3.0500000000000003	5.82385532971037e-11
3.052	5.771351744120283e-11
3.0540000000000003	5.718848158530184e-11
3.056	5.6663445729400975e-11
3.0580000000000003	5.6138409873499986e-11
3.06	5.561337401759912e-11
3.0620000000000003	5.5131253079019065e-11
3.064	5.4649132140439115e-11
3.0660000000000003	5.4167011201859055e-11
3.068	5.3684890263279105e-11
3.0700000000000003	5.3202769324699045e-11
3.072	5.276138344907615e-11
3.0740000000000003	5.231999757345316e-11
3.076	5.1878611697830276e-11
3.0780000000000003	5.1437225822207286e-11
3.08	5.099583994658439e-11
3.0820000000000003	5.059302087238189e-11
3.084	5.019020179817947e-11
3.0860000000000003	4.978738272397697e-11
3.088	4.938456364977455e-11
3.0900000000000003	4.898174457557205e-11
3.092	4.861533769503436e-11
3.094	4.824893081449666e-11
3.096	4.7882523933958886e-11
3.098	4.751611705342119e-11
3.1	4.714971017288342e-11
3.102	4.681757718254882e-11
3.104	4.648544419221415e-11
3.106	4.6153311201879544e-11
3.108	4.5821178211544874e-11
3.11	4.5489045221210275e-11
3.112	4.518906446616617e-11
3.114	4.488908371112212e-11
3.116	4.458910295607802e-11
3.118	4.4289122201033976e-11
3.12	4.3989141445989875e-11
3.122	4.371921326830274e-11
3.124	4.3449285090615546e-11
3.126	4.317935691292842e-11
3.128	4.290942873524123e-11
3.13	4.2639500557554096e-11
3.132	4.239754744005899e-11
3.134	4.2155594322563936e-11
3.136	4.191364120506882e-11
3.138	4.1671688087573775e-11
3.14	4.142973497007867e-11
3.142	4.121370653424686e-11
3.144	4.099767809841501e-11
3.146	4.0781649662583195e-11
3.148	4.056562122675134e-11
3.15	4.0349592790919533e-11
3.152	4.015746599082476e-11
3.154	3.996533919073003e-11
3.156	3.9773212390635264e-11
3.158	3.958108559054053e-11
3.16	3.9388958790445766e-11
3.162	3.921823275092266e-11
3.164	3.9047506711399514e-11
3.166	3.887678067187641e-11
3.168	3.870605463235326e-11
3.17	3.8535328592830155e-11
3.172	3.8379308525215127e-11
3.174	3.8223288457600143e-11
3.176	3.8067268389985115e-11
3.178	3.791124832237012e-11
3.18	3.77552282547551e-11
3.182	3.7611478148864386e-11
3.184	3.7467728042973637e-11
3.186	3.7323977937082926e-11
3.188	3.718022783119218e-11
3.19	3.7036477725301466e-11
3.192	3.6904311758008245e-11
3.194	3.677214579071505e-11
3.196	3.663997982342182e-11
3.198	3.6507813856128634e-11
3.2	3.637564788883541e-11
3.202	3.625438161562133e-11
3.204	3.613311534240723e-11
3.206	3.601184906919315e-11
3.208	3.589058279597904e-11
3.21	3.576931652276497e-11
3.212	3.56582676163415e-11
3.214	3.5547218709918067e-11
3.216	3.54361698034946e-11
3.218	3.532512089707116e-11
3.22	3.5214071990647694e-11
3.222	3.511256102172779e-11
3.224	3.5011050052807865e-11
3.226	3.490953908388797e-11
3.228	3.480802811496805e-11
3.23	3.470651714604814e-11
3.232	3.461388852368986e-11
3.234	3.45212599013316e-11
3.236	3.4428631278973327e-11
3.238	3.433600265661507e-11
3.24	3.424337403425679e-11
3.242	3.415889632307365e-11
3.244	3.407441861189049e-11
3.246	3.398994090070734e-11
3.248	3.3905463189524185e-11
3.25	3.382098547834104e-11
3.2520000000000002	3.374405345913417e-11
3.254	3.3667121439927314e-11
3.2560000000000002	3.3590189420720445e-11
3.258	3.3513257401513594e-11
3.2600000000000002	3.343632538230672e-11
3.262	3.336625992758879e-11
3.2640000000000002	3.329619447287086e-11
3.266	3.3226129018152937e-11
3.2680000000000002	3.315606356343499e-11
3.27	3.3085998108717074e-11
3.2720000000000002	3.3022147811626694e-11
3.274	3.295829751453633e-11
3.2760000000000002	3.289444721744595e-11
3.278	3.283059692035559e-11
3.2800000000000002	3.27667466232652e-11
3.282	3.2708468829679994e-11
3.2840000000000003	3.265019103609478e-11
3.286	3.2591913242509574e-11
3.2880000000000003	3.2533635448924355e-11
3.29	3.247535765533915e-11
3.2920000000000003	3.2422019693757464e-11
3.294	3.236868173217579e-11
3.2960000000000003	3.23153437705941e-11
3.298	3.226200580901243e-11
3.3000000000000003	3.220866784743075e-11
3.302	3.2159428533324346e-11
3.3040000000000003	3.2110189219217944e-11
3.306	3.206094990511154e-11
3.3080000000000003	3.2011710591005134e-11
3.31	3.196247127689873e-11
3.3120000000000003	3.1914585634992416e-11
3.314	3.1866699993086105e-11
3.3160000000000003	3.1818814351179775e-11
3.318	3.1770928709273464e-11
3.3200000000000003	3.1723043067367147e-11
3.322	3.167524990508154e-11
3.3240000000000003	3.162745674279593e-11
3.326	3.157966358051033e-11
3.3280000000000003	3.153187041822471e-11
3.33	3.148407725593911e-11
3.3320000000000003	3.143637773995507e-11
3.334	3.138867822397104e-11
3.3360000000000003	3.134097870798701e-11
3.338	3.129327919200298e-11
3.3400000000000003	3.124557967601895e-11
3.342	3.119797495262239e-11
3.3440000000000003	3.1150370229225827e-11
3.346	3.1102765505829276e-11
3.3480000000000003	3.1055160782432705e-11
3.35	3.1007556059036154e-11
3.352	3.096004725399422e-11
3.354	3.0912538448952275e-11
3.356	3.086502964391034e-11
3.358	3.0817520838868396e-11
3.36	3.077001203382646e-11
3.362	3.0722600252270596e-11
3.364	3.0675188470714745e-11
3.366	3.0627776689158875e-11
3.368	3.0580364907603024e-11
3.37	3.053295312604716e-11
3.372	3.04856394523633e-11
3.374	3.043832577867942e-11
3.376	3.039101210499556e-11
3.378	3.034369843131169e-11
3.38	3.0296384757627836e-11
3.382	3.0249170255353884e-11
3.384	3.020195575307994e-11
3.386	3.0154741250805986e-11
3.388	3.010752674853204e-11
3.39	3.006031224625809e-11
3.392	3.001319795798907e-11
3.394	2.996608366972004e-11
3.396	2.9918969381451016e-11
3.398	2.987185509318198e-11
3.4	2.982474080491296e-11
3.402	2.9777727752213834e-11
3.404	2.9730714699514716e-11
3.406	2.9683701646815585e-11
3.408	2.9636688594116466e-11
3.41	2.958967554141734e-11
3.412	2.954276472474416e-11
3.414	2.949585390807097e-11
3.416	2.944894309139779e-11
3.418	2.940203227472461e-11
3.42	2.935512145805143e-11
3.422	2.930831385668061e-11
3.424	2.926150625530981e-11
3.426	2.9214698653938994e-11
3.428	2.9167891052568186e-11
3.43	2.912108345119737e-11
3.432	2.907438002316373e-11
3.434	2.9027676595130076e-11
3.436	2.8980973167096435e-11
3.438	2.8934269739062787e-11
3.44	2.8887566311029142e-11
3.442	2.8840967993072705e-11
3.444	2.8794369675116278e-11
3.446	2.8747771357159838e-11
3.448	2.870117303920341e-11
3.45	2.865457472124697e-11
3.452	2.8608082430422624e-11
3.454	2.8561590139598267e-11
3.456	2.851509784877392e-11
3.458	2.8468605557949562e-11
3.46	2.8422113267125215e-11
3.462	2.837572789412346e-11
3.464	2.8329342521121714e-11
3.466	2.8282957148119955e-11
3.468	2.823657177511821e-11
3.47	2.8190186402116454e-11
3.472	2.8143908821252655e-11
3.474	2.809763124038884e-11
3.476	2.805135365952504e-11
3.478	2.8005076078661228e-11
3.48	2.7958798497797426e-11
3.482	2.791262956028982e-11
3.484	2.7866460622782227e-11
3.486	2.782029168527462e-11
3.488	2.7774122747767028e-11
3.49	2.772795381025942e-11
3.492	2.7681894345909832e-11
3.494	2.7635834881560238e-11
3.496	2.758977541721065e-11
3.498	2.7543715952861057e-11
3.5	2.749765648851147e-11
3.5020000000000002	2.745170730571185e-11
3.504	2.7405758122912237e-11
3.5060000000000002	2.7359808940112614e-11
3.508	2.7313859757313e-11
3.5100000000000002	2.7267910574513382e-11
3.512	2.7222072460263592e-11
3.5140000000000002	2.717623434601379e-11
3.516	2.7130396231764e-11
3.5180000000000002	2.7084558117514195e-11
3.52	2.7038720003264406e-11
3.5220000000000002	2.699299372320122e-11
3.524	2.694726744313804e-11
3.5260000000000002	2.6901541163074848e-11
3.528	2.685581488301167e-11
3.5300000000000002	2.6810088602948484e-11
3.532	2.676447490138669e-11
3.5340000000000003	2.671886119982489e-11
3.536	2.6673247498263096e-11
3.5380000000000003	2.6627633796701294e-11
3.54	2.6582020095139503e-11
3.5420000000000003	2.6536519695124827e-11
3.544	2.6491019295110165e-11
3.5460000000000003	2.644551889509549e-11
3.548	2.6400018495080826e-11
3.5500000000000003	2.635451809506615e-11
3.552	2.6309131698441014e-11
3.5540000000000003	2.6263745301815867e-11
3.556	2.621835890519073e-11
3.5580000000000003	2.6172972508565583e-11
3.56	2.6127586111940446e-11
3.5620000000000003	2.6082314399422486e-11
3.564	2.6037042686904536e-11
3.5660000000000003	2.5991770974386582e-11
3.568	2.594649926186863e-11
3.5700000000000003	2.590122754935067e-11
3.572	2.5856077565248436e-11
3.5740000000000003	2.581092758114619e-11
3.576	2.5765777597043958e-11
3.5780000000000003	2.5720627612941712e-11
3.58	2.5675477628839477e-11
3.5820000000000003	2.563043086027496e-11
3.584	2.5585384091710458e-11
3.5860000000000003	2.554033732314595e-11
3.588	2.5495290554581446e-11
3.5900000000000003	2.545024378601693e-11
3.592	2.540532000026374e-11
3.5940000000000003	2.5360396214510544e-11
3.596	2.5315472428757354e-11
3.5980000000000003	2.5270548643004158e-11
3.6	2.5225624857250968e-11
3.6020000000000003	2.5180818269277363e-11
3.604	2.5136011681303765e-11
3.606	2.509120509333017e-11
3.608	2.504639850535656e-11
3.61	2.5001591917382964e-11
3.612	2.495690310394312e-11
3.614	2.4912214290503288e-11
3.616	2.4867525477063445e-11
3.618	2.4822836663623612e-11
3.62	2.477814785018377e-11
3.622	2.4733577367673745e-11
3.624	2.468900688516371e-11
3.626	2.464443640265369e-11
3.628	2.4599865920143662e-11
3.63	2.4555295437633637e-11
3.632	2.45108438222724e-11
3.634	2.4466392206911177e-11
3.636	2.442194059154994e-11
3.638	2.4377488976188713e-11
3.64	2.4333037360827476e-11
3.642	2.4288705128854674e-11
3.644	2.424437289688186e-11
3.646	2.420004066490906e-11
3.648	2.415570843293625e-11
3.65	2.4111376200963447e-11
3.652	2.4067163848853957e-11
3.654	2.402295149674448e-11
3.656	2.3978739144634995e-11
3.658	2.3934526792525516e-11
3.66	2.3890314440416027e-11
3.662	2.3846222445112302e-11
3.664	2.3802130449808567e-11
3.666	2.375803845450484e-11
3.668	2.37139464592011e-11
3.67	2.3669854463897377e-11
3.672	2.3625883283059627e-11
3.674	2.3581912102221888e-11
3.676	2.3537940921384138e-11
3.678	2.34939697405464e-11
3.68	2.344999855970865e-11
3.682	2.340614863198393e-11
3.684	2.3362298704259198e-11
3.686	2.3318448776534475e-11
3.688	2.3274598848809746e-11
3.69	2.3230748921085024e-11
3.692	2.318702066639532e-11
3.694	2.3143292411705624e-11
3.696	2.3099564157015918e-11
3.698	2.3055835902326225e-11
3.7	2.301210764763652e-11
3.702	2.296850146748684e-11
3.704	2.2924895287337146e-11
3.706	2.2881289107187463e-11
3.708	2.283768292703777e-11
3.71	2.279407674688809e-11
3.712	2.2750593024694762e-11
3.714	2.2707109302501443e-11
3.716	2.2663625580308117e-11
3.718	2.2620141858114798e-11
3.72	2.257665813592147e-11
3.722	2.2533297237361708e-11
3.724	2.248993633880194e-11
3.726	2.244657544024218e-11
3.728	2.240321454168241e-11
3.73	2.235985364312265e-11
3.732	2.2316615916505657e-11
3.734	2.2273378189888676e-11
3.736	2.2230140463271682e-11
3.738	2.2186902736654698e-11
3.74	2.2143665010037704e-11
3.742	2.210055078669818e-11
3.744	2.205743656335865e-11
3.746	2.201432234001913e-11
3.748	2.19712081166796e-11
3.75	2.1928093893340075e-11
3.7520000000000002	2.1885103488054745e-11
3.754	2.1842113082769425e-11
3.7560000000000002	2.179912267748409e-11
3.758	2.1756132272198774e-11
3.7600000000000002	2.1713141866913444e-11
3.762	2.1670275578341415e-11
3.7640000000000002	2.1627409289769383e-11
3.766	2.1584543001197357e-11
3.7680000000000002	2.1541676712625325e-11
3.77	2.1498810424053296e-11
3.7720000000000002	2.1456068535200734e-11
3.774	2.141332664634818e-11
3.7760000000000002	2.1370584757495623e-11
3.778	2.1327842868643074e-11
3.7800000000000002	2.1285100979790508e-11
3.782	2.124248375850074e-11
3.7840000000000003	2.119986653721096e-11
3.786	2.1157249315921188e-11
3.7880000000000003	2.1114632094631408e-11
3.79	2.107201487334164e-11
3.7920000000000003	2.1029522572810993e-11
3.794	2.098703027228036e-11
3.7960000000000003	2.094453797174971e-11
3.798	2.0902045671219076e-11
3.8000000000000003	2.0859553370688432e-11
3.802	2.081718623000915e-11
3.8040000000000003	2.077481908932986e-11
3.806	2.0732451948650585e-11
3.8080000000000003	2.0690084807971296e-11
3.81	2.0647717667292017e-11
3.8120000000000003	2.060547591202254e-11
3.814	2.0563234156753072e-11
3.8160000000000003	2.052099240148359e-11
3.818	2.047875064621412e-11
3.8200000000000003	2.0436508890944644e-11
3.822	2.039439273265256e-11
3.8240000000000003	2.0352276574360463e-11
3.826	2.0310160416068385e-11
3.8280000000000003	2.0268044257776288e-11
3.83	2.0225928099484207e-11
3.8320000000000003	2.0183937740643145e-11
3.834	2.0141947381802092e-11
3.8360000000000003	2.009995702296103e-11
3.838	2.0057966664119977e-11
3.8400000000000003	2.0015976305278914e-11
3.842	1.9974111933454908e-11
3.8440000000000003	1.9932247561630896e-11
3.846	1.9890383189806886e-11
3.8480000000000003	1.9848518817982873e-11
3.85	1.9806654446158867e-11
3.8520000000000003	1.9764916239061322e-11
3.854	1.9723178031963787e-11
3.8560000000000003	1.9681439824866246e-11
3.858	1.963970161776871e-11
3.86	1.959796341067118e-11
3.862	1.9556351535772232e-11
3.864	1.9514739660873305e-11
3.866	1.9473127785974365e-11
3.868	1.9431515911075432e-11
3.87	1.9389904036176492e-11
3.872	1.9348418651465706e-11
3.874	1.9306933266754913e-11
3.876	1.9265447882044126e-11
3.878	1.9223962497333334e-11
3.88	1.9182477112622554e-11
3.882	1.9141118367395594e-11
3.884	1.909975962216865e-11
3.886	1.90584008769417e-11
3.888	1.9017042131714752e-11
3.89	1.8975683386487796e-11
3.892	1.8934451422170415e-11
3.894	1.8893219457853024e-11
3.896	1.885198749353564e-11
3.898	1.8810755529218246e-11
3.9	1.8769523564900862e-11
3.902	1.872841851590885e-11
3.904	1.8687313466916843e-11
3.906	1.8646208417924826e-11
3.908	1.8605103368932823e-11
3.91	1.8563998319940807e-11
3.912	1.8523020314577484e-11
3.914	1.8482042309214152e-11
3.916	1.8441064303850826e-11
3.918	1.8400086298487494e-11
3.92	1.835910829312417e-11
3.922	1.8318257454516088e-11
3.924	1.8277406615908017e-11
3.926	1.8236555777299936e-11
3.928	1.8195704938691862e-11
3.93	1.8154854100083782e-11
3.932	1.811413054715617e-11
3.934	1.8073406994228552e-11
3.936	1.803268344130094e-11
3.938	1.799195988837332e-11
3.94	1.7951236335445707e-11
3.942	1.7910640183938635e-11
3.944	1.7870044032431566e-11
3.946	1.7829447880924494e-11
3.948	1.7788851729417425e-11
3.95	1.7748255577910353e-11
3.952	1.7707786941437e-11
3.954	1.7667318304963644e-11
3.956	1.7626849668490292e-11
3.958	1.7586381032016933e-11
3.96	1.7545912395543583e-11
3.962	1.7505571386691765e-11
3.964	1.7465230377839956e-11
3.966	1.7424889368988137e-11
3.968	1.7384548360136325e-11
3.97	1.7344207351284507e-11
3.972	1.7303994082762893e-11
3.974	1.7263780814241273e-11
3.976	1.7223567545719653e-11
3.978	1.7183354277198033e-11
3.98	1.714314100867642e-11
3.982	1.7103055594506646e-11
3.984	1.706297018033688e-11
3.986	1.70228847661671e-11
3.988	1.6982799351997332e-11
3.99	1.694271393782756e-11
3.992	1.690275649443761e-11
3.994	1.686279905104766e-11
3.996	1.682284160765771e-11
3.998	1.6782884164267756e-11
4.	1.674292672087781e-11
4.002	1.670309736881796e-11
4.004	1.6663268016758107e-11
4.006	1.6623438664698236e-11
4.008	1.6583609312638388e-11
4.01	1.6543779960578536e-11
4.012	1.6504078825615742e-11
4.014	1.646437769065293e-11
4.016	1.642467655569014e-11
4.018	1.638497542072735e-11
4.02	1.6345274285764554e-11
4.021999999999999	1.6305701499901937e-11
4.024	1.62661287140393e-11
4.026	1.6226555928176684e-11
4.028	1.6186983142314063e-11
4.029999999999999	1.6147410356451447e-11
4.032	1.6107966059867034e-11
4.034	1.6068521763282644e-11
4.036	1.602907746669825e-11
4.037999999999999	1.5989633170113857e-11
4.04	1.5950188873529448e-11
4.042	1.591087321591355e-11
4.044	1.587155755829765e-11
4.045999999999999	1.5832241900681752e-11
4.048	1.5792926243065838e-11
4.05	1.575361058544994e-11
4.052	1.5714423727560286e-11
4.053999999999999	1.5675236869670632e-11
4.056	1.5636050011780963e-11
4.058	1.559686315389131e-11
4.06	1.5557676296001656e-11
4.061999999999999	1.551861841127696e-11
4.064	1.5479560526552245e-11
4.066	1.5440502641827547e-11
4.068	1.540144475710285e-11
4.069999999999999	1.5362386872378152e-11
4.072	1.5323458148611532e-11
4.074	1.5284529424844924e-11
4.076	1.524560070107832e-11
4.077999999999999	1.5206671977311715e-11
4.08	1.516774325354509e-11
4.082	1.5128943894619305e-11
4.084	1.509014453569352e-11
4.085999999999999	1.5051345176767734e-11
4.088	1.501254581784193e-11
4.09	1.4973746458916145e-11
4.092	1.4935076686602343e-11
4.093999999999999	1.4896406914288542e-11
4.096	1.4857737141974724e-11
4.098	1.4819067369660923e-11
4.1	1.4780397597347122e-11
4.101999999999999	1.4741857653169165e-11
4.104	1.4703317708991192e-11
4.106	1.466477776481324e-11
4.108	1.462623782063528e-11
4.109999999999999	1.4587697876457322e-11
4.112	1.4549288023623285e-11
4.114	1.4510878170789265e-11
4.116	1.4472468317955244e-11
4.117999999999999	1.4434058465121224e-11
4.119999999999999	1.4395648612287203e-11
4.122	1.4357369137690392e-11
4.124	1.4319089663093599e-11
4.1259999999999994	1.4280810188496807e-11
4.127999999999999	1.4242530713900014e-11
4.13	1.4204251239303203e-11
4.132	1.4166102455594375e-11
4.1339999999999995	1.4127953671885547e-11
4.135999999999999	1.4089804888176719e-11
4.138	1.4051656104467874e-11
4.14	1.4013507320759046e-11
4.1419999999999995	1.3975489568491991e-11
4.143999999999999	1.3937471816224936e-11
4.146	1.3899454063957862e-11
4.148	1.3861436311690807e-11
4.1499999999999995	1.3823418559423752e-11
4.151999999999999	1.378553220927651e-11
4.154	1.3747645859129249e-11
4.156	1.3709759508982007e-11
4.1579999999999995	1.3671873158834762e-11
4.159999999999999	1.3633986808687521e-11
4.162	1.3596232263761148e-11
4.164	1.3558477718834792e-11
4.1659999999999995	1.3520723173908435e-11
4.167999999999999	1.3482968628982082e-11
4.17	1.3445214084055707e-11
4.172	1.3407591782253008e-11
4.1739999999999995	1.3369969480450307e-11
4.175999999999999	1.3332347178647604e-11
4.178	1.3294724876844887e-11
4.18	1.3257102575042188e-11
4.1819999999999995	1.3219612991528386e-11
4.183999999999999	1.3182123408014585e-11
4.186	1.3144633824500769e-11
4.188	1.3107144240986967e-11
4.1899999999999995	1.3069654657473167e-11
4.191999999999999	1.3032298307221265e-11
4.194	1.2994941956969349e-11
4.196	1.2957585606717448e-11
4.1979999999999995	1.2920229256465548e-11
4.199999999999999	1.2882872906213648e-11
4.202	1.284565034663638e-11
4.204	1.2808427787059132e-11
4.2059999999999995	1.2771205227481883e-11
4.207999999999999	1.2733982667904634e-11
4.21	1.2696760108327369e-11
4.212	1.2659671941998638e-11
4.2139999999999995	1.2622583775669905e-11
4.215999999999999	1.2585495609341176e-11
4.218	1.2548407443012427e-11
4.22	1.2511319276683696e-11
4.2219999999999995	1.2474366154151427e-11
4.223999999999999	1.2437413031619159e-11
4.226	1.2400459909086872e-11
4.228	1.2363506786554604e-11
4.2299999999999995	1.2326553664022337e-11
4.231999999999999	1.2289736286715903e-11
4.234	1.2252918909409452e-11
4.236	1.221610153210302e-11
4.2379999999999995	1.2179284154796583e-11
4.239999999999999	1.214246677749015e-11
4.242	1.2105785900724518e-11
4.244	1.2069105023958899e-11
4.2459999999999996	1.2032424147193282e-11
4.247999999999999	1.1995743270427664e-11
4.25	1.195906239366203e-11
4.252	1.192251882974172e-11
4.254	1.188597526582141e-11
4.255999999999999	1.18494317019011e-11
4.258	1.1812888137980774e-11
4.26	1.1776344574060464e-11
4.262	1.1739939195485704e-11
4.263999999999999	1.1703533816910947e-11
4.266	1.166712843833617e-11
4.268	1.1630723059761413e-11
4.27	1.1594317681186653e-11
4.271999999999999	1.1558051423965052e-11
4.274	1.1521785166743434e-11
4.276	1.1485518909521831e-11
4.278	1.1449252652300229e-11
4.279999999999999	1.1412986395078629e-11
4.282	1.1376860262145094e-11
4.284	1.1340734129211578e-11
4.286	1.1304607996278062e-11
4.287999999999999	1.1268481863344546e-11
4.29	1.1232355730411013e-11
4.292	1.1196370795159384e-11
4.294	1.1160385859907754e-11
4.295999999999999	1.1124400924656125e-11
4.298	1.108841598940448e-11
4.3	1.105243105415285e-11
4.302	1.1016588464082286e-11
4.303999999999999	1.0980745874011718e-11
4.306	1.0944903283941136e-11
4.308	1.0909060693870569e-11
4.31	1.0873218103800003e-11
4.311999999999999	1.0837519084280067e-11
4.314	1.0801820064760114e-11
4.316	1.0766121045240175e-11
4.318	1.0730422025720237e-11
4.319999999999999	1.06947230062003e-11
4.322	1.0659168864358508e-11
4.324	1.0623614722516732e-11
4.326	1.0588060580674958e-11
4.327999999999999	1.0552506438833182e-11
4.33	1.051695229699139e-11
4.332	1.0481544425727589e-11
4.334	1.0446136554463787e-11
4.335999999999999	1.0410728683199986e-11
4.338	1.0375320811936168e-11
4.34	1.0339912940672369e-11
4.342	1.0304652822804686e-11
4.343999999999999	1.0269392704937007e-11
4.346	1.0234132587069308e-11
4.348	1.0198872469201629e-11
4.35	1.0163612351333947e-11
4.351999999999999	1.0128501563881337e-11
4.354	1.009339077642871e-11
4.356	1.0058279988976099e-11
4.358	1.0023169201523488e-11
4.359999999999999	9.988058414070877e-12
4.362	9.953098632680587e-12
4.364	9.918138851290311e-12
4.366	9.883179069900037e-12
4.367999999999999	9.848219288509762e-12
4.37	9.813259507119471e-12
4.372	9.778452510642628e-12
4.374	9.743645514165784e-12
4.3759999999999994	9.70883851768894e-12
4.377999999999999	9.674031521212097e-12
4.38	9.639224524735237e-12
4.382	9.604572199964369e-12
4.3839999999999995	9.569919875193501e-12
4.385999999999999	9.535267550422635e-12
4.388	9.500615225651749e-12
4.39	9.465962900880881e-12
4.3919999999999995	9.431467247456375e-12
4.393999999999999	9.396971594031867e-12
4.396	9.362475940607345e-12
4.398	9.327980287182837e-12
4.3999999999999995	9.29348463375833e-12
4.401999999999999	9.259142911256125e-12
4.404	9.224801188753905e-12
4.406	9.1904594662517e-12
4.4079999999999995	9.156117743749494e-12
4.409999999999999	9.12177602124729e-12
4.412	9.087587104498997e-12
4.414	9.053398187750721e-12
4.4159999999999995	9.019209271002443e-12
4.417999999999999	8.985020354254166e-12
4.42	8.950831437505875e-12
4.422	8.916799851787635e-12
4.4239999999999995	8.882768266069393e-12
4.425999999999999	8.848736680351155e-12
4.428	8.814705094632898e-12
4.43	8.780673508914658e-12
4.4319999999999995	8.746803799569314e-12
4.433999999999999	8.712934090223968e-12
4.436	8.679064380878606e-12
4.438	8.64519467153326e-12
4.4399999999999995	8.611324962187914e-12
4.441999999999999	8.577621694578393e-12
4.444	8.543918426968858e-12
4.446	8.510215159359337e-12
4.4479999999999995	8.476511891749816e-12
4.449999999999999	8.442808624140295e-12
4.452	8.409276383610459e-12
4.454	8.375744143080639e-12
4.4559999999999995	8.342211902550818e-12
4.457999999999999	8.308679662020996e-12
4.46	8.275147421491162e-12
4.462	8.241790813334444e-12
4.4639999999999995	8.208434205177727e-12
4.465999999999999	8.175077597021009e-12
4.468	8.141720988864277e-12
4.47	8.108364380707561e-12
4.4719999999999995	8.075188030144061e-12
4.473999999999999	8.042011679580562e-12
4.476	8.008835329017048e-12
4.478	7.97565897845355e-12
4.4799999999999995	7.942482627890051e-12
4.481999999999999	7.90949118005251e-12
4.484	7.876499732214956e-12
4.486	7.843508284377416e-12
4.4879999999999995	7.810516836539876e-12
4.489999999999999	7.777525388702336e-12
4.492	7.744723508631735e-12
4.494	7.711921628561147e-12
4.4959999999999996	7.679119748490559e-12
4.497999999999999	7.646317868419973e-12
4.5	7.61351598834937e-12
4.502	7.580908361000527e-12
4.504	7.548300733651684e-12
4.505999999999999	7.51569310630284e-12
4.508	7.483085478953983e-12
4.51	7.45047785160514e-12
4.512	7.418069181862967e-12
4.513999999999999	7.385660512120794e-12
4.516	7.353251842378607e-12
4.518	7.320843172636435e-12
4.52	7.288434502894262e-12
4.521999999999999	7.256229515601468e-12
4.524	7.22402452830866e-12
4.526	7.1918195410158654e-12
4.528	7.159614553723073e-12
4.529999999999999	7.127409566430279e-12
4.532	7.095413006426961e-12
4.534	7.063416446423657e-12
4.536	7.031419886420353e-12
4.537999999999999	6.999423326417049e-12
4.54	6.967426766413731e-12
4.542	6.935643398589758e-12
4.544	6.9038600307657846e-12
4.545999999999999	6.872076662941811e-12
4.548	6.8402932951178245e-12
4.55	6.8085099272938506e-12
4.552	6.776944536654484e-12
4.553999999999999	6.745379146015116e-12
4.556	6.713813755375735e-12
4.558	6.6822483647363676e-12
4.56	6.650682974097e-12
4.561999999999999	6.619340365842735e-12
4.564	6.587997757588457e-12
4.566	6.556655149334192e-12
4.568	6.5253125410799275e-12
4.569999999999999	6.493969932825663e-12
4.572	6.462854932446887e-12
4.574	6.4317399320681244e-12
4.576	6.400624931689363e-12
4.577999999999999	6.3695099313106e-12
4.58	6.338394930931824e-12
4.582	6.307512384319108e-12
4.584	6.276629837706393e-12
4.585999999999999	6.245747291093676e-12
4.588	6.2148647444809475e-12
4.59	6.183982197868232e-12
4.592	6.1533369714389996e-12
4.593999999999999	6.122691745009767e-12
4.596	6.092046518580519e-12
4.598	6.061401292151287e-12
4.6	6.030756065722054e-12
4.601999999999999	6.000353046564463e-12
4.604	5.96995002740686e-12
4.606	5.939547008249269e-12
4.608	5.909143989091679e-12
4.609999999999999	5.8787409699340885e-12
4.612	5.848585065968847e-12
4.614	5.8184291620036195e-12
4.616	5.788273258038391e-12
4.617999999999999	5.7581173540731635e-12
4.62	5.727961450107923e-12
4.622	5.698057590268945e-12
4.624	5.668153730429968e-12
4.6259999999999994	5.6382498705909905e-12
4.628	5.608346010752e-12
4.63	5.578442150913022e-12
4.632	5.548795285347512e-12
4.6339999999999995	5.519148419782002e-12
4.635999999999999	5.489501554216492e-12
4.638	5.459854688650969e-12
4.64	5.430207823085458e-12
4.6419999999999995	5.400822923374288e-12
4.643999999999999	5.3714380236631175e-12
4.646	5.342053123951935e-12
4.648	5.312668224240765e-12
4.6499999999999995	5.283283324529595e-12
4.651999999999999	5.254165383928678e-12
4.654	5.225047443327748e-12
4.656	5.195929502726831e-12
4.6579999999999995	5.166811562125914e-12
4.659999999999999	5.1376936215249974e-12
4.662	5.10884765522823e-12
4.664	5.080001688931474e-12
4.6659999999999995	5.0511557226347195e-12
4.667999999999999	5.022309756337963e-12
4.67	4.993463790041196e-12
4.672	4.964894835465554e-12
4.6739999999999995	4.9363258808899136e-12
4.675999999999999	4.907756926314273e-12
4.678	4.879187971738619e-12
4.68	4.8506190171629775e-12
4.6819999999999995	4.822332134256069e-12
4.683999999999999	4.794045251349161e-12
4.686	4.7657583684422405e-12
4.688	4.737471485535332e-12
4.6899999999999995	4.709184602628424e-12
4.691999999999999	4.681184874199097e-12
4.694	4.653185145769757e-12
4.696	4.62518541734043e-12
4.6979999999999995	4.597185688911102e-12
4.699999999999999	4.569185960481776e-12
4.702	4.541478492545819e-12
4.704	4.513771024609876e-12
4.7059999999999995	4.486063556673932e-12
4.707999999999999	4.458356088737989e-12
4.71	4.4306486208020325e-12
4.712	4.403238542989349e-12
4.7139999999999995	4.375828465176665e-12
4.715999999999999	4.348418387363981e-12
4.718	4.3210083095512855e-12
4.72	4.293598231738602e-12
4.7219999999999995	4.26649069764331e-12
4.723999999999999	4.2393831635480195e-12
4.726	4.212275629452717e-12
4.728	4.185168095357426e-12
4.7299999999999995	4.158060561262135e-12
4.731999999999999	4.131260748895086e-12
4.734	4.104460936528023e-12
4.736	4.077661124160973e-12
4.7379999999999995	4.050861311793923e-12
4.739999999999999	4.0240614994268735e-12
4.742	3.997574611646122e-12
4.744	3.971087723865383e-12
4.7459999999999996	3.944600836084645e-12
4.747999999999999	3.918113948303906e-12
4.75	3.8916270605231554e-12
4.752	3.865458325490505e-12
4.754	3.839289590457855e-12
4.755999999999999	3.813120855425205e-12
4.758	3.786952120392542e-12
4.76	3.760783385359892e-12
4.762	3.734938057011741e-12
4.763999999999999	3.709092728663591e-12
4.766	3.683247400315429e-12
4.768	3.657402071967278e-12
4.77	3.6315567436191272e-12
4.771999999999999	3.6060401021475587e-12
4.774	3.580523460675978e-12
4.776	3.555006819204409e-12
4.778	3.5294901777328398e-12
4.779999999999999	3.5039735362612713e-12
4.782	3.4787908885998227e-12
4.784	3.453608240938385e-12
4.786	3.428425593276947e-12
4.787999999999999	3.4032429456155094e-12
4.79	3.378060297954061e-12
4.792	3.353216978260723e-12
4.794	3.3283736585673846e-12
4.795999999999999	3.303530338874046e-12
4.798	3.278687019180697e-12
4.8	3.2538436994873588e-12
4.802	3.229345069615389e-12
4.803999999999999	3.2048464397434196e-12
4.806	3.1803478098714396e-12
4.808	3.1558491799994696e-12
4.81	3.1313505501275e-12
4.811999999999999	3.107202000071601e-12
4.814	3.0830534500156916e-12
4.816	3.0589048999597927e-12
4.818	3.034756349903894e-12
4.819999999999999	3.0106077998479952e-12
4.822	2.986814748150048e-12
4.824	2.963021696452111e-12
4.826	2.9392286447541743e-12
4.827999999999999	2.9154355930562374e-12
4.83	2.89164254135829e-12
4.832	2.8682104354519814e-12
4.834	2.844778329545672e-12
4.835999999999999	2.821346223639363e-12
4.838	2.797914117733043e-12
4.84	2.7744820118267344e-12
4.842	2.7514163282948788e-12
4.843999999999999	2.728350644763023e-12
4.846	2.7052849612311574e-12
4.848	2.682219277699302e-12
4.85	2.659153594167446e-12
4.851999999999999	2.6364598388781126e-12
4.854	2.6137660835887684e-12
4.856	2.5910723282994344e-12
4.858	2.5683785730101003e-12
4.859999999999999	2.5456848177207667e-12
4.862	2.5233685257988048e-12
4.864	2.501052233876853e-12
4.866	2.4787359419549012e-12
4.867999999999999	2.456419650032949e-12
4.87	2.434103358110987e-12
4.872	2.4121700936888303e-12
4.874	2.3902368292666734e-12
4.8759999999999994	2.3683035648445166e-12
4.878	2.3463703004223504e-12
4.88	2.324437036000193e-12
4.882	2.302892391675467e-12
4.8839999999999995	2.28134774735074e-12
4.885999999999999	2.259803103026014e-12
4.888	2.2382584587012778e-12
4.89	2.2167138143765512e-12
4.8919999999999995	2.1955634102828816e-12
4.893999999999999	2.1744130061892125e-12
4.896	2.1532626020955336e-12
4.898	2.132112198001864e-12
4.8999999999999995	2.1109617939081944e-12
4.901999999999999	2.090211276276611e-12
4.904	2.0694607586450184e-12
4.906	2.0487102410134345e-12
4.9079999999999995	2.027959723381851e-12
4.909999999999999	2.0072092057502674e-12
4.912	1.986864244801357e-12
4.914	1.966519283852456e-12
4.9159999999999995	1.9461743229035552e-12
4.917999999999999	1.925829361954654e-12
4.92	1.905484401005744e-12
4.922	1.8855506879617015e-12
4.9239999999999995	1.865616974917659e-12
4.925999999999999	1.845683261873617e-12
4.928	1.8257495488295654e-12
4.93	1.8058158357855229e-12
4.9319999999999995	1.7862990787223471e-12
4.933999999999999	1.7667823216591712e-12
4.936	1.7472655645959864e-12
4.938	1.7277488075328106e-12
4.9399999999999995	1.7082320504696347e-12
4.941999999999999	1.6891379686363116e-12
4.944	1.6700438868029802e-12
4.946	1.6509498049696571e-12
4.9479999999999995	1.631855723136334e-12
4.949999999999999	1.6127616413030112e-12
4.952	1.5940959574041328e-12
4.954	1.575430273505263e-12
4.9559999999999995	1.5567645896063932e-12
4.957999999999999	1.5380989057075235e-12
4.96	1.5194332218086453e-12
4.962	1.501201651565125e-12
4.9639999999999995	1.4829700813216046e-12
4.965999999999999	1.4647385110780842e-12
4.968	1.4465069408345558e-12
4.97	1.4282753705910357e-12
4.9719999999999995	1.4104836086405396e-12
4.973999999999999	1.392691846690044e-12
4.976	1.37490008473954e-12
4.978	1.3571083227890443e-12
4.9799999999999995	1.3393165608385482e-12
4.981999999999999	1.3219702616606918e-12
4.984	1.3046239624828275e-12
4.986	1.2872776633049713e-12
4.9879999999999995	1.2699313641271146e-12
4.989999999999999	1.2525850649492584e-12
4.992	1.235689816965555e-12
4.994	1.218794568981859e-12
4.9959999999999996	1.2018993209981636e-12
4.997999999999999	1.185004073014468e-12
5.	1.168108825030765e-12
5.002	1.1516701152579728e-12
5.004	1.1352314054851804e-12
5.005999999999999	1.1187926957123883e-12
5.008	1.1023539859395887e-12
5.01	1.0859152761667966e-12
5.012	1.0699384415530538e-12
5.013999999999999	1.0539616069393113e-12
5.016	1.0379847723255616e-12
5.018	1.0220079377118188e-12
5.02	1.0060311030980763e-12
5.021999999999999	9.905212628753431e-13
5.024	9.750114226526031e-13
5.026	9.5950158242987e-13
5.028	9.439917422071368e-13
5.029999999999999	9.284819019844036e-13
5.032	9.134427311623265e-13
5.034	8.984035603402562e-13
5.036	8.833643895181857e-13
5.037999999999999	8.683252186961154e-13
5.04	8.532860478740382e-13
5.042	8.387088537094132e-13
5.044	8.241316595447882e-13
5.045999999999999	8.095544653801633e-13
5.048	7.949772712155318e-13
5.05	7.804000770509068e-13
5.052	7.662840331052016e-13
5.053999999999999	7.521679891594962e-13
5.056	7.380519452137846e-13
5.058	7.239359012680793e-13
5.06	7.09819857322374e-13
5.061999999999999	6.961709750376869e-13
5.064	6.825220927529936e-13
5.066	6.688732104683064e-13
5.068	6.552243281836192e-13
5.069999999999999	6.41575445898932e-13
5.072	6.283982992212473e-13
5.074	6.152211525435683e-13
5.076	6.020440058658894e-13
5.077999999999999	5.888668591882106e-13
5.08	5.756897125105257e-13
5.082	5.629867210417136e-13
5.084	5.502837295729014e-13
5.085999999999999	5.375807381040891e-13
5.088	5.248777466352713e-13
5.09	5.121747551664591e-13
5.092	4.999450153074631e-13
5.093999999999999	4.87715275448467e-13
5.096	4.754855355894655e-13
5.098	4.632557957304694e-13
5.1	4.5102605587147333e-13
5.101999999999999	4.392633389103157e-13
5.104	4.275006219491528e-13
5.106	4.157379049879951e-13
5.108	4.0397518802683737e-13
5.109999999999999	3.922124710656797e-13
5.112	3.809015760490907e-13
5.114	3.6959068103250676e-13
5.116	3.582797860159228e-13
5.117999999999999	3.4696889099933886e-13
5.12	3.3565799598274986e-13
5.122	3.247675501023509e-13
5.124	3.138771042219519e-13
5.1259999999999994	3.02986658341553e-13
5.128	2.920962124611492e-13
5.13	2.812057665807502e-13
5.132	2.706723721807347e-13
5.1339999999999995	2.601389777807192e-13
5.136	2.49605583380699e-13
5.138	2.3907218898068355e-13
5.14	2.28538794580668e-13
5.1419999999999995	2.182260886148884e-13
5.143999999999999	2.0791338264910868e-13
5.146	1.976006766833244e-13
5.148	1.8728797071754475e-13
5.1499999999999995	1.7697526475176507e-13
5.151999999999999	1.665364939324074e-13
5.154	1.5609772311304505e-13
5.156	1.4565895229368736e-13
5.1579999999999995	1.3522018147432968e-13
5.159999999999999	1.24781410654972e-13
5.162	1.1284100685967475e-13
5.164	1.0090060306438212e-13
5.1659999999999995	8.896019926908951e-14
5.167999999999999	7.701979547379688e-14
5.17	6.507939167849898e-14
5.172	5.206351334280033e-14
5.1739999999999995	3.904763500710169e-14
5.175999999999999	2.6031756671403057e-14
5.178	1.3015878335698638e-14
5.18	0.
5.1819999999999995	0.
5.183999999999999	0.
5.186	0.
5.188	0.
5.1899999999999995	0.
5.191999999999999	0.
5.194	0.
5.196	0.
5.1979999999999995	0.
5.199999999999999	0.
5.202	0.
5.204	0.
5.2059999999999995	0.
5.207999999999999	0.
5.21	0.
5.212	0.
5.2139999999999995	0.
5.215999999999999	0.
5.218	0.
5.22	0.
5.2219999999999995	0.
5.223999999999999	0.
5.226	0.
5.228	0.
5.2299999999999995	0.
5.231999999999999	0.
5.234	0.
5.236	0.
5.2379999999999995	0.
5.239999999999999	0.
5.242	0.
5.244	0.
5.2459999999999996	0.
5.247999999999999	0.
5.25	0.
5.252	0.
5.254	0.
5.255999999999999	0.
5.258	0.
5.26	0.
5.262	0.
5.263999999999999	0.
5.266	0.
5.268	0.
5.27	0.
5.271999999999999	0.
5.274	0.
5.276	0.
5.278	0.
5.279999999999999	0.
5.282	0.
5.284	0.
5.286	0.
5.287999999999999	0.
5.29	0.
5.292	0.
5.294	0.
5.295999999999999	0.
5.298	0.
5.3	0.
5.302	0.
5.303999999999999	0.
5.306	0.
5.308	0.
5.31	0.
5.311999999999999	0.
5.314	0.
5.316	0.
5.318	0.
5.319999999999999	0.
5.322	0.
5.324	0.
5.326	0.
5.327999999999999	0.
5.33	0.
5.332	0.
5.334	0.
5.335999999999999	0.
5.338	0.
5.34	0.
5.342	0.
5.343999999999999	0.
5.346	0.
5.348	0.
5.35	0.