0.02	0.004731430743243923
0.022	0.005662680018025409
0.024	0.006681142147731083
0.026000000000000002	0.007786415166109582
0.028	0.008978062589438085
0.03	0.010255613502563382
0.032	0.011618562716064092
0.034	0.013066370854428968
0.036000000000000004	0.014598464513152037
0.038000000000000006	0.01621423638216105
0.04	0.01791304543735864
0.041999999999999996	0.019694217025233884
0.044	0.02155704310754081
0.046	0.023500782399857936
0.048	0.025524660564604663
0.05	0.02762787040787753
0.052000000000000005	0.029809572077331228
0.054000000000000006	0.03206889327990915
0.05600000000000001	0.034404929497786625
0.057999999999999996	0.036816744220127914
0.06	0.039303369177261446
0.062	0.04186380459227151
0.064	0.04449701943084896
0.066	0.04720195166711494
0.068	0.04997750855551408
0.07	0.052822566911725564
0.07200000000000001	0.05573597340194037
0.074	0.058716544841035084
0.076	0.06176306849940991
0.078	0.06487430241799144
0.08	0.06804897573297629
0.082	0.07128578900770428
0.084	0.07458341457479473
0.08600000000000001	0.07794049688545018
0.08800000000000001	0.0813556528680787
0.09000000000000001	0.08482747229602665
0.09200000000000001	0.08835451816307512
0.094	0.09193532706805856
0.096	0.09556840960802854
0.098	0.09925225078004482
0.1	0.10298531039172093
0.10200000000000001	0.10676602348001743
0.10400000000000001	0.11059280073938277
0.10600000000000001	0.11446402895782973
0.108	0.11837807146213175
0.11	0.12233326857126935
0.112	0.12632793805889742
0.114	0.13036037562426323
0.116	0.13442885537159988
0.11800000000000001	0.13853163029863533
0.12000000000000001	0.14266693279326045
0.12200000000000001	0.1468329751390635
0.12400000000000001	0.15102795002949665
0.126	0.15525003109064334
0.128	0.15949737341264575
0.13	0.16376811408984326
0.132	0.16806037276917163
0.134	0.1723722522080845
0.136	0.17670183883988339
0.138	0.1810472033489021
0.13999999999999999	0.18540640125347066
0.142	0.1897932907114606
0.144	0.19418018016945046
0.146	0.19856706962744036
0.148	0.20295395908543024
0.15	0.20734084854342014
0.152	0.21173703851680178
0.154	0.21613322849018346
0.156	0.22052941846356514
0.158	0.22492560843694676
0.16	0.2293217984103284
0.162	0.23367600657685555
0.164	0.23803021474338268
0.16599999999999998	0.24238442290990972
0.16799999999999998	0.24673863107643687
0.16999999999999998	0.25109283924296394
0.172	0.25535285101901034
0.174	0.2596128627950567
0.176	0.263872874571103
0.178	0.2681328863471494
0.18	0.2723928981231958
0.182	0.27650601222265736
0.184	0.28061912632211883
0.186	0.2847322404215804
0.188	0.288845354521042
0.19	0.2929584686205035
0.192	0.2968719696131243
0.194	0.30078547060574506
0.19599999999999998	0.3046989715983658
0.19799999999999998	0.30861247259098656
0.19999999999999998	0.3125259735836073
0.20199999999999999	0.31618763145926054
0.204	0.3198492893349138
0.206	0.3235109472105671
0.208	0.32717260508622037
0.21	0.3308342629618736
0.212	0.33419285969800516
0.214	0.33755145643413664
0.216	0.3409100531702682
0.218	0.34426864990639977
0.22	0.3476272466425312
0.222	0.35063312977562117
0.224	0.35363901290871114
0.226	0.35664489604180105
0.228	0.359650779174891
0.22999999999999998	0.3626566623079808
0.23199999999999998	0.36526232550793575
0.23399999999999999	0.3678679887078905
0.236	0.37047365190784537
0.238	0.3730793151078001
0.24	0.37568497830775505
0.242	0.37784566895708616
0.244	0.3800063596064174
0.246	0.3821670502557486
0.248	0.38432774090507976
0.25	0.386488431554411
0.252	0.38816278532995663
0.254	0.3898371391055023
0.256	0.3915114928810478
0.258	0.39318584665659345
0.26	0.39486020043213915
0.262	0.3960109028911904
0.264	0.39716160535024153
0.266	0.3983123078092928
0.268	0.3994630102683439
0.27	0.4006137127273951
0.272	0.40120818789717433
0.274	0.40180266306695356
0.276	0.4023971382367327
0.278	0.4029916134065119
0.28	0.403586088576291
0.28200000000000003	0.40359721454715747
0.28400000000000003	0.40360834051802386
0.28600000000000003	0.40361946648889013
0.28800000000000003	0.40363059245975663
0.29000000000000004	0.403641718430623
0.29200000000000004	0.403048569952921
0.29400000000000004	0.40245542147521907
0.29600000000000004	0.4018622729975172
0.29800000000000004	0.40126912451981517
0.30000000000000004	0.4006759760421132
0.30200000000000005	0.39946459412666563
0.30400000000000005	0.39825321221121807
0.30600000000000005	0.39704183029577056
0.30800000000000005	0.39583044838032305
0.31	0.39461906646487543
0.312	0.3927832549871815
0.314	0.3909474435094873
0.316	0.3891116320317932
0.318	0.3872758205540991
0.32	0.385440009076405
0.322	0.38298215838420513
0.324	0.3805243076920052
0.326	0.3780664569998053
0.328	0.3756086063076054
0.33	0.37315075561540545
0.332	0.37008269314054437
0.334	0.36701463066568324
0.336	0.36394656819082205
0.338	0.3608785057159609
0.34	0.35781044324109984
0.342	0.35415431111414575
0.34400000000000003	0.3504981789871917
0.34600000000000003	0.3468420468602376
0.34800000000000003	0.3431859147332835
0.35000000000000003	0.33952978260632943
0.35200000000000004	0.3353189422757216
0.35400000000000004	0.3311081019451138
0.35600000000000004	0.326897261614506
0.35800000000000004	0.3226864212838982
0.36000000000000004	0.31847558095329037
0.36200000000000004	0.31375554480710516
0.36400000000000005	0.30903550866092006
0.36600000000000005	0.3043154725147349
0.36800000000000005	0.29959543636854974
0.37000000000000005	0.2948754002223645
0.372	0.2897047902148856
0.374	0.2845341802074064
0.376	0.2793635701999273
0.378	0.2741929601924482
0.38	0.269022350184969
0.382	0.26347388346600426
0.384	0.2579254167470394
0.386	0.25237695002807464
0.388	0.2468284833091098
0.39	0.241280016590145
0.392	0.23544151813833172
0.394	0.22960301968651853
0.396	0.22376452123470525
0.398	0.21792602278289203
0.4	0.21208752433107875
0.402	0.20606296659064388
0.404	0.20003840885020904
0.406	0.19401385110977423
0.40800000000000003	0.18798929336933934
0.41000000000000003	0.1819647356289045
0.41200000000000003	0.17587530515060693
0.41400000000000003	0.1697858746723093
0.41600000000000004	0.16369644419401166
0.41800000000000004	0.15760701371571406
0.42000000000000004	0.15151758323741643
0.42200000000000004	0.14550277432185893
0.42400000000000004	0.1394879654063014
0.42600000000000005	0.1334731564907439
0.42800000000000005	0.12745834757518634
0.43000000000000005	0.12144353865962883
0.43200000000000005	0.11566227400521638
0.43400000000000005	0.10988100935080394
0.43600000000000005	0.1040997446963915
0.438	0.0983184800419792
0.44	0.09253721538756676
0.442	0.08716899374087915
0.444	0.08180077209419158
0.446	0.07643255044750398
0.448	0.0710643288008164
0.45	0.06569610715412881
0.452	0.060942177961955814
0.454	0.05618824876978278
0.456	0.05143431957760975
0.458	0.04668039038543674
0.46	0.04192646119326372
0.462	0.03801102624789906
0.464	0.03409559130253441
0.466	0.030180156357169752
0.468	0.026264721411805095
0.47000000000000003	0.022349286466440438
0.47200000000000003	0.019520728468634604
0.47400000000000003	0.016692170470828768
0.47600000000000003	0.013863612473022934
0.47800000000000004	0.011035054475217103
0.48000000000000004	0.008206496477411267
0.48200000000000004	0.006738631276122268
0.48400000000000004	0.005270766074833268
0.48600000000000004	0.003802900873544268
0.48800000000000004	0.002335035672255268
0.49000000000000005	0.0008671704709662677
0.49200000000000005	0.0007282426859789219
0.49400000000000005	0.0005893149009915761
0.49600000000000005	0.0004503871160042302
0.49800000000000005	0.0003114593310168843
0.5	0.00017253154602954235
0.502	0.00017205107814272582
0.504	0.0001715706102559093
0.506	0.00017109014236909277
0.508	0.00017060967448227624
0.51	0.00017012920659545972
0.512	0.00016965870253338384
0.514	0.00016918819847130799
0.516	0.0001687176944092321
0.518	0.00016824719034715625
0.52	0.00016777668628508037
0.522	0.00016731656032961293
0.524	0.00016685643437414546
0.526	0.000166396308418678
0.528	0.00016593618246321052
0.53	0.00016547605650774305
0.532	0.00016502669054500665
0.534	0.00016457732458227033
0.536	0.00016412795861953395
0.538	0.0001636785926567976
0.54	0.0001632292266940612
0.542	0.00016279097065512993
0.544	0.00016235271461619862
0.546	0.0001619144585772674
0.548	0.0001614762025383361
0.55	0.0001610379464994048
0.552	0.0001606111162536586
0.554	0.00016018428600791238
0.556	0.00015975745576216616
0.558	0.00015933062551641997
0.56	0.00015890379527067373
0.562	0.0001584886736492643
0.5640000000000001	0.00015807355202785488
0.5660000000000001	0.00015765843040644546
0.5680000000000001	0.00015724330878503603
0.5700000000000001	0.0001568281871636266
0.5720000000000001	0.00015642502334719993
0.5740000000000001	0.00015602185953077325
0.5760000000000001	0.00015561869571434657
0.5780000000000001	0.00015521553189791986
0.5800000000000001	0.0001548123680814932
0.5820000000000001	0.00015442137747931307
0.5840000000000001	0.00015403038687713296
0.5860000000000001	0.00015363939627495286
0.5880000000000001	0.00015324840567277273
0.5900000000000001	0.0001528574150705926
0.5920000000000001	0.00015247877928910287
0.5940000000000001	0.00015210014350761308
0.5960000000000001	0.00015172150772612336
0.598	0.0001513428719446336
0.6	0.00015096423616314388
0.602	0.0001505981028890834
0.604	0.0001502319696150229
0.606	0.00014986583634096242
0.608	0.00014949970306690194
0.61	0.00014913356979284143
0.612	0.00014878005286342996
0.614	0.00014842653593401855
0.616	0.0001480730190046071
0.618	0.00014771950207519564
0.62	0.0001473659851457842
0.622	0.00014702516460424967
0.624	0.0001466843440627152
0.626	0.0001463435235211807
0.628	0.0001460027029796462
0.63	0.0001456618824381117
0.632	0.00014533380482242164
0.634	0.00014500572720673163
0.636	0.00014467764959104159
0.638	0.00014434957197535157
0.64	0.00014402149435966153
0.642	0.00014370617234421148
0.644	0.0001433908503287614
0.646	0.00014307552831331133
0.648	0.00014276020629786125
0.65	0.0001424448842824112
0.652	0.00014214229798293593
0.654	0.00014183971168346075
0.656	0.00014153712538398549
0.658	0.00014123453908451025
0.66	0.00014093195278503501
0.662	0.00014064204906103227
0.664	0.0001403521453370295
0.666	0.00014006224161302675
0.668	0.00013977233788902397
0.67	0.00013948243416502123
0.672	0.0001392051275139062
0.674	0.00013892782086279113
0.676	0.00013865051421167612
0.678	0.00013837320756056106
0.68	0.00013809590090944603
0.682	0.00013783107383681838
0.684	0.00013756624676419078
0.686	0.00013730141969156312
0.6880000000000001	0.0001370365926189355
0.6900000000000001	0.00013677176554630787
0.6920000000000001	0.00013651926908184406
0.6940000000000001	0.00013626677261738022
0.6960000000000001	0.0001360142761529164
0.6980000000000001	0.00013576177968845256
0.7000000000000001	0.00013550928322398874
0.7020000000000001	0.0001352689374566731
0.7040000000000001	0.00013502859168935749
0.7060000000000001	0.00013478824592204184
0.7080000000000001	0.00013454790015472623
0.7100000000000001	0.00013430755438741059
0.7120000000000001	0.000134079149235453
0.7140000000000001	0.00013385074408349537
0.7160000000000001	0.00013362233893153777
0.7180000000000001	0.00013339393377958015
0.7200000000000001	0.00013316552862762258
0.7220000000000001	0.00013294882449393095
0.724	0.00013273212036023934
0.726	0.00013251541622654776
0.728	0.00013229871209285613
0.73	0.00013208200795916452
0.732	0.00013187673653133298
0.734	0.00013167146510350143
0.736	0.00013146619367566988
0.738	0.00013126092224783833
0.74	0.0001310556508200068
0.742	0.0001308615159789981
0.744	0.00013066738113798944
0.746	0.00013047324629698076
0.748	0.00013027911145597207
0.75	0.0001300849766149634
0.752	0.00012990165538420502
0.754	0.00012971833415344663
0.756	0.00012953501292268827
0.758	0.00012935169169192988
0.76	0.0001291683704611715
0.762	0.00012899551404918106
0.764	0.00012882265763719062
0.766	0.0001286498012252002
0.768	0.00012847694481320975
0.77	0.00012830408840121927
0.772	0.00012814132332799406
0.774	0.00012797855825476888
0.776	0.00012781579318154367
0.778	0.0001276530281083185
0.78	0.0001274902630350933
0.782	0.00012733719234353795
0.784	0.0001271841216519826
0.786	0.00012703105096042725
0.788	0.00012687798026887192
0.79	0.00012672490957731658
0.792	0.0001265811141453562
0.794	0.00012643731871339584
0.796	0.00012629352328143547
0.798	0.0001261497278494751
0.8	0.00012600593241751472
0.802	0.00012587097237109414
0.804	0.00012573601232467358
0.806	0.000125601052278253
0.808	0.00012546609223183244
0.81	0.00012533113218541185
0.812	0.00012520454835067998
0.8140000000000001	0.00012507796451594814
0.8160000000000001	0.0001249513806812163
0.8180000000000001	0.00012482479684648446
0.8200000000000001	0.00012469821301175262
0.8220000000000001	0.00012457952869034358
0.8240000000000001	0.00012446084436893454
0.8260000000000001	0.00012434216004752547
0.8280000000000001	0.00012422347572611642
0.8300000000000001	0.00012410479140470738
0.8320000000000001	0.00012399351393493636
0.8340000000000001	0.00012388223646516536
0.8360000000000001	0.00012377095899539434
0.8380000000000001	0.00012365968152562332
0.8400000000000001	0.0001235484040558523
0.8420000000000001	0.00012344402680151072
0.8440000000000001	0.00012333964954716912
0.8460000000000001	0.00012323527229282758
0.8480000000000001	0.00012313089503848598
0.8500000000000001	0.00012302651778414443
0.8520000000000001	0.00012292852213687794
0.854	0.0001228305264896115
0.856	0.00012273253084234506
0.858	0.0001226345351950786
0.86	0.00012253653954781213
0.862	0.00012244439711529535
0.864	0.00012235225468277855
0.866	0.00012226011225026178
0.868	0.00012216796981774503
0.87	0.00012207582738522823
0.872	0.00012198900237516665
0.874	0.00012190217736510504
0.876	0.00012181535235504344
0.878	0.00012172852734498183
0.88	0.00012164170233492024
0.882	0.00012155965415704097
0.884	0.00012147760597916172
0.886	0.00012139555780128246
0.888	0.00012131350962340318
0.89	0.00012123146144552393
0.892	0.00012115364757435499
0.894	0.00012107583370318605
0.896	0.0001209980198320171
0.898	0.00012092020596084816
0.9	0.00012084239208967921
0.902	0.0001207682712587819
0.904	0.00012069415042788459
0.906	0.00012062002959698729
0.908	0.00012054590876608999
0.91	0.00012047178793519267
0.912	0.00012040082373146318
0.914	0.00012032985952773368
0.916	0.00012025889532400418
0.918	0.00012018793112027468
0.92	0.00012011696691654519
0.922	0.00012004863191685071
0.924	0.00011998029691715621
0.926	0.00011991196191746172
0.928	0.00011984362691776725
0.93	0.00011977529191807277
0.932	0.00011970907261629772
0.934	0.00011964285331452266
0.936	0.0001195766340127476
0.9380000000000001	0.00011951041471097254
0.9400000000000001	0.00011944419540919748
0.9420000000000001	0.00011937959826438161
0.9440000000000001	0.00011931500111956574
0.9460000000000001	0.00011925040397474986
0.9480000000000001	0.000119185806829934
0.9500000000000001	0.00011912120968511812
0.9520000000000001	0.00011905776912455804
0.9540000000000001	0.00011899432856399793
0.9560000000000001	0.00011893088800343783
0.9580000000000001	0.00011886744744287774
0.9600000000000001	0.00011880400688231764
0.9620000000000001	0.0001187412972464038
0.9640000000000001	0.00011867858761048997
0.9660000000000001	0.00011861587797457613
0.9680000000000001	0.00011855316833866229
0.9700000000000001	0.00011849045870274845
0.9720000000000001	0.00011842811931328614
0.9740000000000001	0.0001183657799238238
0.9760000000000001	0.0001183034405343615
0.9780000000000001	0.00011824110114489919
0.98	0.00011817876175543687
0.982	0.00011811653547779625
0.984	0.00011805430920015562
0.986	0.000117992082922515
0.988	0.00011792985664487436
0.99	0.00011786763036723374
0.992	0.00011780530714233988
0.994	0.00011774298391744601
0.996	0.00011768066069255215
0.998	0.00011761833746765831
1.	0.00011755601424276444
1.002	0.00011749337866392185
1.004	0.00011743074308507927
1.006	0.00011736810750623668
1.008	0.0001173054719273941
1.01	0.0001172428363485515
1.012	0.00011717966487991422
1.014	0.00011711649341127692
1.016	0.00011705332194263964
1.018	0.00011699015047400235
1.02	0.00011692697900536504
1.022	0.00011686304018256381
1.024	0.00011679910135976256
1.026	0.00011673516253696132
1.028	0.00011667122371416007
1.03	0.00011660728489135884
1.032	0.0001165423395368729
1.034	0.00011647739418238697
1.036	0.00011641244882790103
1.038	0.00011634750347341509
1.04	0.00011628255811892916
1.042	0.00011621635958432845
1.044	0.00011615016104972772
1.046	0.00011608396251512702
1.048	0.0001160177639805263
1.05	0.00011595156544592558
1.052	0.00011588385988055764
1.054	0.00011581615431518969
1.056	0.00011574844874982173
1.058	0.00011568074318445377
1.06	0.00011561303761908583
1.062	0.00011554356426318811
1.064	0.00011547409090729038
1.066	0.00011540461755139268
1.068	0.00011533514419549496
1.07	0.00011526567083959724
1.072	0.00011519416234854483
1.074	0.00011512265385749246
1.076	0.00011505114536644006
1.078	0.00011497963687538767
1.08	0.00011490812838433527
1.082	0.00011483431116922955
1.084	0.00011476049395412383
1.086	0.00011468667673901807
1.088	0.00011461285952391235
1.09	0.00011453904230880663
1.092	0.0001144626369490148
1.094	0.00011438623158922298
1.096	0.00011430982622943115
1.098	0.00011423342086963934
1.1	0.00011415701550984751
1.102	0.00011407773712780069
1.104	0.00011399845874575388
1.106	0.00011391918036370706
1.108	0.00011383990198166025
1.11	0.00011376062359961344
1.112	0.0001136781823431142
1.114	0.00011359574108661501
1.116	0.00011351329983011578
1.118	0.00011343085857361656
1.12	0.00011334841731711732
1.122	0.00011326251884431553
1.124	0.00011317662037151379
1.1260000000000001	0.00011309072189871202
1.1280000000000001	0.00011300482342591024
1.1300000000000001	0.00011291892495310847
1.1320000000000001	0.00011282927092385705
1.1340000000000001	0.00011273961689460564
1.1360000000000001	0.00011264996286535422
1.1380000000000001	0.0001125603088361028
1.1400000000000001	0.00011247065480685137
1.1420000000000001	0.00011237694353200941
1.1440000000000001	0.00011228323225716742
1.1460000000000001	0.00011218952098232547
1.1480000000000001	0.00011209580970748349
1.1500000000000001	0.00011200209843264153
1.1520000000000001	0.00011190402541400494
1.1540000000000001	0.00011180595239536836
1.1560000000000001	0.00011170787937673177
1.1580000000000001	0.0001116098063580952
1.1600000000000001	0.00011151173333945861
1.1620000000000001	0.00011140899197320714
1.1640000000000001	0.00011130625060695566
1.1660000000000001	0.00011120350924070418
1.1680000000000001	0.00011110076787445272
1.1700000000000002	0.00011099802650820124
1.1720000000000002	0.0001108903087992106
1.174	0.00011078259109021995
1.176	0.00011067487338122932
1.178	0.00011056715567223868
1.18	0.00011045943796324803
1.182	0.00011034643530082477
1.184	0.0001102334326384015
1.186	0.00011012042997597825
1.188	0.00011000742731355499
1.19	0.00010989442465113172
1.192	0.00010977582864917282
1.194	0.00010965723264721394
1.196	0.00010953863664525504
1.198	0.00010942004064329613
1.2	0.00010930144464133722
1.202	0.00010917694804730144
1.204	0.00010905245145326564
1.206	0.00010892795485922983
1.208	0.00010880345826519403
1.21	0.00010867896167115824
1.212	0.00010854825935044426
1.214	0.0001084175570297303
1.216	0.00010828685470901632
1.218	0.00010815615238830235
1.22	0.00010802545006758836
1.222	0.00010788824007145522
1.224	0.00010775103007532207
1.226	0.0001076138200791889
1.228	0.00010747661008305576
1.23	0.00010733940008692259
1.232	0.00010719538481478311
1.234	0.00010705136954264364
1.236	0.00010690735427050417
1.238	0.00010676333899836469
1.24	0.00010661932372622519
1.242	0.00010646821119341405
1.244	0.00010631709866060287
1.246	0.00010616598612779171
1.248	0.00010601487359498055
1.25	0.0001058637610621694
1.252	0.00010570526628753196
1.254	0.00010554677151289455
1.256	0.00010538827673825712
1.258	0.00010522978196361972
1.26	0.00010507128718898228
1.262	0.0001049051337222021
1.264	0.00010473898025542192
1.266	0.00010457282678864172
1.268	0.00010440667332186153
1.27	0.00010424051985508132
1.272	0.00010406644146617589
1.274	0.00010389236307727048
1.276	0.00010371828468836504
1.278	0.00010354420629945964
1.28	0.0001033701279105542
1.282	0.00010318787046979465
1.284	0.00010300561302903507
1.286	0.00010282335558827549
1.288	0.00010264109814751592
1.29	0.00010245884070675634
1.292	0.00010226816430637207
1.294	0.00010207748790598779
1.296	0.00010188681150560353
1.298	0.00010169613510521925
1.3	0.00010150545870483498
1.302	0.00010130614006642418
1.304	0.00010110682142801337
1.306	0.00010090750278960257
1.308	0.00010070818415119177
1.31	0.00010050886551278096
1.312	0.00010030070077571802
1.314	0.0001000925360386551
1.316	0.00009988437130159218
1.318	0.00009967620656452926
1.32	0.00009946804182746634
1.322	0.00009925084984277426
1.324	0.00009903365785808216
1.326	0.00009881646587339006
1.328	0.000098599273888698
1.33	0.0000983820819040059
1.332	0.00009815570824892951
1.334	0.00009792933459385312
1.336	0.00009770296093877675
1.338	0.00009747658728370035
1.34	0.00009725021362862397
1.342	0.00009701453572297988
1.344	0.00009677885781733583
1.346	0.00009654317991169176
1.348	0.00009630750200604768
1.35	0.00009607182410040362
1.352	0.00009582675824706061
1.354	0.00009558169239371759
1.356	0.00009533662654037458
1.358	0.00009509156068703155
1.36	0.00009484649483368856
1.362	0.00009459200747878653
1.364	0.0000943375201238845
1.366	0.00009408303276898247
1.368	0.00009382854541408045
1.37	0.00009357405805917842
1.372	0.00009331019308018629
1.374	0.00009304632810119417
1.3760000000000001	0.00009278246312220203
1.3780000000000001	0.00009251859814320991
1.3800000000000001	0.00009225473316421779
1.3820000000000001	0.00009198162711362699
1.3840000000000001	0.00009170852106303618
1.3860000000000001	0.0000914354150124454
1.3880000000000001	0.00009116230896185459
1.3900000000000001	0.00009088920291126379
1.3920000000000001	0.00009060702158706695
1.3940000000000001	0.00009032484026287012
1.3960000000000001	0.0000900426589386733
1.3980000000000001	0.00008976047761447647
1.4000000000000001	0.00008947829629027964
1.4020000000000001	0.00008918721864840172
1.4040000000000001	0.00008889614100652384
1.4060000000000001	0.00008860506336464595
1.4080000000000001	0.00008831398572276804
1.4100000000000001	0.00008802290808089015
1.4120000000000001	0.00008772312649987785
1.4140000000000001	0.00008742334491886553
1.4160000000000001	0.00008712356333785321
1.4180000000000001	0.00008682378175684091
1.4200000000000002	0.0000865240001758286
1.4220000000000002	0.00008621572074191225
1.4240000000000002	0.0000859074413079959
1.4260000000000002	0.00008559916187407952
1.428	0.00008529088244016318
1.43	0.00008498260300624683
1.432	0.00008466604580463505
1.434	0.00008434948860302325
1.436	0.00008403293140141145
1.438	0.00008371637419979966
1.44	0.00008339981699818786
1.442	0.00008307521641203601
1.444	0.00008275061582588413
1.446	0.00008242601523973227
1.448	0.00008210141465358043
1.45	0.00008177681406742856
1.452	0.0000814444190881938
1.454	0.00008111202410895906
1.456	0.00008077962912972432
1.458	0.00008044723415048956
1.46	0.00008011483917125482
1.462	0.00007977491373005492
1.464	0.00007943498828885501
1.466	0.00007909506284765511
1.468	0.00007875513740645523
1.47	0.00007841521196525533
1.472	0.00007806803533445482
1.474	0.00007772085870365433
1.476	0.00007737368207285384
1.478	0.00007702650544205333
1.48	0.00007667932881125285
1.482	0.00007632519598198465
1.484	0.00007597106315271645
1.486	0.00007561693032344824
1.488	0.00007526279749418007
1.49	0.00007490866466491186
1.492	0.00007454788636230632
1.494	0.00007418710805970077
1.496	0.00007382632975709524
1.498	0.00007346555145448969
1.5	0.00007310477315188413
1.502	0.00007273767604746016
1.504	0.00007237057894303616
1.506	0.00007200348183861216
1.508	0.00007163638473418817
1.51	0.00007126928762976417
1.512	0.0000708962146413151
1.514	0.00007052314165286603
1.516	0.00007015006866441695
1.518	0.0000697769956759679
1.52	0.00006940392268751881
1.522	0.00006902523328277649
1.524	0.00006864654387803414
1.526	0.00006826785447329181
1.528	0.00006788916506854947
1.53	0.00006751047566380714
1.532	0.00006712654616789445
1.534	0.00006674261667198177
1.536	0.00006635868717606908
1.538	0.00006597475768015638
1.54	0.0000655908281842437
1.542	0.00006520205209108408
1.544	0.00006481327599792448
1.546	0.00006442449990476487
1.548	0.00006403572381160525
1.55	0.00006364694771844565
1.552	0.00006325373600633297
1.554	0.00006286052429422032
1.556	0.00006246731258210766
1.558	0.00006207410086999499
1.56	0.00006168088915788232
1.562	0.00006128367060943078
1.564	0.00006088645206097923
1.566	0.00006048923351252768
1.568	0.00006009201496407613
1.57	0.00005969479641562457
1.572	0.00005929401794237109
1.574	0.00005889323946911762
1.576	0.000058492460995864144
1.578	0.000058091682522610664
1.58	0.00005769090404935719
1.582	0.00005728703102132859
1.584	0.000056883157993299986
1.586	0.000056479284965271384
1.588	0.00005607541193724278
1.59	0.00005567153890921418
1.592	0.000055265055489849003
1.594	0.000054858572070483834
1.596	0.00005445208865111867
1.598	0.000054045605231753497
1.6	0.00005363912181238833
1.602	0.00005323053129917809
1.604	0.000052821940785967854
1.606	0.000052413350272757625
1.608	0.00005200475975954739
1.61	0.000051596169246337145
1.612	0.000051185994417929415
1.614	0.00005077581958952167
1.616	0.000050365644761113935
1.618	0.00004995546993270619
1.62	0.000049545295104298454
1.622	0.000049134078574631936
1.624	0.00004872286204496542
1.6260000000000001	0.0000483116455152989
1.6280000000000001	0.00004790042898563238
1.6300000000000001	0.000047489212455965864
1.6320000000000001	0.0000470775170362977
1.6340000000000001	0.00004666582161662954
1.6360000000000001	0.00004625412619696137
1.6380000000000001	0.0000458424307772932
1.6400000000000001	0.000045430735357625036
1.6420000000000001	0.00004501914442778755
1.6440000000000001	0.00004460755349795007
1.6460000000000001	0.000044195962568112585
1.6480000000000001	0.000043784371638275106
1.6500000000000001	0.00004337278070843762
1.6520000000000001	0.00004296189859877685
1.6540000000000001	0.00004255101648911607
1.6560000000000001	0.000042140134379455297
1.6580000000000001	0.00004172925226979453
1.6600000000000001	0.00004131837016013375
1.6620000000000001	0.000040908822546617267
1.6640000000000001	0.00004049927493310079
1.6660000000000001	0.00004008972731958431
1.6680000000000001	0.000039680179706067836
1.6700000000000002	0.00003927063209255135
1.6720000000000002	0.0000388630664081683
1.6740000000000002	0.00003845550072378527
1.6760000000000002	0.00003804793503940222
1.6780000000000002	0.00003764036935501917
1.6800000000000002	0.00003723280367063613
1.6820000000000002	0.00003682788953843615
1.6840000000000002	0.000036422975406236166
1.686	0.00003601806127403624
1.688	0.00003561314714183625
1.69	0.00003520823300963628
1.692	0.00003480666270636416
1.694	0.00003440509240309205
1.696	0.00003400352209981994
1.698	0.000033601951796547826
1.7	0.00003320038149327571
1.702	0.00003280287046044129
1.704	0.00003240535942760688
1.706	0.000032007848394772465
1.708	0.00003161033736193806
1.71	0.00003121282632910364
1.712	0.00003082011377076978
1.714	0.00003042740121243593
1.716	0.000030034688654102077
1.718	0.00002964197609576822
1.72	0.00002924926353743437
1.722	0.000028862113255874262
1.724	0.00002847496297431415
1.726	0.000028087812692754046
1.728	0.000027700662411193937
1.73	0.00002731351212963383
1.732	0.00002693271385090846
1.734	0.000026551915572183092
1.736	0.00002617111729345772
1.738	0.000025790319014732347
1.74	0.000025409520736006978
1.742	0.000025035890094218647
1.744	0.00002466225945243032
1.746	0.000024288628810641992
1.748	0.00002391499816885366
1.75	0.000023541367527065334
1.752	0.00002317574476715823
1.754	0.000022810122007251128
1.756	0.00002244449924734402
1.758	0.000022078876487436914
1.76	0.000021713253727529808
1.762	0.000021356503375777578
1.764	0.000020999753024025347
1.766	0.000020643002672273117
1.768	0.000020286252320520887
1.77	0.000019929501968768657
1.772	0.0000195825131511277
1.774	0.000019235524333486753
1.776	0.0000188885355158458
1.778	0.000018541546698204845
1.78	0.00001819455788056389
1.782	0.000017858244658019017
1.784	0.00001752193143547414
1.786	0.00001718561821292927
1.788	0.000016849304990384392
1.79	0.00001651299176783952
1.792	0.000016188293473650073
1.794	0.000015863595179460628
1.796	0.000015538896885271186
1.798	0.00001521419859108174
1.8	0.000014889500296892297
1.802	0.00001457738187573754
1.804	0.000014265263454582782
1.806	0.000013953145033428025
1.808	0.000013641026612273266
1.81	0.00001332890819111851
1.812	0.0000130303605401423
1.814	0.000012731812889166086
1.816	0.000012433265238189874
1.818	0.000012134717587213662
1.82	0.00001183616993623745
1.822	0.000011552210247990491
1.824	0.00001126825055974353
1.826	0.000010984290871496572
1.828	0.000010700331183249611
1.83	0.00001041637149500265
1.832	0.00001014804360227485
1.834	9.879715709547051e-6
1.836	9.61138781681925e-6
1.838	9.34305992409145e-6
1.84	9.07473203136365e-6
1.842	8.823106753860006e-6
1.844	8.571481476356361e-6
1.846	8.319856198852717e-6
1.848	8.06823092134907e-6
1.85	7.816605643845426e-6
1.852	7.582781136077813e-6
1.854	7.3489566283102e-6
1.856	7.115132120542588e-6
1.858	6.881307612774975e-6
1.86	6.647483105007364e-6
1.862	6.432588141305733e-6
1.864	6.217693177604101e-6
1.866	6.002798213902469e-6
1.868	5.787903250200838e-6
1.87	5.573008286499206e-6
1.872	5.3758105570170435e-6
1.874	5.178612827534879e-6
1.8760000000000001	4.981415098052716e-6
1.8780000000000001	4.784217368570551e-6
1.8800000000000001	4.58701963908839e-6
1.8820000000000001	4.406170873659602e-6
1.8840000000000001	4.225322108230816e-6
1.8860000000000001	4.0444733428020285e-6
1.8880000000000001	3.863624577373242e-6
1.8900000000000001	3.682775811944455e-6
1.8920000000000001	3.519253621687932e-6
1.8940000000000001	3.355731431431409e-6
1.8960000000000001	3.1922092411748857e-6
1.8980000000000001	3.0286870509183626e-6
1.9000000000000001	2.865164860661841e-6
1.9020000000000001	2.7199706082930263e-6
1.9040000000000001	2.5747763559242123e-6
1.9060000000000001	2.4295821035553974e-6
1.9080000000000001	2.284387851186583e-6
1.9100000000000001	2.139193598817768e-6
1.9120000000000001	2.01335269425992e-6
1.9140000000000001	1.8875117897020718e-6
1.9160000000000001	1.7616708851442238e-6
1.9180000000000001	1.6358299805863757e-6
1.9200000000000002	1.5099890760285295e-6
1.9220000000000002	1.4045512724605692e-6
1.9240000000000002	1.299113468892609e-6
1.9260000000000002	1.1936756653246485e-6
1.9280000000000002	1.088237861756688e-6
1.9300000000000002	9.828000581887276e-7
1.9320000000000002	8.988397497825851e-7
1.9340000000000002	8.148794413764426e-7
1.9360000000000002	7.309191329703003e-7
1.9380000000000002	6.469588245641578e-7
1.94	5.629985161580248e-7
1.942	5.016150370544677e-7
1.944	4.4023155795091085e-7
1.946	3.788480788473538e-7
1.948	3.174645997437969e-7
1.95	2.5608112064023995e-7
1.952	2.1839904168248617e-7
1.954	1.8071696272473498e-7
1.956	1.4303488376698384e-7
1.958	1.0535280480923264e-7
1.96	6.767072585148146e-8
1.962	5.485645714248841e-8
1.964	4.2042188433495336e-8
1.966	2.9227919724502272e-8
1.968	1.6413651015509205e-8
1.97	3.599382306516138e-9
1.972	3.5849914539622705e-9
1.974	3.5706006014098233e-9
1.976	3.556209748857377e-9
1.978	3.5418188963049298e-9
1.98	3.5274280437524834e-9
1.982	3.513188198875379e-9
1.984	3.498948353998275e-9
1.986	3.4847085091211713e-9
1.988	3.4704686642440666e-9
1.99	3.4562288193669627e-9
1.992	3.4421408282601145e-9
1.994	3.4280528371532664e-9
1.996	3.4139648460464183e-9
1.998	3.3998768549395705e-9
2.	3.385788863832722e-9
2.002	3.3718535380182785e-9
2.004	3.3579182122038317e-9
2.006	3.3439828863893878e-9
2.008	3.330047560574941e-9
2.01	3.3161122347604975e-9
2.012	3.302330347319596e-9
2.014	3.2885484598786972e-9
2.016	3.2747665724377956e-9
2.018	3.2609846849968978e-9
2.02	3.2472027975559962e-9
2.0220000000000002	3.233575085564106e-9
2.024	3.2199473735722187e-9
2.0260000000000002	3.206319661580328e-9
2.028	3.192691949588441e-9
2.0300000000000002	3.1790642375965505e-9
2.032	3.165591401294038e-9
2.0340000000000003	3.1521185649915232e-9
2.036	3.1386457286890113e-9
2.0380000000000003	3.1251728923864964e-9
2.04	3.111700056083984e-9
2.0420000000000003	3.0983827587620044e-9
2.044	3.0850654614400276e-9
2.0460000000000003	3.071748164118047e-9
2.048	3.0584308667960703e-9
2.0500000000000003	3.0451135694740906e-9
2.052	3.031952437379085e-9
2.0540000000000003	3.018791305284076e-9
2.056	3.0056301731890706e-9
2.0580000000000003	2.9924690410940617e-9
2.06	2.979307908999056e-9
2.0620000000000003	2.9663035310736327e-9
2.064	2.9532991531482125e-9
2.0660000000000003	2.9402947752227885e-9
2.068	2.9272903972973683e-9
2.07	2.9142860193719477e-9
2.072	2.9014389474609434e-9
2.074	2.888591875549942e-9
2.076	2.8757448036389372e-9
2.078	2.8628977317279354e-9
2.08	2.850050659816931e-9
2.082	2.83736140846733e-9
2.084	2.8246721571177256e-9
2.086	2.811982905768124e-9
2.088	2.79929365441852e-9
2.09	2.7866044030689187e-9
2.092	2.7740734490186048e-9
2.094	2.7615424949682938e-9
2.096	2.7490115409179803e-9
2.098	2.736480586867669e-9
2.1	2.723949632817355e-9
2.102	2.711577415369767e-9
2.104	2.6992051979221764e-9
2.106	2.686832980474588e-9
2.108	2.674460763026997e-9
2.11	2.662088545579409e-9
2.112	2.649875466369228e-9
2.114	2.6376623871590497e-9
2.116	2.6254493079488682e-9
2.118	2.61323622873869e-9
2.12	2.601023149528509e-9
2.122	2.588969572448338e-9
2.124	2.5769159953681643e-9
2.126	2.5648624182879936e-9
2.128	2.55280884120782e-9
2.13	2.540755264127649e-9
2.132	2.5288615152513327e-9
2.134	2.5169677663750196e-9
2.136	2.505074017498704e-9
2.138	2.4931802686223907e-9
2.14	2.4812865197460746e-9
2.142	2.4695528869044084e-9
2.144	2.45781925406274e-9
2.146	2.446085621221074e-9
2.148	2.434351988379405e-9
2.15	2.4226183555377396e-9
2.152	2.411045089685322e-9
2.154	2.3994718238329072e-9
2.156	2.3878985579804896e-9
2.158	2.376325292128075e-9
2.16	2.3647520262756576e-9
2.162	2.3533393392912423e-9
2.164	2.3419266523068245e-9
2.166	2.3305139653224096e-9
2.168	2.319101278337992e-9
2.17	2.3076885913535765e-9
2.172	2.2964366574365094e-9
2.174	2.2851847235194443e-9
2.176	2.2739327896023772e-9
2.178	2.2626808556853126e-9
2.18	2.251428921768245e-9
2.182	2.2403378770518264e-9
2.184	2.2292468323354047e-9
2.186	2.2181557876189856e-9
2.188	2.2070647429025644e-9
2.19	2.1959736981861453e-9
2.192	2.1850436405803208e-9
2.194	2.1741135829744983e-9
2.196	2.1631835253686734e-9
2.198	2.1522534677628514e-9
2.2	2.1413234101570265e-9
2.202	2.1305543995392492e-9
2.204	2.119785388921469e-9
2.206	2.109016378303692e-9
2.208	2.0982473676859117e-9
2.21	2.087478357068134e-9
2.212	2.0768704151069056e-9
2.214	2.0662624731456793e-9
2.216	2.0556545311844504e-9
2.218	2.045046589223224e-9
2.22	2.0344386472619956e-9
2.222	2.023991757402532e-9
2.224	2.0135448675430656e-9
2.226	2.0030979776836014e-9
2.228	1.9926510878241347e-9
2.23	1.982204197964671e-9
2.232	1.971918305594335e-9
2.234	1.9616324132240007e-9
2.236	1.951346520853664e-9
2.238	1.94106062848333e-9
2.24	1.930774736112994e-9
2.242	1.9206497483038028e-9
2.244	1.91052476049461e-9
2.246	1.9003997726854193e-9
2.248	1.890274784876226e-9
2.25	1.8801497970670354e-9
2.2520000000000002	1.870185582888933e-9
2.254	1.8602213687108338e-9
2.2560000000000002	1.8502571545327317e-9
2.258	1.8402929403546321e-9
2.2600000000000002	1.83032872617653e-9
2.262	1.8205251161402043e-9
2.2640000000000002	1.8107215061038766e-9
2.266	1.800917896067551e-9
2.2680000000000002	1.7911142860312231e-9
2.27	1.7813106759948974e-9
2.2720000000000002	1.7716674628286365e-9
2.274	1.7620242496623777e-9
2.2760000000000002	1.7523810364961169e-9
2.278	1.742737823329858e-9
2.2800000000000002	1.7330946101635972e-9
2.282	1.7236115485830939e-9
2.2840000000000003	1.7141284870025885e-9
2.286	1.7046454254220855e-9
2.2880000000000003	1.6951623638415801e-9
2.29	1.685679302261077e-9
2.2920000000000003	1.6763561085854891e-9
2.294	1.6670329149099031e-9
2.2960000000000003	1.6577097212343152e-9
2.298	1.6483865275587292e-9
2.3000000000000003	1.6390633338831413e-9
2.302	1.6298996865555963e-9
2.3040000000000003	1.6207360392280495e-9
2.306	1.6115723919005045e-9
2.3080000000000003	1.6024087445729576e-9
2.31	1.5932450972454128e-9
2.3120000000000003	1.5842406368060278e-9
2.314	1.5752361763666451e-9
2.3160000000000003	1.5662317159272603e-9
2.318	1.5572272554878774e-9
2.3200000000000003	1.5482227950484926e-9
2.322	1.539377124106766e-9
2.3240000000000003	1.5305314531650374e-9
2.326	1.5216857822233103e-9
2.328	1.5128401112815836e-9
2.33	1.503994440339855e-9
2.332	1.4953071236478972e-9
2.334	1.486619806955937e-9
2.336	1.477932490263979e-9
2.338	1.4692451735720189e-9
2.34	1.460557856880061e-9
2.342	1.452028421457012e-9
2.344	1.4434989860339654e-9
2.346	1.4349695506109166e-9
2.348	1.42644011518787e-9
2.35	1.417910679764821e-9
2.352	1.4095386149707437e-9
2.354	1.4011665501766644e-9
2.356	1.392794485382587e-9
2.358	1.384422420588508e-9
2.36	1.3760503557944305e-9
2.362	1.3678351133672678e-9
2.364	1.3596198709401068e-9
2.366	1.3514046285129442e-9
2.368	1.3431893860857832e-9
2.37	1.3349741436586203e-9
2.372	1.3269151380654347e-9
2.374	1.3188561324722475e-9
2.376	1.310797126879062e-9
2.378	1.3027381212858745e-9
2.38	1.2946791156926891e-9
2.382	1.2867757238638836e-9
2.384	1.2788723320350802e-9
2.386	1.2709689402062747e-9
2.388	1.2630655483774713e-9
2.39	1.2551621565486658e-9
2.392	1.2474137182802621e-9
2.394	1.239665280011857e-9
2.396	1.2319168417434533e-9
2.398	1.2241684034750478e-9
2.4	1.2164199652066442e-9
2.402	1.2088257831928182e-9
2.404	1.2012316011789936e-9
2.406	1.1936374191651675e-9
2.408	1.1860432371513431e-9
2.41	1.1784490551375172e-9
2.412	1.1710083951978712e-9
2.414	1.1635677352582235e-9
2.416	1.1561270753185776e-9
2.418	1.14868641537893e-9
2.42	1.141245755439284e-9
2.422	1.13395784648213e-9
2.424	1.1266699375249771e-9
2.426	1.119382028567823e-9
2.428	1.1120941196106705e-9
2.43	1.1048062106535164e-9
2.432	1.0976702449598447e-9
2.434	1.0905342792661715e-9
2.436	1.0833983135724997e-9
2.438	1.0762623478788265e-9
2.44	1.069126382185155e-9
2.442	1.0621415156982869e-9
2.444	1.0551566492114203e-9
2.446	1.0481717827245522e-9
2.448	1.0411869162376858e-9
2.45	1.0342020497508177e-9
2.452	1.0273674020588413e-9
2.454	1.0205327543668633e-9
2.456	1.0136981066748867e-9
2.458	1.006863458982909e-9
2.46	1.0000288112909324e-9
2.462	9.9334346598491e-10
2.464	9.86658120678889e-10
2.466	9.799727753728665e-10
2.468	9.732874300668455e-10
2.47	9.66602084760823e-10
2.472	9.600650894588334e-10
2.474	9.535280941568422e-10
2.476	9.469910988548526e-10
2.478	9.404541035528614e-10
2.48	9.339171082508718e-10
2.482	9.275274749357959e-10
2.484	9.211378416207216e-10
2.486	9.147482083056458e-10
2.488	9.083585749905714e-10
2.49	9.019689416754957e-10
2.492	8.957256468867501e-10
2.494	8.894823520980031e-10
2.496	8.832390573092576e-10
2.498	8.769957625205105e-10
2.5	8.70752467731765e-10
2.5020000000000002	8.646544527999171e-10
2.504	8.585564378680706e-10
2.5060000000000002	8.524584229362228e-10
2.508	8.463604080043763e-10
2.5100000000000002	8.402623930725285e-10
2.512	8.34308564378098e-10
2.5140000000000002	8.283547356836663e-10
2.516	8.22400906989236e-10
2.5180000000000002	8.164470782948042e-10
2.52	8.104932496003737e-10
2.5220000000000002	8.046824787785677e-10
2.524	7.98871707956763e-10
2.5260000000000002	7.930609371349569e-10
2.528	7.872501663131522e-10
2.5300000000000002	7.814393954913461e-10
2.532	7.757705197804957e-10
2.5340000000000003	7.70101644069644e-10
2.536	7.644327683587936e-10
2.5380000000000003	7.587638926479419e-10
2.54	7.530950169370914e-10
2.5420000000000003	7.475668394057179e-10
2.544	7.420386618743456e-10
2.5460000000000003	7.365104843429723e-10
2.548	7.309823068116e-10
2.5500000000000003	7.254541292802265e-10
2.552	7.200654191334232e-10
2.5540000000000003	7.146767089866186e-10
2.556	7.092879988398152e-10
2.5580000000000003	7.038992886930106e-10
2.56	6.985105785462073e-10
2.5620000000000003	6.932600714307957e-10
2.564	6.880095643153852e-10
2.5660000000000003	6.827590571999736e-10
2.568	6.775085500845632e-10
2.5700000000000003	6.722580429691515e-10
2.572	6.671444412805528e-10
2.5740000000000003	6.620308395919527e-10
2.576	6.569172379033538e-10
2.5780000000000003	6.518036362147538e-10
2.58	6.46690034526155e-10
2.582	6.417120077792729e-10
2.584	6.367339810323895e-10
2.586	6.317559542855073e-10
2.588	6.26777927538624e-10
2.59	6.217999007917417e-10
2.592	6.16956085913121e-10
2.594	6.121122710345013e-10
2.596	6.072684561558803e-10
2.598	6.024246412772607e-10
2.6	5.975808263986399e-10
2.602	5.928698281064192e-10
2.604	5.881588298141974e-10
2.606	5.834478315219766e-10
2.608	5.787368332297548e-10
2.61	5.740258349375341e-10
2.612	5.694462261156403e-10
2.614	5.648666172937475e-10
2.616	5.602870084718538e-10
2.618	5.557073996499611e-10
2.62	5.511277908280673e-10
2.622	5.466781129077575e-10
2.624	5.422284349874468e-10
2.626	5.37778757067137e-10
2.628	5.333290791468262e-10
2.63	5.288794012265164e-10
2.632	5.245581645858242e-10
2.634	5.202369279451332e-10
2.636	5.159156913044411e-10
2.638	5.115944546637501e-10
2.64	5.072732180230581e-10
2.642	5.030789024010009e-10
2.644	4.988845867789426e-10
2.646	4.946902711568853e-10
2.648	4.904959555348272e-10
2.65	4.863016399127699e-10
2.652	4.822326948386321e-10
2.654	4.781637497644953e-10
2.656	4.740948046903574e-10
2.658	4.700258596162206e-10
2.66	4.659569145420828e-10
2.662	4.620117597747648e-10
2.664	4.5806660500744584e-10
2.666	4.541214502401278e-10
2.668	4.5017629547280887e-10
2.67	4.4623114070549085e-10
2.672	4.4240816671686673e-10
2.674	4.3858519272824355e-10
2.676	4.3476221873961944e-10
2.678	4.309392447509962e-10
2.68	4.2711627076237215e-10
2.682	4.234138390692593e-10
2.684	4.197114073761457e-10
2.686	4.1600897568303284e-10
2.688	4.1230654398991917e-10
2.69	4.086041122968063e-10
2.692	4.050205564346785e-10
2.694	4.0143700057255145e-10
2.696	3.978534447104237e-10
2.698	3.942698888482967e-10
2.7	3.906863329861688e-10
2.702	3.8721995829163857e-10
2.704	3.837535835971076e-10
2.706	3.8028720890257743e-10
2.708	3.768208342080464e-10
2.71	3.733544595135162e-10
2.712	3.700035441771009e-10
2.714	3.666526288406863e-10
2.716	3.6330171350427094e-10
2.718	3.5995079816785634e-10
2.72	3.56599882831441e-10
2.722	3.533626797035715e-10
2.724	3.5012547657570133e-10
2.726	3.4688827344783187e-10
2.728	3.4365107031996164e-10
2.73	3.4041386719209213e-10
2.732	3.372885972426905e-10
2.734	3.341633272932896e-10
2.736	3.310380573438879e-10
2.738	3.27912787394487e-10
2.74	3.247875174450853e-10
2.742	3.2177238462786787e-10
2.744	3.187572518106498e-10
2.746	3.157421189934323e-10
2.748	3.1272698617621425e-10
2.75	3.097118533589968e-10
2.7520000000000002	3.0680503088449563e-10
2.754	3.038982084099951e-10
2.7560000000000002	3.0099138593549405e-10
2.758	2.9808456346099354e-10
2.7600000000000002	2.9517774098649236e-10
2.762	2.923773791381796e-10
2.7640000000000002	2.895770172898662e-10
2.766	2.867766554415534e-10
2.7680000000000002	2.8397629359323996e-10
2.77	2.811759317449272e-10
2.7720000000000002	2.784801570808256e-10
2.774	2.7578438241672456e-10
2.7760000000000002	2.7308860775262296e-10
2.778	2.7039283308852193e-10
2.7800000000000002	2.6769705842442033e-10
2.782	2.65103974440185e-10
2.7840000000000003	2.6251089045594913e-10
2.786	2.599178064717138e-10
2.7880000000000003	2.573247224874779e-10
2.79	2.547316385032426e-10
2.7920000000000003	2.5223932633336365e-10
2.794	2.4974701416348525e-10
2.7960000000000003	2.472547019936063e-10
2.798	2.447623898237279e-10
2.8000000000000003	2.4227007765384894e-10
2.802	2.3987659677748275e-10
2.8040000000000003	2.37483115901116e-10
2.806	2.3508963502474975e-10
2.8080000000000003	2.3269615414838302e-10
2.81	2.3030267327201683e-10
2.8120000000000003	2.280060622397823e-10
2.814	2.257094512075483e-10
2.8160000000000003	2.2341284017531376e-10
2.818	2.2111622914307975e-10
2.8200000000000003	2.1881961811084523e-10
2.822	2.1661789531973636e-10
2.8240000000000003	2.14416172528627e-10
2.826	2.1221444973751812e-10
2.8280000000000003	2.1001272694640874e-10
2.83	2.0781100415529987e-10
2.8320000000000003	2.057021686316672e-10
2.834	2.0359333310803503e-10
2.836	2.0148449758440283e-10
2.838	1.9937566206077017e-10
2.84	1.97266826537138e-10
2.842	1.9524885875082414e-10
2.844	1.932308909645108e-10
2.846	1.9121292317819695e-10
2.848	1.8919495539188358e-10
2.85	1.8717698760556974e-10
2.852	1.8524785030973715e-10
2.854	1.8331871301390412e-10
2.856	1.8138957571807153e-10
2.858	1.7946043842223848e-10
2.86	1.7753130112640592e-10
2.862	1.7568894023491844e-10
2.864	1.7384657934343143e-10
2.866	1.72004218451944e-10
2.868	1.70161857560457e-10
2.87	1.6831949666896954e-10
2.872	1.6656184215136398e-10
2.874	1.64804187633758e-10
2.876	1.6304653311615245e-10
2.878	1.6128887859854645e-10
2.88	1.595312240809409e-10
2.882	1.578561908964022e-10
2.884	1.5618115771186387e-10
2.886	1.545061245273252e-10
2.888	1.528310913427869e-10
2.89	1.5115605815824822e-10
2.892	1.4956154722420867e-10
2.894	1.4796703629016876e-10
2.896	1.4637252535612923e-10
2.898	1.4477801442208932e-10
2.9	1.4318350348804977e-10
2.902	1.4166740267313417e-10
2.904	1.4015130185821893e-10
2.906	1.3863520104330336e-10
2.908	1.371191002283881e-10
2.91	1.3560299941347252e-10
2.912	1.3416318458022285e-10
2.914	1.327233697469729e-10
2.916	1.3128355491372323e-10
2.918	1.2984374008047325e-10
2.92	1.284039252472236e-10
2.922	1.2703826132359976e-10
2.924	1.2567259739997622e-10
2.926	1.2430693347635237e-10
2.928	1.2294126955272883e-10
2.93	1.2157560562910497e-10
2.932	1.2028194772215772e-10
2.934	1.1898828981521018e-10
2.936	1.1769463190826295e-10
2.938	1.1640097400131541e-10
2.94	1.1510731609436816e-10
2.942	1.1388351064599405e-10
2.944	1.1265970519762025e-10
2.946	1.1143589974924617e-10
2.948	1.1021209430087236e-10
2.95	1.0898828885249828e-10
2.952	1.0783217483869102e-10
2.954	1.0667606082488348e-10
2.956	1.055199468110762e-10
2.958	1.0436383279726867e-10
2.96	1.032077187834614e-10
2.962	1.0211712896082335e-10
2.964	1.0102653913818556e-10
2.966	9.993594931554752e-11
2.968	9.884535949290973e-11
2.97	9.775476967027168e-11
2.972	9.672753187246375e-11
2.974	9.570029407465559e-11
2.976	9.467305627684766e-11
2.978	9.36458184790395e-11
2.98	9.261858068123157e-11
2.982	9.1652519166498e-11
2.984	9.068645765176466e-11
2.986	8.97203961370311e-11
2.988	8.875433462229774e-11
2.99	8.778827310756418e-11
2.992	8.688120996371538e-11
2.994	8.597414681986639e-11
2.996	8.506708367601757e-11
2.998	8.416002053216858e-11
3.	8.325295738831977e-11
3.0020000000000002	8.240271399666822e-11
3.004	8.155247060501684e-11
3.0060000000000002	8.070222721336528e-11
3.008	7.985198382171391e-11
3.0100000000000002	7.900174043006235e-11
3.012	7.820613899340854e-11
3.0140000000000002	7.741053755675458e-11
3.016	7.661493612010078e-11
3.0180000000000002	7.581933468344682e-11
3.02	7.502373324679301e-11
3.0220000000000002	7.42805983860101e-11
3.024	7.353746352522734e-11
3.0260000000000002	7.27943286644444e-11
3.028	7.205119380366164e-11
3.0300000000000002	7.130805894287871e-11
3.032	7.06152193673849e-11
3.0340000000000003	6.992237979189093e-11
3.036	6.922954021639711e-11
3.0380000000000003	6.853670064090314e-11
3.04	6.784386106540931e-11
3.0420000000000003	6.719915132350491e-11
3.044	6.655444158160067e-11
3.0460000000000003	6.590973183969628e-11
3.048	6.526502209779204e-11
3.0500000000000003	6.462031235588765e-11
3.052	6.402157467174833e-11
3.0540000000000003	6.342283698760886e-11
3.056	6.282409930346953e-11
3.0580000000000003	6.222536161933006e-11
3.06	6.162662393519074e-11
3.0620000000000003	6.107171014028267e-11
3.064	6.051679634537472e-11
3.0660000000000003	5.996188255046665e-11
3.068	5.94069687555587e-11
3.0700000000000003	5.885205496065064e-11
3.072	5.833882852850068e-11
3.0740000000000003	5.7825602096350615e-11
3.076	5.731237566420066e-11
3.0780000000000003	5.679914923205059e-11
3.08	5.6285922799900634e-11
3.0820000000000003	5.581226099456241e-11
3.084	5.533859918922429e-11
3.0860000000000003	5.486493738388606e-11
3.088	5.4391275578547935e-11
3.0900000000000003	5.391761377320971e-11
3.092	5.348140992350253e-11
3.094	5.3045206073795353e-11
3.096	5.2609002224088074e-11
3.098	5.21727983743809e-11
3.1	5.173659452467362e-11
3.102	5.133576043839461e-11
3.104	5.0934926352115515e-11
3.106	5.0534092265836516e-11
3.108	5.013325817955742e-11
3.11	4.9732424093278414e-11
3.112	4.936489262826169e-11
3.114	4.8997361163245064e-11
3.116	4.862982969822835e-11
3.118	4.826229823321172e-11
3.12	4.7894766768195003e-11
3.122	4.755849458045944e-11
3.124	4.7222222392723806e-11
3.126	4.688595020498825e-11
3.128	4.654967801725261e-11
3.13	4.6213405829517045e-11
3.132	4.590637632307148e-11
3.134	4.559934681662598e-11
3.136	4.5292317310180425e-11
3.138	4.498528780373493e-11
3.14	4.467825829728937e-11
3.142	4.4398484805650375e-11
3.144	4.411871131401132e-11
3.146	4.383893782237233e-11
3.148	4.355916433073327e-11
3.15	4.3279390839094277e-11
3.152	4.302492007669559e-11
3.154	4.277044931429696e-11
3.156	4.2515978551898275e-11
3.158	4.226150778949965e-11
3.16	4.200703702710097e-11
3.162	4.177595285910645e-11
3.164	4.154486869111187e-11
3.166	4.1313784523117353e-11
3.168	4.108270035512277e-11
3.17	4.085161618712826e-11
3.172	4.0642043777337466e-11
3.174	4.043247136754672e-11
3.176	4.022289895775594e-11
3.178	4.00133265479652e-11
3.18	3.980375413817442e-11
3.182	3.96138645519991e-11
3.184	3.942397496582373e-11
3.186	3.9234085379648406e-11
3.188	3.904419579347305e-11
3.19	3.885430620729773e-11
3.192	3.868232160800701e-11
3.194	3.851033700871634e-11
3.196	3.8338352409425625e-11
3.198	3.816636781013495e-11
3.2	3.799438321084424e-11
3.202	3.7838582765595624e-11
3.204	3.7682782320346975e-11
3.206	3.752698187509836e-11
3.208	3.7371181429849704e-11
3.21	3.7215380984601094e-11
3.212	3.7074107744943576e-11
3.214	3.6932834505286104e-11
3.216	3.6791561265628593e-11
3.218	3.6650288025971115e-11
3.22	3.650901478631361e-11
3.222	3.6380683889587656e-11
3.224	3.6252352992861676e-11
3.226	3.6124022096135734e-11
3.228	3.599569119940975e-11
3.23	3.58673603026838e-11
3.232	3.575046909422564e-11
3.234	3.5633577885767516e-11
3.236	3.5516686677309364e-11
3.238	3.539979546885124e-11
3.24	3.528290426039308e-11
3.242	3.517604543817631e-11
3.244	3.5069186615959517e-11
3.246	3.496232779374275e-11
3.248	3.485546897152596e-11
3.25	3.4748610149309185e-11
3.2520000000000002	3.465049028741321e-11
3.254	3.455237042551725e-11
3.2560000000000002	3.445425056362128e-11
3.258	3.435613070172532e-11
3.2600000000000002	3.425801083982934e-11
3.262	3.416748112200746e-11
3.2640000000000002	3.4076951404185545e-11
3.266	3.3986421686363665e-11
3.2680000000000002	3.3895891968541753e-11
3.27	3.380536225071987e-11
3.2720000000000002	3.372149570075182e-11
3.274	3.363762915078378e-11
3.2760000000000002	3.355376260081573e-11
3.278	3.3469896050847703e-11
3.2800000000000002	3.3386029500879654e-11
3.282	3.330815736174299e-11
3.2840000000000003	3.323028522260631e-11
3.286	3.315241308346964e-11
3.2880000000000003	3.3074540944332954e-11
3.29	3.299666880519629e-11
3.2920000000000003	3.2924189295925495e-11
3.294	3.285170978665471e-11
3.2960000000000003	3.2779230277383907e-11
3.298	3.2706750768113125e-11
3.3000000000000003	3.2634271258842325e-11
3.302	3.2566596788562545e-11
3.3040000000000003	3.249892231828275e-11
3.306	3.2431247848002966e-11
3.3080000000000003	3.236357337772317e-11
3.31	3.229589890744339e-11
3.3120000000000003	3.2232457699143753e-11
3.314	3.2169016490844127e-11
3.3160000000000003	3.210557528254448e-11
3.318	3.2042134074244854e-11
3.3200000000000003	3.197869286594521e-11
3.322	3.1918931034763475e-11
3.3240000000000003	3.1859169203581723e-11
3.326	3.179940737239999e-11
3.3280000000000003	3.1739645541218246e-11
3.33	3.167988371003651e-11
3.3320000000000003	3.16232676245755e-11
3.334	3.1566651539114505e-11
3.3360000000000003	3.1510035453653504e-11
3.338	3.145341936819251e-11
3.3400000000000003	3.13968032827315e-11
3.342	3.1342822287482666e-11
3.3440000000000003	3.128884129223382e-11
3.346	3.123486029698498e-11
3.3480000000000003	3.118087930173613e-11
3.35	3.11268983064873e-11
3.352	3.1075067919753406e-11
3.354	3.1023237533019503e-11
3.356	3.09714071462856e-11
3.358	3.09195767595517e-11
3.36	3.08677463728178e-11
3.362	3.0817612136297245e-11
3.364	3.07674778997767e-11
3.366	3.0717343663256146e-11
3.368	3.06672094267356e-11
3.37	3.0617075190215046e-11
3.372	3.056821746438393e-11
3.374	3.05193597385528e-11
3.376	3.047050201272168e-11
3.378	3.042164428689055e-11
3.38	3.0372786561059426e-11
3.382	3.0324826792299465e-11
3.384	3.027686702353952e-11
3.386	3.0228907254779556e-11
3.388	3.018094748601961e-11
3.39	3.0132987717259646e-11
3.392	3.008559730966699e-11
3.394	3.0038206902074326e-11
3.396	2.999081649448167e-11
3.398	2.994342608688901e-11
3.4	2.989603567929636e-11
3.402	2.984895064568324e-11
3.404	2.9801865612070136e-11
3.406	2.975478057845702e-11
3.408	2.9707695544843914e-11
3.41	2.96606105112308e-11
3.412	2.961366714932326e-11
3.414	2.956672378741571e-11
3.416	2.951978042550817e-11
3.418	2.9472837063600624e-11
3.42	2.942589370169308e-11
3.422	2.937905377731087e-11
3.424	2.933221385292868e-11
3.426	2.928537392854647e-11
3.428	2.923853400416428e-11
3.43	2.9191694079782074e-11
3.432	2.914495784103077e-11
3.434	2.9098221602279457e-11
3.436	2.9051485363528153e-11
3.438	2.900474912477684e-11
3.44	2.8958012886025536e-11
3.442	2.891138127248581e-11
3.444	2.88647496589461e-11
3.446	2.881811804540637e-11
3.448	2.8771486431866655e-11
3.45	2.872485481832693e-11
3.452	2.867832874846602e-11
3.454	2.8631802678605102e-11
3.456	2.8585276608744196e-11
3.458	2.8538750538883274e-11
3.46	2.8492224469022365e-11
3.462	2.844580484016656e-11
3.464	2.8399385211310765e-11
3.466	2.835296558245496e-11
3.468	2.830654595359916e-11
3.47	2.8260126324743356e-11
3.472	2.8213814013060526e-11
3.474	2.8167501701377686e-11
3.476	2.812118938969486e-11
3.478	2.8074877078012018e-11
3.48	2.802856476632919e-11
3.482	2.7982360626821537e-11
3.484	2.793615648731389e-11
3.486	2.7889952347806236e-11
3.488	2.784374820829859e-11
3.49	2.7797544068790935e-11
3.492	2.7751448937028783e-11
3.494	2.770535380526661e-11
3.496	2.7659258673504458e-11
3.498	2.7613163541742286e-11
3.5	2.7567068409980133e-11
3.5020000000000002	2.7521083095163288e-11
3.504	2.7475097780346456e-11
3.5060000000000002	2.742911246552961e-11
3.508	2.7383127150712778e-11
3.5100000000000002	2.7337141835895933e-11
3.512	2.729126713135767e-11
3.5140000000000002	2.7245392426819392e-11
3.516	2.7199517722281128e-11
3.5180000000000002	2.715364301774285e-11
3.52	2.7107768313204586e-11
3.5220000000000002	2.7062004989430944e-11
3.524	2.7016241665657315e-11
3.5260000000000002	2.697047834188367e-11
3.528	2.6924715018110037e-11
3.5300000000000002	2.6878951694336395e-11
3.532	2.683330050077868e-11
3.5340000000000003	2.6787649307220946e-11
3.536	2.6741998113663223e-11
3.5380000000000003	2.6696346920105494e-11
3.54	2.6650695726547774e-11
3.5420000000000003	2.6605157391684378e-11
3.544	2.655961905682099e-11
3.5460000000000003	2.651408072195759e-11
3.548	2.6468542387094204e-11
3.5500000000000003	2.6423004052230807e-11
3.552	2.6377579283642224e-11
3.5540000000000003	2.6332154515053628e-11
3.556	2.6286729746465042e-11
3.5580000000000003	2.6241304977876446e-11
3.56	2.6195880209287862e-11
3.5620000000000003	2.6150569693744667e-11
3.564	2.6105259178201485e-11
3.5660000000000003	2.6059948662658286e-11
3.568	2.6014638147115104e-11
3.5700000000000003	2.596932763157191e-11
3.572	2.5924132035136577e-11
3.5740000000000003	2.5878936438701237e-11
3.576	2.583374084226591e-11
3.5780000000000003	2.5788545245830568e-11
3.58	2.5743349649395237e-11
3.5820000000000003	2.56982696175379e-11
3.584	2.5653189585680576e-11
3.5860000000000003	2.5608109553823247e-11
3.588	2.556302952196592e-11
3.5900000000000003	2.5517949490108586e-11
3.592	2.5472985647837443e-11
3.5940000000000003	2.5428021805566297e-11
3.596	2.5383057963295154e-11
3.5980000000000003	2.5338094121024005e-11
3.6	2.5293130278752866e-11
3.6020000000000003	2.5248283230759475e-11
3.604	2.520343618276609e-11
3.606	2.515858913477271e-11
3.608	2.5113742086779314e-11
3.61	2.5068895038785936e-11
3.612	2.5024165369605932e-11
3.614	2.4979435700425944e-11
3.616	2.4934706031245944e-11
3.618	2.4889976362065953e-11
3.62	2.4845246692885955e-11
3.622	2.4800634967075842e-11
3.624	2.4756023241265726e-11
3.626	2.4711411515455616e-11
3.628	2.4666799789645493e-11
3.63	2.4622188063835387e-11
3.632	2.457769482616551e-11
3.634	2.4533201588495648e-11
3.636	2.4488708350825775e-11
3.638	2.4444215113155912e-11
3.64	2.439972187548604e-11
3.642	2.435534765115067e-11
3.644	2.4310973426815293e-11
3.646	2.4266599202479925e-11
3.648	2.4222224978144547e-11
3.65	2.4177850753809182e-11
3.652	2.413359604865399e-11
3.654	2.4089341343498813e-11
3.656	2.404508663834363e-11
3.658	2.4000831933188447e-11
3.66	2.395657722803326e-11
3.662	2.391244252880074e-11
3.664	2.3868307829568214e-11
3.666	2.3824173130335702e-11
3.668	2.378003843110317e-11
3.67	2.373590373187066e-11
3.672	2.369188950646416e-11
3.674	2.3647875281057676e-11
3.676	2.360386105565118e-11
3.678	2.3559846830244692e-11
3.68	2.3515832604838197e-11
3.682	2.3471939302605043e-11
3.684	2.3428046000371876e-11
3.686	2.3384152698138718e-11
3.688	2.334025939590555e-11
3.69	2.3296366093672397e-11
3.692	2.3252594145706707e-11
3.694	2.3208822197741026e-11
3.696	2.3165050249775336e-11
3.698	2.312127830180966e-11
3.7	2.307750635384397e-11
3.702	2.3033856173309887e-11
3.704	2.2990205992775798e-11
3.706	2.2946555812241715e-11
3.708	2.2902905631707623e-11
3.71	2.2859255451173544e-11
3.712	2.281572743340287e-11
3.714	2.2772199415632207e-11
3.716	2.2728671397861535e-11
3.718	2.2685143380090873e-11
3.72	2.2641615362320202e-11
3.722	2.259820988594903e-11
3.724	2.2554804409577853e-11
3.726	2.2511398933206682e-11
3.728	2.2467993456835502e-11
3.73	2.2424587980464334e-11
3.732	2.2381305407211954e-11
3.734	2.2338022833959583e-11
3.736	2.2294740260707206e-11
3.738	2.2251457687454836e-11
3.74	2.2208175114202455e-11
3.742	2.2165015787615553e-11
3.744	2.2121856461028638e-11
3.746	2.2078697134441736e-11
3.748	2.2035537807854825e-11
3.75	2.199237848126792e-11
3.7520000000000002	2.1949342731750728e-11
3.754	2.190630698223354e-11
3.7560000000000002	2.186327123271634e-11
3.758	2.1820235483199153e-11
3.7600000000000002	2.1777199733681958e-11
3.762	2.1734287876357258e-11
3.7640000000000002	2.1691376019032545e-11
3.766	2.1648464161707848e-11
3.7680000000000002	2.1605552304383135e-11
3.77	2.1562640447058434e-11
3.7720000000000002	2.1519852778984183e-11
3.774	2.147706511090994e-11
3.7760000000000002	2.1434277442835685e-11
3.778	2.139148977476144e-11
3.7800000000000002	2.134870210668719e-11
3.782	2.1306038911876688e-11
3.7840000000000003	2.1263375717066174e-11
3.786	2.122071252225567e-11
3.7880000000000003	2.1178049327445155e-11
3.79	2.1135386132634653e-11
3.7920000000000003	2.1092847681104527e-11
3.794	2.105030922957441e-11
3.7960000000000003	2.1007770778044283e-11
3.798	2.0965232326514167e-11
3.8000000000000003	2.0922693874984037e-11
3.802	2.0880280423318697e-11
3.8040000000000003	2.0837866971653343e-11
3.806	2.0795453519988003e-11
3.8080000000000003	2.075304006832265e-11
3.81	2.071062661665731e-11
3.8120000000000003	2.066833840860163e-11
3.814	2.0626050200545964e-11
3.8160000000000003	2.0583761992490288e-11
3.818	2.054147378443462e-11
3.8200000000000003	2.0499185576378942e-11
3.822	2.0457022843352303e-11
3.8240000000000003	2.0414860110325655e-11
3.826	2.037269737729902e-11
3.8280000000000003	2.033053464427237e-11
3.83	2.0288371911245733e-11
3.8320000000000003	2.0246334873323236e-11
3.834	2.0204297835400747e-11
3.8360000000000003	2.016226079747825e-11
3.838	2.0120223759555764e-11
3.8400000000000003	2.0078186721633268e-11
3.842	2.0036275588009314e-11
3.8440000000000003	1.999436445438535e-11
3.846	1.9952453320761394e-11
3.8480000000000003	1.991054218713743e-11
3.85	1.9868631053513477e-11
3.8520000000000003	1.982684602298227e-11
3.854	1.978506099245107e-11
3.8560000000000003	1.974327596191986e-11
3.858	1.9701490931388662e-11
3.86	1.9659705900857468e-11
3.862	1.961804716291519e-11
3.864	1.957638842497292e-11
3.866	1.9534729687030644e-11
3.868	1.9493070949088375e-11
3.87	1.9451412211146096e-11
3.872	1.9409879946653674e-11
3.874	1.9368347682161242e-11
3.876	1.932681541766882e-11
3.878	1.9285283153176385e-11
3.88	1.9243750888683966e-11
3.882	1.9202345270684812e-11
3.884	1.9160939652685668e-11
3.886	1.9119534034686514e-11
3.888	1.9078128416687373e-11
3.89	1.903672279868822e-11
3.892	1.8995443993262326e-11
3.894	1.8954165187836422e-11
3.896	1.891288638241053e-11
3.898	1.8871607576984626e-11
3.9	1.883032877155873e-11
3.902	1.878917693871394e-11
3.904	1.8748025105869154e-11
3.906	1.8706873273024358e-11
3.908	1.8665721440179575e-11
3.91	1.862456960733478e-11
3.912	1.858354490193678e-11
3.914	1.8542520196538768e-11
3.916	1.8501495491140768e-11
3.918	1.846047078574276e-11
3.92	1.8419446080344757e-11
3.922	1.8378548653086614e-11
3.924	1.8337651225828478e-11
3.926	1.829675379857033e-11
3.928	1.8255856371312193e-11
3.93	1.8214958944054047e-11
3.932	1.817418894246681e-11
3.934	1.813341894087957e-11
3.936	1.809264893929233e-11
3.938	1.8051878937705087e-11
3.94	1.801110893611785e-11
3.942	1.7970466505623195e-11
3.944	1.7929824075128548e-11
3.946	1.788918164463389e-11
3.948	1.7848539214139242e-11
3.95	1.7807896783644586e-11
3.952	1.7767382068651184e-11
3.954	1.7726867353657776e-11
3.956	1.7686352638664374e-11
3.958	1.764583792367097e-11
3.96	1.7605323208677563e-11
3.962	1.756493635372206e-11
3.964	1.7524549498766568e-11
3.966	1.7484162643811062e-11
3.968	1.744377578885557e-11
3.97	1.7403388933900066e-11
3.972	1.73631300848345e-11
3.974	1.7322871235768923e-11
3.976	1.7282612386703353e-11
3.978	1.7242353537637776e-11
3.98	1.7202094688572206e-11
3.982	1.71619639937989e-11
3.984	1.7121833299025607e-11
3.986	1.7081702604252298e-11
3.988	1.7041571909479005e-11
3.99	1.70014412147057e-11
3.992	1.6961438826461497e-11
3.994	1.692143643821729e-11
3.996	1.6881434049973094e-11
3.998	1.6841431661728886e-11
4.	1.6801429273484684e-11
4.002	1.676155534917562e-11
4.004	1.6721681424866554e-11
4.006	1.6681807500557475e-11
4.008	1.664193357624841e-11
4.01	1.6602059651939345e-11
4.012	1.6562314355527653e-11
4.014	1.652256905911594e-11
4.016	1.648282376270425e-11
4.018	1.6443078466292558e-11
4.02	1.6403333169880866e-11
4.021999999999999	1.6363716673325738e-11
4.024	1.632410017677059e-11
4.026	1.6284483680215463e-11
4.028	1.6244867183660335e-11
4.029999999999999	1.6205250687105204e-11
4.032	1.6165763171859077e-11
4.034	1.612627565661297e-11
4.036	1.6086788141366863e-11
4.037999999999999	1.6047300626120753e-11
4.04	1.600781311087463e-11
4.042	1.5968454769436582e-11
4.044	1.5929096427998534e-11
4.045999999999999	1.5889738086560487e-11
4.048	1.5850379745122423e-11
4.05	1.581102140368438e-11
4.052	1.5771792441212453e-11
4.053999999999999	1.5732563478740528e-11
4.056	1.5693334516268586e-11
4.058	1.565410555379666e-11
4.06	1.5614876591324736e-11
4.061999999999999	1.557577722730901e-11
4.064	1.553667786329327e-11
4.066	1.5497578499277544e-11
4.068	1.545847913526182e-11
4.069999999999999	1.5419379771246094e-11
4.072	1.5380410241244366e-11
4.074	1.5341440711242654e-11
4.076	1.5302471181240943e-11
4.077999999999999	1.5263501651239234e-11
4.08	1.5224532121237503e-11
4.082	1.518569267867544e-11
4.084	1.5146853236113374e-11
4.085999999999999	1.510801379355131e-11
4.088	1.5069174350989227e-11
4.09	1.5030334908427162e-11
4.092	1.4991625826464845e-11
4.093999999999999	1.4952916744502528e-11
4.096	1.4914207662540195e-11
4.098	1.4875498580577877e-11
4.1	1.483678949861556e-11
4.101999999999999	1.4798211072082733e-11
4.104	1.4759632645549884e-11
4.106	1.4721054219017057e-11
4.108	1.4682475792484226e-11
4.109999999999999	1.4643897365951396e-11
4.112	1.4605449913352985e-11
4.114	1.456700246075459e-11
4.116	1.4528555008156195e-11
4.117999999999999	1.44901075555578e-11
4.119999999999999	1.4451660102959405e-11
4.122	1.4413343968554102e-11
4.124	1.4375027834148816e-11
4.1259999999999994	1.4336711699743531e-11
4.127999999999999	1.4298395565338245e-11
4.13	1.4260079430932944e-11
4.132	1.4221894986886417e-11
4.1339999999999995	1.418371054283989e-11
4.135999999999999	1.4145526098793363e-11
4.138	1.4107341654746818e-11
4.14	1.4069157210700293e-11
4.1419999999999995	1.4031104859315745e-11
4.143999999999999	1.3993052507931201e-11
4.146	1.3955000156546639e-11
4.148	1.3916947805162093e-11
4.1499999999999995	1.3878895453777547e-11
4.151999999999999	1.38409756298058e-11
4.154	1.380305580583404e-11
4.156	1.3765135981862293e-11
4.1579999999999995	1.3727216157890546e-11
4.159999999999999	1.36892963339188e-11
4.162	1.36515095069503e-11
4.164	1.3613722679981815e-11
4.1659999999999995	1.357593585301333e-11
4.167999999999999	1.3538149026044843e-11
4.17	1.3500362199076342e-11
4.172	1.3462708876017688e-11
4.1739999999999995	1.3425055552959033e-11
4.175999999999999	1.3387402229900377e-11
4.178	1.3349748906841706e-11
4.18	1.3312095583783051e-11
4.1819999999999995	1.3274576311420303e-11
4.183999999999999	1.3237057039057554e-11
4.186	1.3199537766694791e-11
4.188	1.3162018494332042e-11
4.1899999999999995	1.3124499221969293e-11
4.191999999999999	1.3087114589621228e-11
4.194	1.3049729957273149e-11
4.196	1.3012345324925083e-11
4.1979999999999995	1.2974960692577021e-11
4.199999999999999	1.2937576060228955e-11
4.202	1.2900326702362093e-11
4.204	1.2863077344495248e-11
4.2059999999999995	1.28258279866284e-11
4.207999999999999	1.2788578628761555e-11
4.21	1.2751329270894692e-11
4.212	1.2714215870488297e-11
4.2139999999999995	1.2677102470081903e-11
4.215999999999999	1.2639989069675508e-11
4.218	1.2602875669269098e-11
4.22	1.2565762268862702e-11
4.2219999999999995	1.2528785559443536e-11
4.223999999999999	1.249180885002437e-11
4.226	1.2454832140605187e-11
4.228	1.2417855431186021e-11
4.2299999999999995	1.2380878721766856e-11
4.231999999999999	1.2344039491436698e-11
4.234	1.2307200261106522e-11
4.236	1.2270361030776365e-11
4.2379999999999995	1.2233521800446206e-11
4.239999999999999	1.2196682570116047e-11
4.242	1.2159981663873209e-11
4.244	1.2123280757630387e-11
4.2459999999999996	1.2086579851387563e-11
4.247999999999999	1.2049878945144742e-11
4.25	1.2013178038901902e-11
4.252	1.1976616362356647e-11
4.254	1.1940054685811392e-11
4.255999999999999	1.1903493009266138e-11
4.258	1.1866931332720867e-11
4.26	1.1830369656175612e-11
4.262	1.1793948178798165e-11
4.263999999999999	1.1757526701420722e-11
4.266	1.172110522404326e-11
4.268	1.1684683746665817e-11
4.27	1.1648262269288372e-11
4.271999999999999	1.161198202788884e-11
4.274	1.1575701786489295e-11
4.276	1.1539421545089762e-11
4.278	1.1503141303690232e-11
4.279999999999999	1.14668610622907e-11
4.282	1.1430723164618645e-11
4.284	1.1394585266946605e-11
4.286	1.1358447369274567e-11
4.287999999999999	1.1322309471602527e-11
4.29	1.1286171573930473e-11
4.292	1.1250177202398928e-11
4.294	1.1214182830867384e-11
4.295999999999999	1.1178188459335838e-11
4.298	1.114219408780428e-11
4.3	1.1106199716272734e-11
4.302	1.1070350131811643e-11
4.303999999999999	1.1034500547350552e-11
4.306	1.0998650962889446e-11
4.308	1.0962801378428354e-11
4.31	1.0926951793967263e-11
4.311999999999999	1.0891248340012234e-11
4.314	1.0855544886057186e-11
4.316	1.0819841432102156e-11
4.318	1.0784137978147124e-11
4.319999999999999	1.0748434524192095e-11
4.322	1.0712878630815207e-11
4.324	1.0677322737438335e-11
4.326	1.064176684406146e-11
4.327999999999999	1.060621095068459e-11
4.33	1.0570655057307702e-11
4.332	1.0535248245498092e-11
4.334	1.049984143368848e-11
4.335999999999999	1.046443462187887e-11
4.338	1.0429027810069243e-11
4.34	1.0393620998259633e-11
4.342	1.0358364884363086e-11
4.343999999999999	1.0323108770466538e-11
4.346	1.0287852656569974e-11
4.348	1.0252596542673427e-11
4.35	1.0217340428776881e-11
4.351999999999999	1.0182236729106102e-11
4.354	1.014713302943531e-11
4.356	1.0112029329764533e-11
4.358	1.0076925630093756e-11
4.359999999999999	1.0041821930422979e-11
4.362	1.0006872466052494e-11
4.364	9.971923001682022e-12
4.366	9.936973537311551e-12
4.367999999999999	9.902024072941082e-12
4.37	9.867074608570596e-12
4.372	9.832281310334428e-12
4.374	9.797488012098261e-12
4.3759999999999994	9.762694713862093e-12
4.377999999999999	9.727901415625925e-12
4.38	9.693108117389744e-12
4.382	9.658473031105359e-12
4.3839999999999995	9.623837944820974e-12
4.385999999999999	9.58920285853659e-12
4.388	9.554567772252191e-12
4.39	9.519932685967808e-12
4.3919999999999995	9.48545797791778e-12
4.393999999999999	9.45098326986775e-12
4.396	9.416508561817707e-12
4.398	9.382033853767676e-12
4.3999999999999995	9.347559145717649e-12
4.401999999999999	9.313247108431646e-12
4.404	9.27893507114563e-12
4.406	9.24462303385963e-12
4.4079999999999995	9.210310996573629e-12
4.409999999999999	9.175998959287627e-12
4.412	9.141852017684483e-12
4.414	9.107705076081355e-12
4.4159999999999995	9.073558134478225e-12
4.417999999999999	9.039411192875097e-12
4.42	9.005264251271953e-12
4.422	8.971284969247662e-12
4.4239999999999995	8.937305687223374e-12
4.425999999999999	8.903326405199084e-12
4.428	8.869347123174782e-12
4.43	8.835367841150492e-12
4.4319999999999995	8.801558928739132e-12
4.433999999999999	8.76775001632777e-12
4.436	8.733941103916395e-12
4.438	8.700132191505035e-12
4.4399999999999995	8.666323279093674e-12
4.441999999999999	8.632687600397183e-12
4.444	8.599051921700676e-12
4.446	8.565416243004186e-12
4.4479999999999995	8.531780564307694e-12
4.449999999999999	8.498144885611203e-12
4.452	8.464685467813586e-12
4.454	8.431226050015987e-12
4.4559999999999995	8.397766632218384e-12
4.457999999999999	8.364307214420785e-12
4.46	8.330847796623168e-12
4.462	8.297567840628816e-12
4.4639999999999995	8.264287884634464e-12
4.465999999999999	8.231007928640113e-12
4.468	8.197727972645746e-12
4.47	8.164448016651394e-12
4.4719999999999995	8.13135091035631e-12
4.473999999999999	8.098253804061226e-12
4.476	8.065156697766128e-12
4.478	8.032059591471044e-12
4.4799999999999995	7.998962485175961e-12
4.481999999999999	7.966051821488595e-12
4.484	7.933141157801216e-12
4.486	7.90023049411385e-12
4.4879999999999995	7.867319830426485e-12
4.489999999999999	7.83440916673912e-12
4.492	7.801688771928101e-12
4.494	7.768968377117099e-12
4.4959999999999996	7.736247982306096e-12
4.497999999999999	7.703527587495091e-12
4.5	7.670807192684074e-12
4.502	7.638281191548095e-12
4.504	7.605755190412118e-12
4.505999999999999	7.573229189276139e-12
4.508	7.540703188140145e-12
4.51	7.508177187004168e-12
4.512	7.475850118832332e-12
4.513999999999999	7.443523050660498e-12
4.516	7.411195982488647e-12
4.518	7.378868914316812e-12
4.52	7.346541846144976e-12
4.521999999999999	7.314418438362974e-12
4.524	7.282295030580957e-12
4.526	7.2501716227989545e-12
4.528	7.218048215016952e-12
4.529999999999999	7.1859248072349494e-12
4.532	7.154009811799234e-12
4.534	7.122094816363533e-12
4.536	7.090179820927832e-12
4.537999999999999	7.058264825492131e-12
4.54	7.026349830056415e-12
4.542	6.9946480197619114e-12
4.544	6.962946209467408e-12
4.545999999999999	6.931244399172904e-12
4.548	6.899542588878387e-12
4.55	6.867840778583883e-12
4.552	6.8363569471907674e-12
4.553999999999999	6.804873115797652e-12
4.556	6.773389284404521e-12
4.558	6.741905453011406e-12
4.56	6.71042162161829e-12
4.561999999999999	6.679160583998421e-12
4.564	6.647899546378539e-12
4.566	6.616638508758671e-12
4.568	6.585377471138802e-12
4.569999999999999	6.5541164335189335e-12
4.572	6.52308302582309e-12
4.574	6.492049618127259e-12
4.576	6.461016210431429e-12
4.577999999999999	6.429982802735598e-12
4.58	6.3989493950397545e-12
4.582	6.3681484748871185e-12
4.584	6.3373475547344826e-12
4.585999999999999	6.3065466345818475e-12
4.588	6.275745714429198e-12
4.59	6.244944794276562e-12
4.592	6.214381240967978e-12
4.593999999999999	6.1838176876593935e-12
4.596	6.153254134350796e-12
4.598	6.1226905810422114e-12
4.6	6.092127027733628e-12
4.601999999999999	6.061805742519651e-12
4.604	6.03148445730566e-12
4.606	6.001163172091683e-12
4.608	5.970841886877705e-12
4.609999999999999	5.940520601663728e-12
4.612	5.910446507923219e-12
4.614	5.880372414182723e-12
4.616	5.850298320442228e-12
4.617999999999999	5.820224226701732e-12
4.62	5.790150132961223e-12
4.622	5.7603281765489435e-12
4.624	5.730506220136665e-12
4.6259999999999994	5.7006842637243856e-12
4.628	5.670862307312094e-12
4.63	5.641040350899815e-12
4.632	5.6114755005161e-12
4.6339999999999995	5.581910650132384e-12
4.635999999999999	5.5523457997486694e-12
4.638	5.522780949364941e-12
4.64	5.493216098981226e-12
4.6419999999999995	5.463913346512029e-12
4.643999999999999	5.434610594042831e-12
4.646	5.405307841573621e-12
4.648	5.376005089104423e-12
4.6499999999999995	5.346702336635226e-12
4.651999999999999	5.317666697527728e-12
4.654	5.288631058420218e-12
4.656	5.259595419312722e-12
4.6579999999999995	5.230559780205224e-12
4.659999999999999	5.201524141097727e-12
4.662	5.1727606547324415e-12
4.664	5.143997168367169e-12
4.6659999999999995	5.115233682001896e-12
4.667999999999999	5.086470195636624e-12
4.67	5.057706709271338e-12
4.672	5.029220439520818e-12
4.6739999999999995	5.000734169770296e-12
4.675999999999999	4.972247900019776e-12
4.678	4.943761630269242e-12
4.68	4.915275360518721e-12
4.6819999999999995	4.887071396233891e-12
4.683999999999999	4.858867431949059e-12
4.686	4.830663467664216e-12
4.688	4.8024595033793844e-12
4.6899999999999995	4.774255539094554e-12
4.691999999999999	4.746338994666488e-12
4.694	4.718422450238409e-12
4.696	4.690505905810342e-12
4.6979999999999995	4.662589361382276e-12
4.699999999999999	4.6346728169542086e-12
4.702	4.607048832925155e-12
4.704	4.579424848896114e-12
4.7059999999999995	4.551800864867072e-12
4.707999999999999	4.524176880838031e-12
4.71	4.4965528968089774e-12
4.712	4.469226640536753e-12
4.7139999999999995	4.441900384264528e-12
4.715999999999999	4.414574127992304e-12
4.718	4.387247871720067e-12
4.72	4.359921615447842e-12
4.7219999999999995	4.332898281826823e-12
4.723999999999999	4.305874948205803e-12
4.726	4.2788516145847724e-12
4.728	4.251828280963753e-12
4.7299999999999995	4.224804947342734e-12
4.731999999999999	4.198089759586021e-12
4.734	4.171374571829297e-12
4.736	4.144659384072584e-12
4.7379999999999995	4.117944196315871e-12
4.739999999999999	4.0912290085591584e-12
4.742	4.064827218634931e-12
4.744	4.038425428710716e-12
4.7459999999999996	4.0120236387865e-12
4.747999999999999	3.985621848862285e-12
4.75	3.959220058938058e-12
4.752	3.9331369501781865e-12
4.754	3.907053841418315e-12
4.755999999999999	3.880970732658444e-12
4.758	3.854887623898561e-12
4.76	3.82880451513869e-12
4.762	3.803045400622907e-12
4.763999999999999	3.777286286107125e-12
4.766	3.75152717159133e-12
4.768	3.725768057075547e-12
4.77	3.700008942559764e-12
4.771999999999999	3.6745791679823045e-12
4.774	3.649149393404834e-12
4.776	3.6237196188273747e-12
4.778	3.598289844249916e-12
4.779999999999999	3.5728600696724567e-12
4.782	3.5477650142965126e-12
4.784	3.5226699589205806e-12
4.786	3.497574903544648e-12
4.787999999999999	3.4724798481687155e-12
4.79	3.4473847927927714e-12
4.792	3.422629869660185e-12
4.794	3.3978749465275983e-12
4.795999999999999	3.373120023395012e-12
4.798	3.348365100262414e-12
4.8	3.3236101771298276e-12
4.802	3.2992008360372567e-12
4.803999999999999	3.2747914949446858e-12
4.806	3.2503821538521047e-12
4.808	3.2259728127595334e-12
4.81	3.201563471666963e-12
4.811999999999999	3.1775051995211043e-12
4.814	3.153446927375235e-12
4.816	3.1293886552293763e-12
4.818	3.1053303830835178e-12
4.819999999999999	3.0812721109376592e-12
4.822	3.0575704336293797e-12
4.824	3.033868756321111e-12
4.826	3.0101670790128428e-12
4.827999999999999	2.986465401704574e-12
4.83	2.962763724396295e-12
4.832	2.9394242085157477e-12
4.834	2.9160846926352e-12
4.835999999999999	2.8927451767546526e-12
4.838	2.8694056608740952e-12
4.84	2.846066144993548e-12
4.842	2.8230943996844536e-12
4.843999999999999	2.80012265437536e-12
4.846	2.7771509090662556e-12
4.848	2.7541791637571617e-12
4.85	2.7312074184480673e-12
4.851999999999999	2.7086090974130463e-12
4.854	2.6860107763780145e-12
4.856	2.663412455342993e-12
4.858	2.6408141343079713e-12
4.859999999999999	2.6182158132729503e-12
4.862	2.5959966169430842e-12
4.864	2.573777420613228e-12
4.866	2.551558224283372e-12
4.867999999999999	2.5293390279535155e-12
4.87	2.5071198316236494e-12
4.872	2.485285509506769e-12
4.874	2.4634511873898883e-12
4.8759999999999994	2.4416168652730084e-12
4.878	2.419782543156118e-12
4.88	2.3979482210392376e-12
4.882	2.3765045742630803e-12
4.8839999999999995	2.355060927486923e-12
4.885999999999999	2.3336172807107652e-12
4.888	2.3121736339345986e-12
4.89	2.290729987158441e-12
4.8919999999999995	2.2696828712270573e-12
4.893999999999999	2.2486357552956737e-12
4.896	2.2275886393642807e-12
4.898	2.206541523432897e-12
4.8999999999999995	2.185494407501513e-12
4.901999999999999	2.164849735284928e-12
4.904	2.144205063068334e-12
4.906	2.123560390851749e-12
4.9079999999999995	2.102915718635164e-12
4.909999999999999	2.082271046418579e-12
4.912	2.0620347913990424e-12
4.914	2.041798536379515e-12
4.9159999999999995	2.0215622813599876e-12
4.917999999999999	2.0013260263404604e-12
4.92	1.9810897713209243e-12
4.922	1.9612679711200926e-12
4.9239999999999995	1.941446170919261e-12
4.925999999999999	1.9216243707184297e-12
4.928	1.901802570517589e-12
4.93	1.8819807703167575e-12
4.9319999999999995	1.8625795305364605e-12
4.933999999999999	1.843178290756164e-12
4.936	1.8237770509758587e-12
4.938	1.8043758111955619e-12
4.9399999999999995	1.784974571415265e-12
4.941999999999999	1.7660000698210813e-12
4.944	1.7470255682268896e-12
4.946	1.728051066632706e-12
4.9479999999999995	1.7090765650385224e-12
4.949999999999999	1.690102063444339e-12
4.952	1.6715605545336603e-12
4.954	1.6530190456229902e-12
4.9559999999999995	1.63447753671232e-12
4.957999999999999	1.61593602780165e-12
4.96	1.5973945188909716e-12
4.962	1.5792923388888184e-12
4.9639999999999995	1.5611901588866657e-12
4.965999999999999	1.5430879788845125e-12
4.968	1.5249857988823515e-12
4.97	1.5068836188801984e-12
4.9719999999999995	1.4892271912146271e-12
4.973999999999999	1.471570763549056e-12
4.976	1.453914335883477e-12
4.978	1.4362579082179057e-12
4.9799999999999995	1.4186014805523344e-12
4.981999999999999	1.4013973218706414e-12
4.984	1.3841931631889409e-12
4.986	1.3669890045072476e-12
4.9879999999999995	1.3497848458255548e-12
4.989999999999999	1.3325806871438615e-12
4.992	1.3158354139414732e-12
4.994	1.2990901407390928e-12
4.9959999999999996	1.2823448675367122e-12
4.997999999999999	1.2655995943343316e-12
5.	1.2488543211319435e-12
5.002	1.2325746570806365e-12
5.004	1.2162949930293295e-12
5.005999999999999	1.2000153289780225e-12
5.008	1.183735664926708e-12
5.01	1.1674560008754011e-12
5.012	1.1516487849556863e-12
5.013999999999999	1.1358415690359717e-12
5.016	1.1200343531162498e-12
5.018	1.1042271371965352e-12
5.02	1.0884199212768206e-12
5.021999999999999	1.073092116843752e-12
5.024	1.0577643124106766e-12
5.026	1.042436507977608e-12
5.028	1.0271087035445397e-12
5.029999999999999	1.0117808991114712e-12
5.032	9.969396040552614e-13
5.034	9.82098308999058e-13
5.036	9.672570139428546e-13
5.037999999999999	9.524157188866515e-13
5.04	9.375744238304415e-13
5.042	9.232268820379621e-13
5.044	9.088793402454829e-13
5.045999999999999	8.945317984530036e-13
5.048	8.80184256660518e-13
5.05	8.658367148680387e-13
5.052	8.519903292538332e-13
5.053999999999999	8.381439436396278e-13
5.056	8.242975580254163e-13
5.058	8.104511724112109e-13
5.06	7.966047867970054e-13
5.061999999999999	7.832671342641481e-13
5.064	7.699294817312851e-13
5.066	7.565918291984278e-13
5.068	7.432541766655704e-13
5.069999999999999	7.299165241327132e-13
5.072	7.170953729628583e-13
5.074	7.042742217930092e-13
5.076	6.914530706231598e-13
5.077999999999999	6.786319194533106e-13
5.08	6.658107682834557e-13
5.082	6.535140986771417e-13
5.084	6.412174290708275e-13
5.085999999999999	6.289207594645135e-13
5.088	6.166240898581939e-13
5.09	6.043274202518798e-13
5.092	5.9256344911521e-13
5.093999999999999	5.807994779785401e-13
5.096	5.690355068418651e-13
5.098	5.572715357051952e-13
5.1	5.455075645685253e-13
5.101999999999999	5.342847763500829e-13
5.104	5.230619881316354e-13
5.106	5.11839199913193e-13
5.108	5.006164116947505e-13
5.109999999999999	4.89393623476308e-13
5.112	4.787208102435462e-13
5.114	4.68047997010789e-13
5.116	4.573751837780318e-13
5.117999999999999	4.4670237054527466e-13
5.12	4.3602955731251275e-13
5.122	4.2591587483071965e-13
5.124	4.1580219234892655e-13
5.1259999999999994	4.056885098671334e-13
5.128	3.955748273853358e-13
5.13	3.8546114490354265e-13
5.132	3.7591620325063054e-13
5.1339999999999995	3.663712615977184e-13
5.136	3.5682631994480206e-13
5.138	3.4728137829188995e-13
5.14	3.377364366389778e-13
5.1419999999999995	3.287705150174006e-13
5.143999999999999	3.1980459339582345e-13
5.146	3.108386717742423e-13
5.148	3.018727501526651e-13
5.1499999999999995	2.929068285310879e-13
5.151999999999999	2.845310519263895e-13
5.154	2.761552753216874e-13
5.156	2.6777949871698896e-13
5.1579999999999995	2.5940372211229053e-13
5.159999999999999	2.510279455075921e-13
5.162	2.4325377179548474e-13
5.164	2.3547959808338106e-13
5.1659999999999995	2.2770542437127744e-13
5.167999999999999	2.1993125065917376e-13
5.17	2.1215707694706664e-13
5.172	2.0499606730723998e-13
5.1739999999999995	1.978350576674133e-13
5.175999999999999	1.9067404802758667e-13
5.178	1.835130383877568e-13
5.18	1.7635202874793015e-13
5.1819999999999995	1.69815843888201e-13
5.183999999999999	1.632796590284719e-13
5.186	1.5674347416873989e-13
5.188	1.5020728930901075e-13
5.1899999999999995	1.4367110444928164e-13
5.191999999999999	1.3777150505327846e-13
5.194	1.318719056572727e-13
5.196	1.2597230626126954e-13
5.1979999999999995	1.2007270686526635e-13
5.199999999999999	1.141731074692632e-13
5.202	1.0892195464485179e-13
5.204	1.0367080182044299e-13
5.2059999999999995	9.841964899603419e-14
5.207999999999999	9.31684961716254e-14
5.21	8.791734334721427e-14
5.212	8.332659907579639e-14
5.2139999999999995	7.873585480437851e-14
5.215999999999999	7.414511053296063e-14
5.218	6.955436626154071e-14
5.22	6.496362199012283e-14
5.2219999999999995	6.104534957673194e-14
5.223999999999999	5.712707716334107e-14
5.226	5.3208804749948443e-14
5.228	4.9290532336557556e-14
5.2299999999999995	4.5372259923166674e-14
5.231999999999999	4.213862444696675e-14
5.234	3.8904988970765397e-14
5.236	3.567135349456548e-14
5.2379999999999995	3.243771801836556e-14
5.239999999999999	2.920408254216564e-14
5.242	2.6667351306258083e-14
5.244	2.4130620070351962e-14
5.2459999999999996	2.1593888834445845e-14
5.247999999999999	1.9057157598539724e-14
5.25	1.6520426362632477e-14
5.252	1.469296933584591e-14
5.254	1.2865512309059343e-14
5.255999999999999	1.1038055282272777e-14
5.258	9.210598255485398e-15
5.26	7.383141228698831e-15
5.262	6.277431379554721e-15
5.263999999999999	5.17172153041061e-15
5.266	4.066011681266008e-15
5.268	2.9603018321218975e-15
5.27	1.8545919829777867e-15
5.271999999999999	1.4836735863822622e-15
5.274	1.1127551897865731e-15
5.276	7.418367931910489e-16
5.278	3.7091839659552444e-16
5.279999999999999	0.
5.282	0.
5.284	0.
5.286	0.
5.287999999999999	0.
5.29	0.
5.292	0.
5.294	0.
5.295999999999999	0.
5.298	0.
5.3	0.
5.302	0.
5.303999999999999	0.
5.306	0.
5.308	0.
5.31	0.
5.311999999999999	0.
5.314	0.
5.316	0.
5.318	0.
5.319999999999999	0.
5.322	0.
5.324	0.
5.326	0.
5.327999999999999	0.
5.33	0.
5.332	0.
5.334	0.
5.335999999999999	0.
5.338	0.
5.34	0.
5.342	0.
5.343999999999999	0.
5.346	0.
5.348	0.
5.35	0.